Energy (Eγ)         Effective solid angle (Ωeff)           Efficiency (εp)
60           1.242886              0.06905882
65           1.533828              0.08689783
70           1.802342              0.1041966
75           2.043587              0.1203187
80           2.256199              0.1348510
85           2.422853              0.1472378
90           2.566533              0.1577797
95           2.689006              0.1664934
100         2.791991              0.1734552
105         2.860816              0.1785423
110         2.918432              0.1822653
115         2.965835              0.1847702
120         3.003918              0.1862019
130         3.055245              0.1863981
140         3.077973              0.1838698
150         3.076780              0.1794676
160         3.065138              0.1743731
170         3.045892              0.1686641
180         3.020400              0.1626407
190         2.989806              0.1565148
200         2.955074              0.1504326
210         2.932123              0.1448335
220         2.908361              0.1394086
230         2.883980              0.1341930
240         2.859144              0.1292064
250         2.833987              0.1244579
275         2.770388              0.1136270
300         2.706761              0.1041980
325         2.664829              0.09622517
350         2.624274              0.08927448
375         2.585122              0.08319761
400         2.547364              0.07786368
425         2.516523              0.07319824
450         2.486846              0.06906226
475         2.458273              0.06537826
500         2.430744              0.06208150
550         2.381672              0.05645644
600         2.335929              0.05183188
650         2.293889              0.04797296
700         2.254445              0.04470411
750         2.217332              0.04189940
800         2.182322              0.03946491
850         2.148647              0.03732818
900         2.116723              0.03543608
950         2.086398              0.03374606
1000       2.057539              0.03222457
1050       2.029526              0.03084405
1100       2.002870              0.02958427
1150       1.977374              0.02842755
1200       1.952953              0.02735965
1250       1.929529              0.02636880
1300       1.907785              0.02544642
1350       1.886875              0.02458299
1400       1.866746              0.02377168
1450       1.847346              0.02300668
1500       1.828631              0.02228305
1550       1.812156              0.02159854
1600       1.796228              0.02094734
1650       1.780816              0.02032635
1700       1.765890              0.01973286
1750       1.751423              0.01916455
1800       1.737391              0.01861935
1835       1.727816              0.01825050