$SPEC_ID:
Shots [1, 2, 3, 4, 5, 7, 8, 9, 10, 11, 12, 13, 14, 15, 16, 17, 18, 19, 20, 21, 22, 23, 24, 25, 26, 27, 28, 29, 30, 31, 32, 33, 34, 35, 36, 37, 38, 39, 40, 41]
$MEAS_TIM:
211.00000 233.00000
$DATE_MEA:
08/24/2021 08:38:16
$DATA:
0 16383
0
0
0
0
0
0
0
0
0
0
0
0
0
0
0
0
0
0
0
0
0
0
0
0
0
0
0
0
0
0
0
0
0
0
0
0
0
0
0
0
0
0
0
0
0
0
0
0
0
0
666
663
631
634
641
633
648
625
604
608
611
610
580
594
574
562
573
537
501
503
493
485
504
492
464
477
476
451
479
454
430
451
469
460
436
439
442
435
434
453
421
419
406
411
366
420
407
429
398
379
422
365
400
420
348
373
365
374
348
351
381
376
375
361
370
334
369
370
363
314
351
335
305
331
339
335
345
342
365
360
317
339
306
331
309
324
324
301
317
285
315
287
314
295
293
329
308
283
290
291
303
281
285
245
332
312
273
288
317
295
284
290
301
290
278
271
291
277
301
264
292
293
271
290
273
281
269
266
294
281
252
268
307
279
274
283
255
273
267
261
279
253
248
235
245
241
248
231
257
242
230
238
239
255
236
254
258
240
290
266
258
245
236
246
249
223
243
258
268
239
257
237
245
216
217
240
216
231
229
225
202
215
233
220
215
235
260
218
209
230
240
229
228
231
228
251
222
227
218
243
234
218
234
196
196
204
241
229
230
245
242
223
221
195
215
209
212
207
237
197
225
219
230
232
243
252
213
224
213
244
249
226
258
255
255
213
224
216
196
208
232
202
217
212
215
218
222
203
199
215
198
246
221
190
217
204
212
212
230
218
225
208
209
193
224
214
211
221
207
259
253
269
238
231
224
201
222
245
221
243
225
233
213
204
225
223
234
245
219
232
222
206
228
215
214
255
224
246
257
302
452
664
654
580
415
348
344
370
366
313
286
273
236
220
240
217
216
193
241
220
229
205
218
212
215
220
186
235
220
226
215
216
234
239
244
230
219
209
201
208
221
268
296
304
267
256
257
261
235
252
228
204
235
214
225
208
232
241
276
278
285
285
257
216
226
216
226
235
215
216
223
217
240
229
257
247
252
278
286
275
239
231
218
250
231
241
319
391
387
349
308
237
240
229
244
225
252
251
237
227
227
207
218
210
223
223
224
265
209
195
202
218
222
233
235
249
238
243
224
240
215
221
203
224
203
210
326
407
547
624
620
516
305
259
229
222
230
216
213
192
212
200
206
212
214
174
209
228
272
332
484
522
500
403
276
247
256
241
282
233
227
210
214
184
182
195
209
197
235
230
209
215
191
204
244
241
240
301
285
326
395
385
338
301
239
254
240
211
211
239
218
229
219
210
229
222
214
215
182
182
200
211
258
248
257
277
260
266
289
252
217
182
204
194
187
183
186
213
199
199
203
214
209
189
214
220
251
284
228
260
226
199
171
181
207
193
194
198
202
217
233
216
191
191
186
198
196
223
217
246
222
219
215
190
188
262
269
327
293
253
199
209
195
181
196
181
196
190
195
211
254
300
310
300
290
303
254
231
205
161
192
192
176
154
150
183
166
203
209
189
196
174
187
185
184
207
204
184
207
179
199
187
207
186
201
218
171
209
205
175
177
203
193
189
202
183
197
239
229
196
190
182
198
210
205
185
192
190
215
172
191
196
183
201
221
231
202
199
188
200
180
205
187
223
236
250
357
418
451
358
291
217
240
297
428
672
831
730
543
367
319
250
215
194
193
218
177
179
165
194
191
192
167
171
198
152
176
204
195
186
206
191
199
226
236
242
241
206
187
178
200
173
218
223
207
184
214
179
162
182
162
192
191
194
181
217
238
255
318
311
243
218
210
178
190
166
163
170
215
216
220
295
309
343
285
252
230
211
166
175
167
143
159
192
179
174
176
191
185
224
171
199
179
174
172
171
169
156
147
192
179
195
210
216
204
196
186
190
172
210
177
169
164
167
181
183
196
235
246
223
224
221
219
244
186
183
142
191
132
177
194
181
182
176
160
183
172
160
179
162
177
154
167
159
196
219
264
231
239
220
185
181
173
175
166
165
169
198
184
190
196
208
256
266
303
309
260
224
146
163
142
193
198
177
176
164
148
152
177
159
149
183
173
180
187
212
213
204
181
181
179
163
194
221
281
388
439
496
483
510
395
290
213
205
167
178
170
201
167
176
154
174
192
174
192
164
178
175
170
154
150
147
145
133
149
152
176
218
211
182
165
193
183
193
188
222
186
187
169
186
147
154
128
162
181
149
211
147
154
176
154
161
158
154
164
169
160
128
146
132
157
139
143
158
166
153
151
158
185
149
162
166
164
176
213
277
322
345
251
207
168
174
204
269
283
362
385
390
328
236
201
171
148
136
151
164
181
185
149
172
156
141
168
159
176
206
151
188
169
175
174
207
241
230
183
199
198
170
141
163
163
176
144
196
137
147
112
130
147
144
144
140
162
152
148
131
126
141
149
130
124
136
138
149
153
157
158
141
171
165
156
161
146
148
131
154
139
148
165
172
131
156
148
143
136
145
164
154
159
146
129
142
159
155
135
146
156
227
271
277
290
265
227
245
261
262
285
247
229
158
171
152
131
159
123
139
152
150
171
153
158
155
139
136
154
163
143
132
119
144
126
154
163
156
165
169
157
176
260
417
731
1023
1189
1087
797
551
344
200
163
140
152
159
156
145
157
153
132
118
130
120
118
123
128
128
118
147
113
134
134
155
129
137
142
139
168
171
196
210
185
194
168
161
134
137
105
138
155
128
129
147
123
137
148
168
154
164
179
166
167
155
119
131
132
130
131
136
149
160
191
193
145
170
146
131
148
132
113
149
122
130
134
122
131
124
127
127
131
132
147
123
120
126
112
117
129
135
143
120
115
131
134
118
137
147
160
173
160
136
129
131
132
113
139
128
131
113
118
126
118
139
140
142
161
135
163
159
145
130
132
114
119
121
103
110
134
112
120
112
108
105
121
98
137
161
168
173
209
192
152
128
132
131
119
113
129
129
116
124
126
155
174
187
155
154
141
129
119
126
124
126
114
127
125
139
142
153
146
112
113
148
144
158
156
131
149
125
141
151
167
203
208
221
146
156
140
129
117
102
112
115
122
131
123
174
187
235
241
212
210
158
120
122
146
131
162
174
135
135
118
125
133
119
131
124
129
120
112
108
114
114
82
120
132
124
130
109
116
121
118
120
128
123
118
99
134
114
116
125
136
131
129
125
134
116
110
104
133
159
162
192
197
232
238
246
309
325
361
294
234
170
135
117
108
125
123
128
124
109
127
128
119
117
100
101
126
122
129
113
118
116
109
114
123
128
129
161
143
169
170
157
165
176
185
132
141
161
160
149
150
133
110
113
114
115
112
92
93
115
105
108
118
116
104
100
110
108
106
112
88
111
94
96
104
105
110
89
128
113
115
140
144
142
137
128
105
102
106
110
113
111
104
114
99
117
139
100
101
92
101
105
103
100
111
122
163
169
240
259
257
221
187
158
148
163
186
202
190
200
187
151
122
124
97
107
90
107
112
88
106
106
98
108
113
99
131
113
106
122
140
183
263
331
358
357
318
210
162
146
126
118
90
116
86
87
112
123
107
96
112
100
115
90
102
101
99
133
166
217
244
262
226
206
145
110
122
104
105
117
154
146
180
201
185
139
135
117
92
96
75
79
84
98
129
164
161
202
161
138
135
122
109
115
112
109
122
102
100
109
114
91
87
90
75
83
100
75
98
102
117
135
185
209
211
183
157
104
107
100
82
89
80
103
93
103
126
118
100
85
103
112
112
107
127
145
163
190
176
176
142
123
103
100
87
88
82
86
83
86
91
76
95
93
75
84
91
100
105
98
105
105
105
120
129
113
122
108
118
85
95
91
95
84
91
85
93
86
87
116
119
108
101
98
100
90
112
120
120
169
126
110
125
97
102
87
90
93
92
85
88
83
101
79
87
99
91
78
121
75
97
96
101
107
114
110
114
116
144
117
135
145
113
108
105
96
98
89
88
95
108
101
102
112
94
101
108
86
85
90
79
77
75
86
92
101
81
91
95
119
98
94
103
94
97
85
113
128
142
122
133
139
133
110
96
78
82
89
91
85
96
109
112
124
140
139
135
155
127
135
127
152
155
139
141
215
175
203
246
251
251
219
195
169
112
101
87
99
87
103
78
78
76
82
90
89
75
91
76
85
72
94
97
109
109
124
118
118
121
104
99
104
84
81
94
86
79
94
83
82
81
76
73
88
86
83
82
91
95
105
102
115
98
90
86
111
130
147
175
196
184
168
124
117
94
94
90
91
87
89
92
88
77
90
75
83
89
77
66
81
80
80
88
78
94
96
80
86
81
90
95
82
107
82
92
77
77
66
82
77
81
99
83
83
71
60
96
83
88
99
84
87
83
84
85
89
71
80
89
62
86
63
82
85
82
70
67
76
67
91
69
66
66
71
82
73
96
79
70
80
103
99
110
93
103
95
90
87
79
104
73
92
95
98
91
97
68
67
74
78
69
80
77
85
93
79
77
62
87
65
68
99
60
66
78
89
69
101
112
104
115
107
125
96
85
85
101
88
80
92
77
64
83
68
70
73
65
69
72
62
92
66
67
76
72
69
60
80
77
78
81
79
83
99
98
102
101
113
90
87
93
66
78
85
89
68
87
83
66
76
73
80
85
65
69
76
72
81
115
97
135
164
159
196
159
131
134
126
85
89
69
76
83
60
75
69
86
100
144
186
305
440
479
469
391
300
209
143
88
90
71
66
77
73
82
61
86
83
118
91
90
87
79
79
81
81
69
74
66
72
87
72
69
86
88
88
100
82
66
95
77
69
71
81
70
77
93
67
71
74
92
112
144
188
209
203
178
149
101
86
72
82
64
61
64
90
88
89
89
72
67
85
68
74
69
59
77
64
70
64
84
59
80
69
62
76
68
70
75
65
70
69
48
56
73
61
69
62
82
69
55
61
74
81
82
92
76
68
77
71
66
66
81
61
59
60
70
49
58
61
76
71
81
88
77
72
81
72
90
92
92
72
62
64
74
82
103
123
114
103
104
103
110
72
89
94
67
70
73
75
67
83
69
71
66
63
61
53
53
55
61
73
71
60
54
64
75
75
87
63
86
86
109
108
88
81
86
89
75
89
93
89
76
97
81
97
72
83
93
89
82
112
105
136
134
118
88
103
77
92
77
74
69
62
72
74
59
61
60
58
51
73
75
72
80
92
93
85
84
97
88
70
95
90
84
82
85
71
70
77
70
71
56
52
66
45
68
67
64
60
58
52
59
74
73
75
58
62
65
66
63
64
50
57
64
68
88
73
82
96
72
68
65
67
53
61
54
53
61
71
70
80
94
116
101
122
103
86
63
92
69
53
68
74
75
74
60
70
63
74
65
65
87
73
59
59
62
99
88
143
144
179
168
165
114
92
79
59
63
56
60
52
41
53
49
57
75
67
78
55
70
55
41
50
61
66
55
64
77
62
73
51
75
79
64
75
68
77
56
69
75
67
65
56
59
56
60
56
71
59
63
72
72
67
79
84
69
54
80
70
88
78
74
99
81
79
79
54
65
60
71
67
59
59
66
60
64
56
56
70
61
39
54
64
59
58
44
56
60
52
63
71
46
54
66
55
58
58
64
66
71
63
84
77
57
65
67
66
61
47
60
59
68
72
50
61
56
69
51
63
61
58
53
49
60
58
64
66
71
51
70
66
68
53
58
53
53
71
60
67
65
64
66
64
61
55
63
57
61
67
73
57
58
38
49
45
53
40
56
63
50
54
46
54
49
60
49
56
61
55
38
65
49
51
54
45
50
54
67
59
73
81
82
80
94
89
79
72
73
59
74
63
53
56
50
42
67
54
52
41
52
51
61
55
49
60
58
49
61
47
57
59
68
84
60
64
66
66
60
61
54
48
43
56
48
62
63
66
64
63
68
51
61
66
77
60
77
78
61
69
73
66
57
61
54
60
47
74
60
81
64
90
71
78
74
73
65
71
62
58
81
80
75
73
85
70
60
65
70
52
57
69
80
77
101
108
121
123
151
146
190
187
212
243
221
278
252
282
271
240
212
189
193
183
154
122
144
124
107
90
86
91
82
69
87
63
86
94
89
99
104
90
91
55
59
46
44
75
56
50
52
53
58
51
52
62
48
66
60
75
61
66
54
63
41
52
53
62
53
52
49
49
61
63
44
47
61
64
65
48
55
60
54
56
51
60
49
75
69
48
57
65
64
46
61
62
51
34
35
38
55
54
64
65
64
78
67
65
56
47
49
49
43
52
50
56
53
54
54
52
38
58
59
49
49
53
43
50
43
45
46
50
56
42
56
57
61
52
56
75
88
92
109
92
77
73
65
52
47
44
65
42
39
45
50
54
44
54
46
50
71
61
64
68
74
57
58
66
102
120
156
161
152
156
124
110
94
62
66
61
57
54
54
61
56
57
44
45
47
48
50
43
54
52
42
51
62
56
48
50
45
43
51
50
54
47
53
66
59
51
60
40
55
48
52
43
49
42
38
58
50
45
42
43
48
55
48
44
53
50
57
51
50
55
43
40
39
64
49
58
90
52
63
56
51
71
61
50
61
50
53
58
69
76
60
58
72
60
69
64
40
49
41
55
52
42
51
46
40
56
43
48
44
65
45
56
56
54
61
67
61
70
80
87
77
73
58
49
54
38
59
50
39
43
49
43
48
53
38
50
54
48
52
39
58
40
49
56
30
49
56
45
38
46
54
56
50
65
56
47
39
44
44
49
51
42
34
44
51
54
53
45
47
32
43
49
36
35
46
55
45
51
35
43
39
48
53
51
41
34
51
55
36
51
52
51
59
60
46
54
50
55
58
60
70
67
59
69
64
51
57
53
48
48
45
61
46
51
46
43
51
53
56
56
56
68
64
69
56
53
62
50
53
60
50
58
58
81
57
75
56
55
48
51
67
47
38
44
53
55
42
40
42
48
54
60
65
62
63
68
99
117
165
200
196
197
159
142
107
76
79
75
55
53
46
53
49
47
55
40
49
39
46
46
50
40
57
52
51
64
44
58
53
48
49
49
52
43
48
39
51
45
50
51
52
47
45
33
44
50
59
53
48
41
53
54
52
49
37
68
76
94
148
224
270
339
317
310
281
223
175
123
103
96
79
76
91
69
52
52
55
61
37
44
49
42
38
47
44
38
47
48
36
40
70
58
75
62
63
69
64
66
76
57
51
50
37
42
40
44
38
47
38
39
47
45
45
49
67
60
79
81
52
50
58
47
44
28
43
49
45
47
40
37
38
37
40
39
36
46
45
41
40
34
37
44
45
60
49
35
49
48
48
45
36
45
44
57
51
46
60
55
58
55
78
72
78
66
76
65
69
56
60
40
40
37
42
25
34
44
44
38
45
50
50
51
54
52
44
57
56
53
49
46
56
50
36
44
38
40
35
50
42
56
45
39
34
46
37
48
53
48
58
55
60
54
47
40
39
46
48
37
37
52
50
54
36
51
47
37
36
35
40
48
42
37
60
40
52
51
55
57
38
53
41
60
39
36
37
36
44
53
38
30
41
48
47
46
40
29
41
51
52
43
38
49
48
66
53
50
50
52
55
63
48
57
43
47
45
55
47
50
63
65
61
65
71
63
74
53
48
54
39
49
48
43
43
50
61
56
62
38
39
37
52
55
43
42
30
31
27
37
27
39
29
45
35
29
28
33
39
44
40
52
49
48
67
51
46
59
46
58
50
57
45
58
44
45
39
47
41
42
51
64
40
37
50
34
47
49
48
39
40
40
40
37
37
28
34
37
41
35
36
36
32
44
31
42
53
52
38
39
39
42
40
51
38
48
33
40
45
29
41
46
35
40
33
39
50
31
31
49
58
38
49
37
44
34
49
50
42
38
46
34
39
46
50
30
37
35
36
39
40
42
38
37
42
43
46
34
40
56
38
35
48
53
39
47
38
36
38
44
44
38
48
48
44
41
45
53
51
33
33
36
28
39
37
32
43
38
44
37
45
49
29
45
35
31
38
40
40
32
38
35
34
37
35
40
26
31
39
33
38
22
33
31
36
38
43
48
36
40
41
36
33
32
35
38
43
44
60
63
78
105
98
113
95
79
65
60
51
57
46
55
43
36
37
45
41
38
29
33
40
30
35
45
49
41
48
41
35
46
47
46
48
41
43
43
41
46
35
54
23
37
35
20
38
43
47
32
38
43
45
40
63
48
50
57
83
105
129
162
147
153
120
119
90
89
56
47
38
43
50
33
36
33
34
38
47
47
32
37
40
39
29
29
35
35
35
38
36
39
40
41
50
50
46
47
38
43
50
58
37
30
36
43
34
54
45
38
33
40
44
35
24
29
35
23
37
41
33
39
42
43
34
46
34
62
73
83
71
69
67
57
60
64
36
38
21
31
31
38
39
36
38
30
42
35
31
35
31
35
26
43
36
29
40
35
38
25
37
34
31
27
34
36
37
37
26
32
49
41
34
31
41
45
45
43
43
31
51
37
43
45
38
60
36
35
42
40
36
48
34
34
32
37
43
60
77
103
116
137
149
138
138
92
87
56
59
40
39
38
31
38
34
37
36
25
51
32
33
47
46
29
31
32
37
37
33
36
32
23
39
36
39
29
42
43
35
39
30
40
45
42
49
43
45
52
56
51
44
46
33
50
34
36
48
49
55
68
39
50
46
39
37
38
44
40
33
34
41
33
42
41
43
35
38
45
41
35
42
26
37
38
33
39
27
30
31
29
24
30
27
34
43
53
55
55
59
56
46
39
52
38
31
33
33
48
30
33
34
39
26
34
27
29
25
27
25
38
32
39
39
31
15
36
23
32
32
29
31
32
29
40
38
35
32
39
45
41
37
20
31
35
35
30
35
37
36
43
33
27
34
34
36
26
33
31
28
32
40
28
39
38
33
31
29
36
26
25
31
27
35
26
39
30
28
31
36
31
35
30
35
40
36
38
31
35
46
37
47
34
39
26
27
43
32
39
37
36
33
34
29
41
34
21
41
29
33
34
20
33
28
32
35
26
39
35
30
39
36
49
39
42
54
53
43
41
45
45
29
32
43
46
27
28
41
27
39
27
41
35
36
39
29
31
34
24
29
34
37
44
46
41
40
32
47
49
48
46
52
45
53
37
44
34
37
30
27
35
26
34
43
28
39
28
32
37
27
28
31
38
33
40
38
43
43
53
46
53
56
37
57
36
34
31
30
28
38
37
48
33
39
35
34
34
34
28
38
28
43
28
36
34
30
42
29
25
29
30
28
50
42
55
40
66
60
68
74
51
57
68
40
46
27
35
42
25
38
36
28
33
28
27
26
24
38
31
32
29
42
37
56
35
35
36
55
50
60
67
52
42
26
37
34
35
31
37
27
38
26
33
28
23
40
29
32
25
31
24
43
44
62
46
55
51
59
36
39
43
40
33
39
34
35
41
32
29
38
32
48
28
33
35
38
29
24
28
31
32
30
21
30
37
45
50
44
61
75
78
76
75
70
44
41
47
32
27
24
24
41
29
30
22
28
41
28
27
30
32
37
36
31
31
24
38
41
32
23
31
21
26
28
41
34
29
35
35
27
31
27
42
24
29
33
26
32
26
32
30
24
40
33
34
45
48
58
51
64
61
58
46
59
29
41
21
20
36
30
23
31
32
33
25
26
33
37
31
22
23
34
35
39
32
32
33
34
25
30
27
27
21
27
32
20
25
41
30
41
26
31
18
20
27
29
30
33
17
46
34
40
27
36
31
27
27
26
38
30
34
25
32
21
35
38
37
31
42
31
46
74
72
95
87
98
69
51
54
51
38
20
32
23
27
28
24
38
31
36
35
43
42
37
43
40
30
33
41
40
46
51
39
52
39
35
37
25
36
28
38
40
54
48
53
49
56
60
34
41
43
29
26
21
37
29
43
41
31
19
42
32
40
37
33
25
36
35
46
59
51
50
61
77
67
51
51
34
41
35
36
32
30
30
26
21
36
40
24
35
36
28
27
18
29
37
23
22
31
27
30
20
24
16
27
28
20
28
24
28
25
25
21
36
18
23
37
26
28
27
33
32
29
26
23
25
23
25
25
23
22
29
30
29
32
17
35
32
23
35
24
26
32
31
24
24
25
27
28
29
26
28
37
41
24
20
28
28
32
23
29
20
29
31
30
26
34
21
21
30
29
22
26
19
32
27
26
33
24
29
21
29
35
17
23
23
26
27
19
24
29
20
21
33
25
31
28
25
28
38
33
43
33
37
29
23
37
40
31
26
24
27
22
30
27
30
37
26
24
22
34
25
21
20
28
24
38
26
48
47
53
49
41
68
52
59
39
33
28
28
26
29
29
21
29
34
29
29
25
29
37
25
39
47
41
28
29
31
34
26
26
29
23
33
28
22
31
22
31
21
29
29
35
27
35
36
37
37
30
36
15
21
28
32
25
19
23
32
22
24
29
35
55
41
61
61
61
61
48
31
38
31
34
34
31
29
30
22
29
27
34
28
29
23
34
18
28
29
40
35
31
32
25
27
36
34
37
33
31
36
41
43
49
34
39
29
38
30
27
25
15
23
22
25
28
34
39
40
43
41
43
34
32
34
39
35
34
24
21
26
24
25
21
30
17
31
30
25
26
24
21
25
26
27
33
18
19
30
27
28
27
31
30
18
38
27
36
35
29
27
25
21
20
24
37
39
47
41
63
53
47
32
40
27
30
19
33
22
33
29
25
19
38
39
42
32
35
31
34
38
33
29
26
35
25
25
30
29
27
20
27
28
31
28
34
30
29
27
22
23
22
26
39
20
29
35
24
30
31
37
43
47
48
45
59
55
38
38
22
29
30
26
24
25
30
25
24
27
17
29
39
25
25
21
21
16
25
21
25
25
30
18
33
30
40
34
24
41
29
24
27
24
30
24
26
21
22
25
35
24
41
29
31
35
29
21
27
14
30
29
35
30
34
23
28
25
24
27
24
29
39
37
26
31
25
32
33
24
32
26
26
21
28
28
19
24
25
21
33
20
34
20
19
30
32
24
22
29
23
39
31
21
20
11
32
26
27
22
26
25
27
18
33
27
18
18
17
24
27
31
19
28
21
33
29
32
36
45
35
40
42
36
35
47
20
29
28
16
27
23
26
33
26
30
24
18
23
21
27
35
21
31
23
36
37
37
33
41
31
31
32
25
26
27
24
36
33
24
20
27
28
34
32
29
33
27
32
25
38
36
34
44
35
54
43
45
38
33
21
29
26
17
24
27
28
28
20
24
16
28
27
19
24
25
28
28
31
19
26
24
15
24
22
21
26
21
20
23
18
22
21
27
24
23
24
28
31
19
21
22
21
28
22
19
17
19
22
35
22
25
22
34
28
26
20
26
19
21
20
18
26
34
24
23
31
24
37
21
29
39
41
36
34
38
25
30
31
20
25
26
22
25
26
25
26
27
25
25
30
28
25
35
42
45
69
85
101
122
121
101
85
87
69
54
47
28
27
22
20
25
28
32
22
21
27
20
23
17
21
38
25
32
36
27
28
22
35
29
35
42
30
36
21
21
18
21
28
16
22
22
16
17
26
20
26
27
23
18
28
30
26
21
33
24
17
21
29
23
23
20
30
28
23
31
23
33
25
28
30
33
30
36
31
32
37
38
34
33
41
22
15
27
26
27
30
27
33
22
25
26
41
36
38
27
32
30
27
18
30
29
27
29
22
28
22
32
29
18
17
28
28
26
23
21
32
18
14
31
16
21
25
20
18
24
21
22
23
29
22
27
19
21
36
15
29
33
33
21
35
26
21
24
21
22
25
23
24
20
22
21
21
25
17
17
12
18
25
18
22
23
21
24
30
24
20
19
15
26
31
14
22
28
19
21
29
20
25
25
21
18
37
27
28
35
40
29
31
27
24
31
36
23
28
38
41
39
26
29
34
20
23
23
21
18
25
21
22
19
19
22
32
24
27
24
22
23
26
25
21
28
27
35
28
35
25
23
14
29
24
18
17
22
22
22
16
28
16
22
28
21
25
26
26
20
28
18
34
32
30
26
44
43
39
31
29
26
23
28
25
23
22
30
20
27
23
29
34
35
23
22
26
22
20
17
12
16
20
19
15
18
23
36
29
17
14
26
18
25
18
18
14
30
21
23
23
22
22
26
28
15
20
17
17
18
17
14
31
20
12
23
20
17
13
13
20
21
27
18
20
25
28
27
24
23
28
16
24
15
26
16
27
13
26
22
25
41
23
26
33
27
20
31
32
26
29
37
24
37
23
28
18
23
19
17
26
21
18
19
18
25
28
15
25
16
26
24
21
16
27
25
22
20
23
15
15
23
20
25
15
19
18
21
14
31
32
26
20
17
19
24
30
27
21
16
17
27
26
17
12
31
20
25
22
21
19
27
16
27
21
27
22
26
20
22
27
22
21
23
22
20
16
23
17
24
17
24
9
27
18
18
22
17
22
20
26
17
29
21
27
33
34
27
29
23
27
16
23
15
19
25
19
26
27
23
11
19
22
23
26
19
19
24
20
29
32
26
21
22
19
17
31
21
28
26
29
25
24
17
25
24
18
22
23
23
14
19
18
16
26
27
16
20
20
17
25
23
17
24
24
18
22
20
23
28
19
18
21
24
13
12
24
18
21
24
23
27
22
17
24
14
21
20
18
17
20
17
26
25
29
18
31
32
37
28
23
35
29
31
31
19
17
35
24
23
28
23
20
18
30
15
31
15
23
26
19
23
17
15
17
17
22
18
24
20
24
28
16
16
22
23
27
16
25
23
20
23
31
21
20
21
21
12
11
22
12
18
20
18
28
15
19
26
20
23
14
15
20
18
14
25
27
15
23
34
24
29
21
25
32
28
23
18
18
23
19
26
21
19
24
36
33
38
36
52
64
52
40
41
44
27
26
19
26
20
20
18
17
26
17
13
15
11
25
20
18
12
28
27
22
14
11
23
20
22
21
37
23
18
27
23
17
21
18
22
17
22
20
12
14
11
20
19
23
16
17
31
21
23
33
22
21
27
14
17
27
19
21
23
15
11
20
20
18
15
19
16
30
16
19
25
22
25
14
24
20
18
20
21
19
23
25
12
19
24
32
22
22
16
15
26
20
22
11
27
30
17
19
20
26
19
15
25
31
25
28
19
27
23
25
31
24
21
19
27
23
25
24
16
26
25
17
26
30
14
22
26
23
17
23
21
29
29
21
19
19
30
24
20
21
23
15
13
22
20
24
14
18
21
26
26
27
25
29
18
21
28
14
22
24
22
28
23
22
22
25
21
19
25
23
23
25
24
22
20
23
20
30
23
26
19
22
18
23
18
19
23
24
16
21
18
18
29
22
26
23
23
14
19
19
20
18
13
35
31
33
33
29
26
32
24
20
18
19
20
20
22
22
17
20
23
14
22
21
23
22
26
23
25
18
22
17
14
21
17
18
11
19
21
23
13
18
14
11
20
21
22
21
20
15
21
14
21
21
17
27
18
26
30
21
34
29
30
29
20
22
22
27
18
21
14
19
29
14
17
15
17
18
25
30
22
35
18
16
19
18
25
20
14
24
20
22
15
23
21
25
21
23
19
20
16
27
14
17
13
23
19
18
15
22
21
16
21
12
25
27
16
19
22
13
23
23
21
20
15
18
25
20
27
20
20
31
13
28
33
16
18
11
18
17
19
10
16
18
18
13
12
18
23
26
18
13
15
28
15
21
28
21
20
16
21
14
17
21
25
22
18
15
22
21
12
18
23
19
25
31
15
23
23
23
13
15
22
14
16
18
24
10
16
20
19
23
17
15
11
12
12
18
22
22
15
16
17
26
22
22
20
24
21
20
21
17
26
21
16
23
14
21
19
16
20
20
20
14
15
16
15
21
12
22
15
29
25
23
21
26
19
18
15
21
15
19
20
22
22
24
19
20
15
16
18
10
19
18
17
18
15
17
26
14
16
16
15
27
10
21
17
22
12
23
17
20
19
15
25
18
21
18
21
17
15
22
13
25
11
13
26
21
13
20
15
17
18
20
21
24
24
20
28
21
28
19
25
24
25
21
14
27
24
24
22
35
22
27
22
16
23
18
20
17
23
15
28
24
22
18
21
19
35
21
30
24
33
35
19
35
22
24
13
21
21
27
21
24
24
19
28
36
30
32
28
25
27
26
19
22
17
18
19
19
12
18
20
20
31
23
18
23
16
27
15
15
24
24
19
27
18
32
32
19
21
12
8
24
16
16
16
17
18
20
19
15
22
16
12
19
21
16
18
19
16
17
22
17
20
16
20
19
27
30
18
16
17
25
18
19
19
16
29
20
17
22
27
21
20
21
24
20
12
20
19
20
14
18
14
29
21
16
21
17
10
20
22
19
21
26
18
26
12
21
22
25
22
20
12
18
24
20
19
32
39
24
46
32
28
26
25
23
26
15
21
14
21
18
14
23
22
17
22
19
21
18
15
19
19
16
25
14
12
13
26
16
21
19
14
12
10
23
16
17
15
13
14
14
18
14
10
18
22
21
10
16
21
16
14
11
20
14
14
13
18
24
17
17
17
16
15
20
20
30
23
14
21
8
14
16
20
11
20
15
17
14
15
14
26
18
20
12
13
15
14
14
26
14
13
14
12
17
12
16
17
15
16
14
10
17
10
26
13
17
15
21
20
15
19
24
15
10
11
21
25
21
16
14
20
12
13
16
12
16
23
19
22
20
13
14
28
17
12
18
13
16
15
18
12
12
10
18
10
16
20
15
15
24
18
19
18
16
23
11
17
14
18
20
15
19
25
19
20
12
12
12
6
16
14
18
17
15
14
11
17
14
17
10
6
16
12
12
13
13
15
11
16
12
20
12
11
15
16
9
13
11
21
25
20
19
10
11
10
13
20
19
12
28
17
19
12
19
12
20
15
20
19
17
16
24
22
17
14
19
17
32
19
14
20
18
13
26
12
11
19
11
17
20
11
11
13
19
11
14
17
18
20
16
19
19
20
15
13
16
14
26
20
19
19
17
22
23
18
20
16
16
11
16
16
18
14
16
16
20
14
16
22
17
11
21
23
10
4
10
10
15
22
18
17
17
27
21
14
22
14
12
14
17
12
20
13
17
22
16
15
12
12
15
12
14
15
11
16
21
8
17
8
16
17
18
17
14
9
12
9
18
22
16
19
15
7
22
7
17
10
11
16
16
12
11
15
18
12
16
18
14
17
18
24
19
19
11
17
11
10
14
19
19
16
11
12
17
15
15
17
12
15
11
11
19
12
16
19
20
16
20
14
16
14
18
15
19
19
20
13
15
14
14
15
18
12
8
13
18
19
15
13
14
14
17
11
20
24
19
21
20
13
18
15
11
9
12
11
9
20
22
17
17
22
23
17
28
21
19
24
17
20
21
15
17
18
15
15
19
14
24
19
19
37
29
47
34
38
46
49
39
38
40
27
27
29
26
23
29
24
26
36
22
22
18
6
17
19
12
12
12
16
19
21
11
11
11
11
17
14
16
7
16
14
18
23
14
29
25
26
29
23
23
30
18
19
23
12
23
13
12
16
22
12
20
13
13
10
16
20
14
10
20
12
10
12
16
14
17
12
7
11
14
15
19
13
10
8
14
10
12
14
16
16
11
11
12
11
10
14
13
16
20
9
12
12
17
14
14
15
13
14
16
21
8
11
16
17
19
12
13
13
14
16
13
12
10
16
13
7
16
9
8
18
12
10
15
7
12
12
10
20
15
13
6
14
8
13
12
13
18
14
13
14
19
16
12
9
10
7
10
14
11
14
16
7
10
15
10
25
9
13
9
14
13
9
18
9
13
7
12
11
9
11
15
9
18
10
14
11
7
9
13
19
19
12
10
11
7
10
7
14
12
10
12
12
13
8
5
9
16
13
12
12
11
11
22
10
10
14
10
12
18
17
14
13
12
14
12
14
7
13
17
17
8
12
17
12
11
16
10
14
13
16
16
7
14
11
5
4
15
12
12
13
19
13
17
13
16
18
18
15
15
17
14
14
9
18
14
21
18
13
13
10
7
12
10
15
8
16
15
17
13
16
13
12
13
16
13
11
12
15
8
20
11
14
11
11
10
14
12
11
14
10
16
6
10
15
13
11
11
9
13
12
12
13
9
13
14
16
14
7
11
11
9
11
13
19
11
11
13
20
13
12
16
9
14
11
11
7
10
18
16
16
12
15
15
15
15
16
7
13
15
23
20
14
13
14
13
16
9
8
18
11
10
9
15
17
15
16
14
12
10
17
16
20
13
17
8
7
16
16
9
10
12
12
9
9
19
13
11
14
12
14
9
12
11
16
12
12
18
16
14
11
12
12
15
8
16
17
20
15
18
16
16
10
12
12
11
14
23
8
14
13
17
11
12
14
10
16
6
10
11
17
12
20
6
14
15
15
13
14
16
15
15
17
10
11
12
9
14
10
13
9
13
13
8
13
10
13
14
12
17
10
9
15
13
16
7
10
12
12
8
6
15
14
8
7
6
17
5
12
14
11
5
17
16
10
12
11
13
11
8
9
11
12
12
15
14
18
9
20
17
16
8
17
13
19
11
10
12
14
17
10
8
9
16
15
9
17
25
17
23
21
29
23
35
24
22
29
19
15
10
10
9
17
18
11
7
13
12
13
12
9
13
10
4
12
12
10
20
14
18
16
16
13
19
11
14
14
16
12
14
9
12
13
10
12
16
12
11
17
15
19
10
11
14
12
22
14
9
12
9
14
10
14
10
13
21
28
34
37
54
67
109
150
162
171
181
140
134
126
77
55
51
32
20
14
17
15
14
8
12
9
14
15
18
24
24
20
25
15
19
16
17
17
12
12
13
10
8
15
12
16
12
10
6
14
16
26
20
11
12
13
7
9
12
12
20
10
13
10
13
18
9
11
11
8
16
15
12
11
8
23
10
12
13
12
11
8
6
21
7
9
12
11
17
14
7
10
17
13
12
10
15
10
10
12
10
10
16
13
7
13
11
15
12
13
11
13
8
9
14
22
11
15
15
12
17
18
9
11
14
8
14
14
15
9
15
18
7
10
10
11
8
7
12
16
19
13
13
16
11
13
8
14
9
11
12
9
8
12
9
9
13
12
9
12
14
14
14
7
15
17
8
12
10
12
15
15
23
17
27
32
33
33
39
39
49
43
35
33
31
17
19
16
7
5
9
17
8
12
11
11
14
10
10
7
13
12
10
12
9
8
11
10
15
11
10
11
13
11
14
9
15
12
7
13
10
11
18
6
9
11
12
10
13
6
11
7
9
9
11
13
15
8
7
8
10
7
10
6
9
9
10
12
11
13
10
10
10
8
7
6
15
19
16
16
12
3
8
11
10
9
9
9
14
15
13
7
12
12
10
11
14
6
4
4
12
9
9
9
9
9
9
12
15
15
10
11
16
7
9
11
10
11
10
17
13
10
12
11
13
11
14
8
13
7
16
14
10
10
4
9
9
13
7
12
12
7
13
8
12
13
14
16
20
21
18
13
14
16
7
8
7
12
9
6
11
11
8
9
14
8
10
6
7
14
14
14
18
12
11
14
15
7
10
11
8
9
9
9
14
11
9
16
12
7
13
10
5
7
9
13
12
4
7
11
11
12
9
9
8
10
11
9
15
14
19
8
11
13
11
7
9
11
10
14
11
13
16
13
10
16
21
8
10
12
8
17
12
7
13
8
14
8
14
3
14
7
11
12
13
9
11
12
12
7
9
15
8
8
15
17
12
18
12
13
13
6
10
10
12
13
9
8
16
17
11
13
11
14
8
11
11
6
8
3
5
10
9
13
6
14
6
12
9
9
6
14
15
9
14
13
12
11
9
3
10
13
14
11
17
10
12
10
11
12
9
11
8
12
13
7
8
10
16
18
13
11
22
9
12
16
15
8
19
11
8
9
10
6
11
6
14
7
12
12
9
10
13
7
11
6
8
13
13
8
17
7
14
7
11
14
18
13
7
18
10
9
8
12
15
7
12
7
16
14
10
18
15
4
9
15
8
13
11
6
9
7
10
6
13
12
5
9
9
15
11
12
12
7
15
11
13
6
8
9
9
10
11
13
13
15
12
12
12
14
9
11
10
11
10
10
12
12
8
2
12
13
10
10
12
6
7
12
11
12
9
9
4
4
13
14
5
16
6
6
10
9
6
10
8
7
13
11
11
9
7
8
5
6
11
9
10
8
9
11
13
7
12
9
7
13
10
6
12
9
14
11
10
9
8
11
15
11
7
14
6
6
7
7
9
9
10
12
8
11
5
10
9
9
15
15
9
13
12
7
7
15
12
5
7
9
18
9
6
11
12
5
12
4
16
9
14
7
4
8
11
6
7
12
18
7
12
15
12
22
21
15
19
22
16
15
17
19
9
7
9
5
10
17
8
7
9
11
12
13
6
8
7
11
11
11
10
7
8
12
7
12
6
8
7
9
10
9
9
10
11
6
8
6
13
6
11
9
8
7
5
12
7
12
10
12
21
4
6
7
3
6
12
13
10
13
11
11
6
9
9
7
9
11
11
9
13
11
13
14
16
7
12
6
13
13
11
8
8
8
5
3
11
11
4
8
13
14
12
12
6
11
6
9
11
9
8
4
6
9
7
12
12
9
11
8
4
6
13
13
8
12
7
9
10
13
10
13
8
12
9
6
12
7
12
14
6
6
9
11
12
10
10
8
10
12
9
11
8
11
16
12
5
9
13
6
9
6
12
10
3
9
11
6
11
9
10
13
12
6
12
12
9
7
6
7
11
11
6
11
12
11
7
7
13
5
17
7
10
6
7
10
8
5
5
14
9
9
11
7
8
8
5
11
6
13
7
6
6
5
11
13
10
8
10
8
14
13
10
10
11
9
5
5
9
6
10
5
11
7
10
13
11
10
4
7
9
11
12
7
13
10
12
7
5
8
9
12
11
11
8
13
8
10
12
10
5
12
11
9
17
12
10
15
7
15
11
13
8
11
7
8
11
8
7
10
8
5
4
10
13
6
10
2
8
6
10
14
6
5
7
12
15
9
7
12
8
11
10
5
7
11
6
9
11
14
12
6
4
16
9
5
9
6
11
13
11
13
8
9
11
7
7
10
12
6
8
11
10
9
7
8
7
9
12
14
10
8
11
5
13
9
4
10
10
14
16
12
8
9
8
12
9
16
12
12
12
6
10
14
10
5
18
13
20
11
17
9
13
13
8
9
9
6
6
7
3
11
4
12
6
13
10
8
15
5
10
9
7
10
7
10
5
6
15
13
8
11
15
13
11
17
6
3
9
8
5
6
9
6
11
9
8
6
16
7
12
12
4
6
8
4
3
8
7
4
10
11
10
15
11
14
10
5
11
12
10
16
12
10
6
8
7
9
13
6
10
6
7
9
12
11
13
10
8
11
13
7
13
10
11
8
7
7
15
15
8
10
8
5
5
6
4
9
8
6
10
6
8
5
10
16
12
14
8
10
13
9
7
10
9
16
11
6
11
10
8
9
4
9
14
4
12
11
5
12
8
12
10
10
10
10
7
6
11
5
9
10
11
5
9
15
7
12
16
15
13
9
7
7
13
6
11
10
8
13
12
8
4
8
11
4
9
15
9
13
13
5
13
10
15
8
8
13
7
12
9
11
9
14
5
7
8
12
6
6
10
9
11
8
16
6
8
8
10
12
13
8
8
9
10
13
4
6
12
9
5
10
7
9
9
11
8
14
6
4
5
13
8
7
11
10
6
7
7
8
10
11
6
11
8
15
10
9
14
10
6
14
5
5
11
6
9
9
13
6
10
9
6
7
10
9
14
14
2
7
7
5
5
13
12
11
10
10
10
8
4
5
10
10
9
15
6
8
6
8
12
10
5
11
11
11
8
4
11
9
9
4
9
11
6
9
11
9
14
9
10
7
5
9
9
10
9
6
8
18
12
9
11
14
8
7
11
12
9
10
11
6
6
7
5
13
4
11
9
12
11
9
6
7
6
8
11
11
16
3
10
5
4
7
6
9
5
7
11
7
16
10
7
19
7
11
9
5
10
16
12
12
6
11
7
10
10
6
8
11
7
2
8
8
10
7
6
8
10
8
11
9
3
7
7
7
7
7
13
8
8
6
6
7
9
8
5
10
4
6
10
8
5
6
6
12
8
11
6
12
10
7
8
10
10
10
6
5
7
11
3
8
11
7
10
7
2
9
6
7
8
6
6
7
10
5
10
10
5
8
7
11
7
10
6
6
7
7
5
5
7
8
10
12
8
5
9
5
15
15
4
8
7
8
6
8
5
15
12
13
22
8
14
16
10
15
5
7
10
7
6
8
10
7
9
9
9
14
10
4
8
9
11
9
9
15
9
6
6
9
5
16
5
7
8
8
10
10
13
6
20
10
9
7
11
9
8
9
7
7
7
10
9
6
9
8
6
8
10
10
9
10
10
9
9
9
12
8
6
15
9
6
8
4
5
6
6
14
4
8
5
12
10
7
6
6
14
6
4
7
8
7
8
3
5
2
4
3
5
7
13
8
6
7
8
7
14
15
14
5
15
12
10
12
8
11
8
5
6
9
11
10
6
12
7
1
4
9
8
8
5
7
4
3
14
13
9
4
8
7
7
8
10
4
4
9
13
11
10
12
16
8
6
8
7
10
7
6
8
7
4
7
4
9
4
8
7
6
4
10
5
7
7
12
3
4
6
10
9
9
9
16
7
8
13
14
9
6
8
8
15
5
14
15
4
12
9
10
9
7
9
9
12
10
15
16
8
9
9
6
14
7
6
3
12
11
12
9
8
6
8
4
7
3
7
13
8
8
6
6
11
9
5
5
7
5
11
18
8
12
6
7
8
7
8
9
11
6
4
11
11
6
6
5
8
5
5
5
9
2
6
7
7
7
11
12
6
9
9
8
12
4
4
11
9
10
13
8
3
6
9
4
10
7
13
6
7
6
9
5
7
8
8
8
6
6
8
12
8
8
8
12
7
11
8
9
11
10
5
10
14
6
13
2
10
8
9
6
11
8
4
11
7
4
5
5
9
13
7
6
5
6
14
6
7
3
4
8
7
10
7
7
13
4
8
9
14
10
11
10
10
3
9
5
4
6
8
5
8
3
4
3
9
6
4
10
4
8
6
5
4
15
9
4
12
13
8
4
2
8
6
9
6
13
11
6
3
11
5
10
7
4
11
10
5
5
7
9
4
7
5
13
9
18
10
3
8
5
4
12
9
7
11
5
10
10
9
9
11
5
4
6
8
7
14
8
7
7
3
3
5
3
4
7
6
9
16
10
10
6
7
5
8
5
9
8
15
7
6
5
4
8
8
5
7
6
2
8
6
5
4
8
7
6
7
10
11
8
12
10
6
13
11
8
8
8
3
8
11
4
5
12
4
4
9
12
12
8
4
7
4
10
8
6
6
5
9
4
6
8
10
5
7
9
5
7
12
9
3
6
4
8
8
7
7
6
7
9
8
7
3
8
8
7
9
8
9
12
4
9
5
15
6
9
12
6
5
9
7
4
13
9
10
10
7
6
3
6
7
8
7
4
11
7
12
3
6
9
9
6
6
3
10
4
10
8
9
8
10
10
7
10
11
6
4
9
3
7
3
5
5
10
7
9
5
8
6
4
3
5
8
11
4
7
11
7
8
7
5
3
8
2
8
4
8
4
8
4
6
5
9
10
7
9
5
13
11
6
13
11
8
12
10
6
6
9
9
6
13
12
9
6
15
6
12
14
6
10
14
12
16
17
6
12
11
5
6
4
12
9
12
10
2
9
7
8
6
10
10
9
9
7
8
12
9
11
6
7
4
6
8
6
7
6
8
4
11
7
10
5
7
10
7
1
9
4
8
9
10
13
13
5
6
6
6
5
3
6
5
8
9
4
4
1
7
9
7
4
8
6
5
9
5
6
6
3
2
8
6
4
10
6
5
3
9
7
5
6
8
6
5
11
8
3
8
8
8
6
2
5
7
3
7
5
5
4
6
4
5
4
7
8
5
6
3
12
12
5
7
11
5
7
6
10
7
13
4
10
10
7
9
7
4
2
10
6
5
9
5
5
5
5
6
1
6
3
9
9
4
4
5
5
4
7
7
6
6
10
2
4
6
9
4
6
12
8
6
8
9
4
10
8
8
5
12
12
10
8
10
5
4
8
8
6
9
11
8
13
5
9
8
9
6
4
6
6
4
7
4
4
6
11
8
19
8
7
6
8
3
10
11
4
5
6
6
11
10
7
7
8
8
8
5
9
3
3
8
6
10
5
11
8
7
5
4
5
7
5
9
2
8
6
5
9
4
8
4
6
6
5
7
11
6
8
6
6
3
9
3
8
9
6
7
6
5
5
13
5
7
7
3
11
5
11
15
5
14
9
4
6
4
2
8
3
6
5
4
6
8
4
5
5
7
8
8
7
10
5
8
9
5
6
11
7
9
9
4
6
6
6
8
4
9
5
6
7
12
4
5
10
7
7
8
5
7
7
8
9
12
2
4
2
9
12
7
12
6
4
9
5
6
4
8
8
7
8
11
8
7
6
8
7
9
7
5
8
6
6
6
6
11
4
6
9
10
6
6
8
1
6
4
5
4
4
5
4
4
11
2
5
5
5
6
3
6
9
12
2
6
7
1
8
8
5
3
17
6
8
5
8
6
11
5
6
11
13
6
10
2
4
7
10
9
6
1
4
6
8
4
11
4
8
8
6
7
2
9
5
8
7
5
6
6
7
4
7
9
7
0
6
7
4
5
7
4
6
5
5
7
10
4
6
6
7
8
5
4
6
8
6
9
17
6
4
6
7
12
5
8
8
10
9
6
7
2
7
5
5
3
7
10
6
10
7
3
3
5
3
8
4
8
8
9
6
7
9
9
9
3
4
7
4
6
0
6
6
7
5
3
11
4
7
6
6
15
4
4
6
4
3
5
9
11
9
12
11
5
7
6
4
5
6
8
4
7
10
3
4
4
4
7
5
4
4
6
4
7
1
4
7
9
5
6
8
7
6
5
4
7
6
8
5
9
4
3
4
8
6
5
11
9
4
2
8
2
8
5
8
10
9
6
6
7
6
10
10
7
9
7
4
9
10
7
11
6
6
13
8
9
13
10
8
7
11
12
10
11
13
11
10
3
9
11
12
3
6
5
5
6
5
7
6
5
2
9
12
9
6
4
8
5
6
6
4
4
8
10
6
13
4
6
10
6
6
2
5
2
6
12
7
6
14
2
7
8
10
7
5
7
7
2
4
3
12
6
7
5
8
6
5
3
1
6
6
7
5
5
5
3
3
4
9
5
5
4
4
3
3
2
3
6
0
5
6
2
6
6
7
7
7
5
6
7
3
6
11
5
4
7
2
8
4
7
7
5
10
13
7
4
6
6
6
10
2
4
3
4
7
6
7
6
9
3
5
6
6
5
5
8
9
10
11
11
5
7
10
11
8
2
6
5
3
8
5
6
5
5
5
4
4
3
4
7
4
8
4
5
5
9
10
3
7
5
2
6
8
3
7
6
10
4
8
7
8
2
8
7
8
9
6
8
8
5
9
8
7
2
5
9
12
7
4
8
3
6
5
5
6
5
7
6
7
10
9
8
4
12
5
8
9
6
5
7
8
7
7
5
5
12
7
6
15
8
12
11
11
6
6
11
5
8
9
6
6
3
1
11
5
6
8
5
7
6
4
8
3
4
7
10
6
7
3
3
8
7
2
5
6
7
6
5
7
8
6
4
8
3
11
6
4
7
7
6
4
8
5
9
5
7
5
6
5
6
6
6
9
5
6
9
8
5
2
6
6
3
1
5
15
2
14
11
8
6
7
8
12
14
4
9
7
17
8
6
7
7
8
10
5
7
5
7
5
2
6
6
9
3
6
8
5
8
3
4
6
3
3
3
9
7
4
8
7
3
9
5
6
11
11
5
2
6
9
4
7
7
6
4
3
8
4
6
5
9
6
5
2
8
6
3
2
5
4
10
3
5
3
8
6
9
4
8
4
4
9
7
7
7
6
6
10
4
9
4
8
5
3
7
5
6
5
5
3
5
3
6
5
6
11
4
4
10
12
6
10
5
7
5
5
5
2
7
7
3
6
7
8
6
6
1
2
6
3
8
5
8
7
3
7
5
4
10
7
10
4
7
8
5
5
4
4
6
3
3
6
3
3
5
7
7
5
7
6
4
7
2
5
6
10
4
8
7
4
8
2
3
3
6
9
8
5
7
5
4
5
7
3
8
3
7
8
4
12
9
11
7
4
6
5
5
4
6
10
4
4
10
5
12
4
3
9
7
4
4
5
4
6
6
5
3
6
7
3
7
4
4
4
4
6
10
5
3
8
6
4
10
3
9
6
5
6
8
5
9
10
6
8
7
10
11
4
9
6
11
6
3
5
9
7
2
7
5
6
10
8
6
3
4
9
5
2
8
10
5
6
4
9
9
3
7
6
5
6
8
5
5
4
5
8
4
5
2
7
5
7
7
7
12
4
3
6
5
6
5
5
6
5
1
2
3
4
4
4
4
3
9
4
6
7
7
5
5
5
10
4
7
8
6
1
5
3
3
3
4
4
5
8
7
4
5
7
3
5
8
4
8
8
5
5
4
3
3
5
4
2
5
4
4
4
11
4
7
6
10
7
11
9
12
7
9
7
5
9
8
4
6
4
5
6
6
7
8
6
2
6
7
7
6
5
5
12
4
6
9
3
3
1
2
10
6
6
4
1
4
6
6
5
6
4
8
6
5
9
4
4
9
6
5
5
3
1
4
5
3
5
3
1
7
5
7
7
6
7
6
7
7
5
6
6
4
4
4
4
1
3
1
8
4
6
4
7
2
2
6
6
7
3
8
4
6
6
5
1
3
3
3
4
4
4
6
6
2
6
6
6
8
4
5
4
7
2
5
4
3
8
7
7
6
3
4
3
7
5
6
9
8
6
10
4
6
5
6
2
1
9
7
6
4
4
5
4
8
2
7
13
7
4
4
5
4
4
6
7
5
3
1
4
9
10
5
7
7
3
5
7
7
5
8
5
2
4
5
3
5
5
5
5
5
6
6
4
5
7
6
6
5
5
5
8
4
5
6
7
4
5
2
6
8
4
3
4
3
3
4
5
3
2
6
4
5
13
4
4
1
8
6
7
5
6
11
4
3
2
4
4
6
8
6
1
6
7
9
5
3
7
3
4
5
6
6
4
4
3
3
3
5
11
3
3
4
3
5
3
4
6
8
4
7
7
2
5
5
2
5
3
6
2
3
8
3
5
5
8
6
7
6
7
6
8
9
5
9
6
4
5
6
12
2
10
6
3
4
5
2
3
6
5
0
5
9
7
3
3
5
8
2
3
3
2
8
7
4
4
8
1
5
5
2
6
6
4
6
6
2
1
3
2
8
8
5
4
8
3
7
8
9
6
4
2
7
2
3
3
3
8
8
3
2
7
3
6
2
8
3
7
3
7
5
5
4
6
5
7
5
0
6
3
5
6
2
6
7
7
7
6
9
6
8
8
10
10
6
4
3
5
3
7
5
3
2
5
2
4
7
4
5
4
5
10
3
2
3
6
6
3
3
4
4
7
3
3
10
3
5
7
7
5
9
5
5
7
5
6
5
6
7
4
7
2
3
4
5
5
4
4
4
6
3
1
4
7
7
7
10
3
7
4
1
6
9
4
3
2
3
1
7
7
7
9
6
5
3
7
6
3
6
6
4
9
3
7
5
3
0
3
5
8
5
4
2
5
2
2
5
3
4
7
7
4
6
3
3
4
2
5
5
5
4
6
4
5
6
3
5
3
2
3
4
8
4
4
6
4
8
3
3
6
4
3
7
2
11
6
5
6
5
3
7
5
3
6
7
6
6
8
4
5
4
1
3
4
5
7
6
5
5
3
3
4
7
4
4
4
8
5
5
7
5
6
3
1
2
9
2
6
3
8
5
2
6
3
2
6
9
6
2
1
9
3
3
5
7
5
6
7
7
4
6
4
4
0
4
6
3
8
4
1
11
3
5
5
4
4
1
8
2
4
3
2
1
0
3
1
3
4
1
4
4
5
2
2
9
4
7
6
2
6
6
8
6
2
4
3
2
1
2
6
1
4
6
9
4
10
5
2
4
1
5
4
8
9
7
4
7
5
1
3
5
4
1
2
3
4
3
9
6
1
6
4
3
1
4
3
2
6
4
9
3
4
1
6
3
7
4
9
4
4
5
5
9
3
5
8
9
4
3
12
11
12
7
3
10
5
6
9
7
7
7
8
5
5
5
3
6
3
9
8
7
2
3
5
3
5
3
8
5
3
4
7
4
4
2
6
2
4
4
4
12
3
7
6
7
12
7
2
5
6
3
7
6
8
6
1
5
5
5
4
4
6
9
0
0
8
6
4
4
3
5
5
3
9
6
8
2
8
2
2
5
6
6
3
6
4
8
2
5
2
2
6
3
5
6
3
4
6
6
4
2
5
1
4
4
4
5
6
4
5
5
4
2
3
7
4
1
6
4
3
2
4
3
4
8
6
6
3
5
5
2
7
6
1
5
5
4
0
5
4
5
7
4
5
5
5
3
5
4
7
2
6
6
3
9
5
8
6
5
8
6
4
2
4
3
2
5
4
4
8
1
2
3
3
3
5
8
2
5
4
5
4
4
8
4
2
5
4
2
5
5
7
1
5
3
8
5
2
4
8
4
7
6
3
9
4
5
5
4
3
6
2
6
1
6
8
4
5
6
1
2
6
6
2
6
3
7
4
4
1
6
3
4
2
4
5
0
3
4
3
3
2
0
4
0
7
5
6
7
3
4
5
4
3
4
1
6
3
2
5
6
1
11
3
4
4
6
11
11
7
5
8
2
9
6
3
4
5
5
7
4
7
4
5
4
8
5
4
3
7
2
3
6
4
4
3
3
4
5
2
4
7
6
1
9
2
5
4
6
7
5
1
1
5
7
6
5
6
3
2
2
1
7
8
7
4
2
4
6
1
1
3
6
2
3
4
3
4
3
3
2
5
4
3
2
3
2
4
7
1
6
5
4
7
4
5
3
3
3
6
2
3
1
7
5
5
3
4
4
5
5
7
3
4
5
4
6
1
4
3
4
4
2
4
1
6
2
4
4
7
3
4
7
2
3
5
5
5
1
3
1
2
4
7
4
7
6
3
4
1
4
2
5
5
3
4
3
5
4
9
6
2
4
4
6
2
5
2
4
7
1
4
10
3
5
3
3
5
4
4
3
4
4
7
5
4
6
3
2
2
4
5
5
2
3
7
6
2
6
5
6
6
9
2
5
9
4
4
5
12
7
8
5
6
11
3
8
12
4
3
6
9
3
5
6
10
4
5
3
3
3
6
2
4
4
7
8
7
3
7
4
4
5
1
3
4
4
2
3
3
2
5
2
6
4
3
7
2
7
6
3
4
3
3
6
5
2
2
5
5
4
7
5
7
8
1
4
2
6
4
6
2
2
2
3
8
3
4
3
2
1
0
4
6
4
0
4
4
7
7
2
4
5
2
5
1
2
2
3
4
4
6
3
7
11
3
8
5
5
5
7
4
9
6
4
2
6
3
0
5
6
4
7
2
2
5
3
5
3
4
4
3
5
9
5
3
2
4
7
4
0
3
4
1
0
5
4
4
10
2
1
3
2
6
6
6
4
2
6
5
9
4
2
2
4
6
3
7
4
4
3
4
2
4
4
2
7
5
7
4
6
8
6
3
8
4
3
5
4
5
4
8
6
3
4
4
2
4
8
2
2
5
1
5
3
3
3
5
4
3
5
2
2
1
4
4
4
4
4
2
6
3
0
4
2
6
5
5
1
2
3
8
9
3
5
2
6
5
1
5
3
0
3
0
0
8
3
6
7
3
7
5
2
6
6
6
6
4
3
2
0
6
4
5
6
5
7
2
3
3
5
3
3
0
4
3
4
6
3
3
2
3
5
4
6
4
5
7
2
3
4
2
6
3
4
3
1
5
4
7
6
5
1
5
3
3
3
6
6
5
4
2
3
3
3
4
4
2
3
1
2
5
2
2
7
1
2
6
5
4
5
2
4
3
2
3
5
3
4
3
5
3
6
7
6
3
5
6
3
4
4
4
9
3
2
4
1
1
8
4
4
3
4
2
2
2
3
3
4
1
1
6
4
3
4
1
2
3
3
1
4
4
4
2
2
3
7
8
4
4
3
4
4
6
5
3
6
4
5
2
6
4
2
2
7
5
4
4
1
3
2
5
4
1
2
6
3
2
4
6
1
1
2
5
4
4
5
6
4
5
6
3
7
5
8
1
8
5
8
3
7
6
7
5
6
6
11
3
5
6
6
3
2
2
5
0
3
1
2
3
2
2
3
5
0
4
4
2
8
7
1
3
5
3
3
2
5
1
3
8
6
6
5
6
4
3
2
4
4
7
2
3
1
2
2
4
3
2
1
2
4
7
1
3
3
2
5
6
1
4
3
3
8
5
4
5
5
4
4
3
2
5
3
3
5
6
6
5
3
3
8
3
4
5
2
4
2
2
5
2
3
5
2
5
2
5
7
1
2
5
3
4
1
1
3
3
7
4
5
3
4
5
3
0
3
5
5
7
3
3
3
3
1
3
2
4
4
5
4
5
8
7
5
3
5
4
3
4
3
4
7
7
5
1
2
6
2
1
3
4
5
4
4
3
5
3
3
5
2
3
4
1
5
2
0
3
6
3
3
0
4
3
2
2
5
6
3
5
1
2
4
4
2
1
2
3
3
3
5
0
1
5
3
4
4
5
3
5
1
4
4
4
3
4
6
2
2
6
2
0
1
3
3
2
4
3
3
1
4
5
3
2
7
3
0
1
8
3
4
5
1
1
1
2
1
5
2
3
3
4
3
5
5
4
4
6
3
2
2
1
3
6
4
5
2
3
3
3
6
2
5
2
1
3
6
8
6
4
5
2
2
4
2
2
7
1
3
3
5
3
5
6
1
2
3
4
2
2
3
7
1
2
3
4
1
4
2
5
1
5
5
3
2
1
3
5
5
8
4
3
7
3
3
4
4
2
4
5
2
2
5
3
2
0
3
3
4
5
5
1
3
4
5
5
5
0
3
3
5
3
2
2
8
3
3
3
4
1
6
5
4
4
5
1
3
2
1
6
5
2
5
2
1
3
3
2
2
2
5
5
3
2
2
5
0
2
2
3
2
6
5
5
2
3
3
2
1
0
5
3
0
1
1
2
3
2
4
0
7
6
2
4
4
4
6
4
7
3
4
3
4
3
4
3
3
4
3
3
0
3
3
1
4
2
3
3
2
4
9
1
2
7
3
2
1
2
1
2
3
1
6
4
2
2
2
0
2
4
2
7
3
3
5
1
3
3
3
4
4
3
3
4
4
2
1
1
0
6
2
2
3
2
3
2
5
2
4
1
1
4
4
3
5
1
2
0
4
6
4
4
4
6
2
4
5
4
5
3
4
0
2
3
5
3
5
1
4
1
0
4
3
1
2
5
5
1
4
1
2
5
5
3
3
7
2
2
5
4
4
4
4
6
1
5
4
2
6
4
4
6
6
1
6
2
3
4
1
1
3
1
4
3
3
1
2
0
1
3
2
2
1
2
3
3
6
4
2
3
3
2
3
6
1
3
4
5
4
2
2
4
0
1
1
3
3
6
3
1
2
2
1
3
2
2
4
1
2
3
4
2
1
0
4
3
4
2
2
2
5
3
2
1
1
3
4
3
3
3
4
2
2
2
2
6
2
2
4
2
1
3
3
3
4
2
4
3
0
2
4
4
6
1
5
5
5
2
3
3
4
2
5
10
3
7
3
3
6
6
4
7
3
3
1
2
2
2
3
0
6
5
0
1
3
4
5
1
4
3
1
4
1
1
4
2
3
3
4
3
4
4
2
0
4
0
1
5
1
3
4
2
2
3
2
2
2
4
2
2
3
2
3
3
3
3
2
4
3
4
1
2
1
3
4
1
3
2
0
4
2
4
2
1
4
1
1
2
2
2
3
3
4
2
4
3
5
3
3
1
0
6
5
1
3
3
7
4
13
10
11
13
4
4
7
6
8
3
2
3
7
2
3
0
3
4
5
0
2
4
2
2
1
5
9
1
0
3
5
4
2
1
2
3
6
1
3
3
6
0
3
6
2
1
5
2
2
3
2
2
2
5
6
7
3
0
3
4
2
2
5
5
6
5
4
3
11
3
4
4
5
3
3
5
4
2
0
4
3
3
0
2
2
2
2
3
2
1
3
7
1
1
0
6
3
1
1
2
2
3
6
2
2
2
2
3
3
2
3
2
6
1
0
1
2
4
1
1
2
1
3
2
3
2
1
4
4
2
4
3
4
4
2
2
0
2
2
5
2
3
4
5
6
3
6
4
2
4
1
2
7
3
1
6
3
3
1
1
6
6
9
3
2
2
2
2
1
6
4
2
1
3
2
3
0
2
1
0
3
1
6
7
3
2
7
1
2
1
4
3
5
4
3
4
2
2
3
2
4
1
3
3
2
4
2
4
1
3
4
7
4
5
4
2
3
0
2
4
3
5
5
1
1
2
3
4
1
4
3
3
3
2
5
3
1
1
6
2
1
2
1
2
2
1
1
4
3
2
2
5
4
4
4
10
5
2
9
9
15
10
6
9
5
5
4
2
3
3
2
4
5
2
2
2
3
1
2
0
3
2
3
4
2
3
3
1
3
4
3
5
0
0
2
2
4
2
2
2
2
4
2
4
5
7
1
3
3
3
4
0
2
4
2
5
2
2
2
0
1
3
3
0
2
2
2
1
2
1
2
1
2
3
2
3
4
5
2
3
0
4
2
1
4
2
1
2
2
3
3
5
2
7
6
4
2
4
2
3
4
2
2
5
3
6
3
3
3
5
3
4
3
2
0
1
2
3
2
3
5
2
3
3
4
1
1
1
0
1
3
3
10
4
5
3
2
6
6
7
7
3
4
3
3
3
1
1
3
1
2
0
2
1
4
2
1
1
2
0
2
3
0
3
4
0
1
1
2
3
2
0
3
1
4
2
3
1
1
4
2
2
2
2
5
1
1
3
3
3
3
2
1
3
0
1
2
2
1
4
1
0
0
0
1
1
2
3
1
2
5
2
3
2
1
4
1
2
1
1
4
2
7
2
3
1
2
2
1
4
2
5
3
1
3
0
4
4
2
2
3
2
7
6
3
3
1
1
4
6
2
3
4
2
3
2
6
1
1
6
2
2
3
3
1
4
1
1
5
5
3
1
1
3
2
5
2
2
2
3
3
1
2
2
2
5
2
3
0
6
1
2
2
1
2
2
0
2
4
3
1
4
0
0
0
3
4
2
1
1
1
5
3
2
1
3
3
2
2
2
4
1
1
4
3
1
5
2
3
0
4
2
1
2
5
5
2
1
4
5
2
2
2
3
0
3
0
3
1
6
2
4
4
2
2
2
2
5
5
3
0
1
2
1
1
0
2
1
4
1
4
2
3
1
4
2
1
5
5
4
5
4
4
3
0
0
3
5
2
1
2
2
0
2
3
0
0
3
1
3
4
1
0
4
2
1
2
0
2
2
1
6
2
0
1
4
5
0
1
2
1
1
1
0
2
1
1
4
0
2
1
3
1
3
0
2
2
3
1
2
4
2
2
3
5
4
3
2
5
3
3
4
3
8
1
0
4
3
2
5
6
3
3
3
1
1
3
1
3
2
5
3
2
1
2
2
4
0
4
2
5
3
2
1
3
2
2
0
1
0
0
4
1
3
2
2
2
1
1
3
1
5
2
2
1
2
1
3
3
1
6
3
2
2
4
4
2
3
2
1
5
4
5
7
3
3
4
1
6
6
2
4
5
2
5
1
1
1
2
0
3
4
1
3
0
3
1
2
2
5
1
2
1
4
2
1
4
3
4
3
4
0
1
4
3
1
3
2
2
0
1
2
3
1
3
2
2
2
3
4
1
0
2
2
0
5
2
4
2
2
1
1
4
2
2
2
2
5
0
2
2
2
1
2
1
2
0
3
4
5
1
5
1
1
5
0
0
7
2
2
1
2
2
0
3
1
2
1
1
2
3
3
1
2
0
4
3
2
0
0
0
3
3
3
0
1
1
5
2
4
2
3
2
2
1
5
2
2
5
0
0
1
3
2
2
0
0
0
2
2
2
2
0
1
3
1
1
2
2
6
3
3
3
4
0
2
1
2
1
3
1
4
4
4
1
1
2
3
7
5
1
4
5
5
7
4
5
6
2
5
3
3
4
4
5
6
5
7
8
9
5
6
10
8
3
4
5
1
2
4
3
0
0
1
2
0
2
2
1
2
1
4
2
1
2
2
4
1
4
2
2
1
7
4
3
6
1
1
5
3
2
2
1
1
2
1
2
2
2
1
0
1
0
0
3
0
3
3
1
1
5
1
1
4
1
3
1
1
3
1
3
1
3
2
1
1
1
2
2
3
2
2
1
1
4
0
1
5
4
1
1
1
4
0
3
4
1
2
1
2
2
3
5
2
0
0
4
0
2
4
1
2
3
3
5
4
4
2
0
1
3
1
3
0
1
0
0
0
2
3
3
5
0
2
1
3
2
0
1
3
1
3
0
1
1
5
1
2
6
0
0
1
4
0
2
5
3
1
0
4
1
1
1
2
0
3
4
1
2
1
0
1
2
1
4
5
2
1
4
4
2
3
1
3
3
3
2
1
1
2
4
2
1
5
2
3
4
0
0
4
5
4
1
0
2
1
0
3
4
5
4
0
1
2
1
3
1
4
2
1
0
0
3
3
1
1
0
0
1
1
0
4
2
1
1
4
0
2
1
2
3
2
1
0
0
0
4
1
2
3
3
3
2
0
2
3
0
0
1
1
0
3
0
3
1
2
0
6
2
3
4
2
1
2
3
1
0
2
2
2
0
1
0
3
2
0
0
1
2
1
1
2
2
4
4
1
0
1
2
1
0
3
3
1
1
1
2
1
1
0
3
0
1
2
2
2
2
1
3
1
3
4
1
1
2
1
1
4
3
3
4
1
1
3
2
0
1
2
4
2
4
3
0
4
4
5
0
0
1
2
2
0
4
1
2
1
0
1
4
1
2
1
1
1
3
5
0
1
2
2
0
1
3
3
1
2
2
4
2
1
1
2
0
3
3
0
2
1
2
1
0
1
3
3
1
4
2
3
2
1
0
4
1
5
0
2
1
5
0
2
1
1
0
3
1
2
1
2
2
0
3
3
1
3
2
2
3
5
2
0
0
3
2
0
1
1
2
5
2
0
2
2
0
2
2
1
1
3
1
1
2
4
0
1
3
2
0
0
2
0
1
1
1
0
1
2
0
3
5
3
0
2
1
2
3
3
1
5
3
3
1
4
3
1
2
3
2
5
1
3
3
2
5
2
0
4
3
6
5
3
2
1
3
1
3
1
0
2
1
1
4
1
0
0
0
0
1
1
4
2
1
2
3
3
2
0
2
1
1
3
3
2
1
1
1
2
1
4
1
0
1
4
1
2
3
0
0
0
2
2
1
2
3
2
0
2
1
1
3
0
0
1
1
0
2
2
2
2
1
1
2
2
5
3
1
1
2
2
3
4
3
3
2
1
0
4
0
4
4
2
1
3
3
0
1
5
3
2
2
2
3
1
1
1
3
3
3
3
2
5
0
1
2
2
0
1
1
3
3
4
0
1
2
1
3
2
0
4
0
0
1
0
0
2
2
1
0
1
1
2
4
0
2
2
0
3
1
1
3
1
1
1
1
1
1
0
0
2
1
4
5
1
0
4
0
2
1
2
2
2
0
4
0
1
2
5
0
0
3
1
3
1
1
1
3
3
0
4
2
4
2
2
2
0
3
2
1
2
2
2
1
2
0
1
2
3
0
1
2
1
1
3
0
0
1
3
1
1
0
1
1
3
5
3
2
2
1
2
0
2
3
2
1
1
1
1
1
1
1
1
3
3
3
1
1
2
0
2
0
2
2
1
2
1
2
1
0
0
0
2
2
2
1
1
2
1
2
1
2
3
1
6
0
2
4
2
1
4
1
3
2
2
0
4
0
3
3
0
3
3
2
1
1
1
5
0
4
2
1
1
2
2
0
5
2
3
1
1
3
1
2
0
2
1
3
1
1
3
0
4
0
1
4
1
3
0
0
1
1
2
3
0
3
1
5
4
1
0
3
0
1
2
1
3
2
0
3
1
3
3
1
1
2
3
2
3
0
2
4
1
4
2
1
2
2
1
3
3
4
0
0
1
4
1
0
2
4
1
0
4
3
1
1
7
1
1
5
0
0
2
0
3
2
2
1
0
4
0
2
0
4
1
1
1
1
0
1
1
2
2
2
5
1
3
3
4
1
4
5
1
3
3
3
2
2
1
1
6
1
3
2
0
1
3
0
1
4
2
2
1
1
1
1
2
0
1
2
1
1
4
0
1
1
0
2
2
3
1
0
1
0
3
2
0
3
1
1
0
2
0
0
1
1
2
2
3
4
2
1
4
2
1
0
2
1
3
0
2
2
0
2
2
1
1
4
2
0
2
0
0
0
2
1
1
2
2
4
2
1
0
4
2
0
1
2
3
3
2
1
2
2
0
1
0
2
1
0
2
0
3
1
3
3
0
0
3
4
1
2
1
1
3
1
2
2
1
0
1
0
1
3
1
0
1
1
0
2
3
0
3
1
3
1
2
0
3
2
0
1
2
1
1
3
1
0
0
0
1
3
0
3
4
3
2
0
1
1
1
0
2
1
1
1
2
3
0
2
1
4
1
0
0
4
0
4
3
3
1
0
2
2
2
1
2
2
0
0
2
0
2
0
3
3
2
0
2
0
3
5
2
2
2
1
2
4
1
1
2
0
2
0
0
0
2
4
4
2
2
1
3
1
1
1
1
0
3
1
2
4
2
3
0
1
2
2
0
1
4
3
2
0
2
1
3
2
2
0
2
5
3
3
1
0
3
1
0
1
2
3
1
1
2
2
2
1
1
0
0
1
1
3
0
1
2
3
1
3
4
3
1
3
0
2
2
3
1
1
0
3
0
2
2
1
1
1
0
0
1
1
2
1
1
0
0
1
3
1
3
2
0
0
1
0
1
2
5
1
1
4
0
2
2
3
0
3
1
2
2
1
3
2
1
3
0
2
3
0
0
4
2
1
1
2
1
2
0
2
3
2
0
1
1
3
2
2
0
3
0
1
4
1
2
0
2
3
1
2
2
2
0
2
0
0
0
0
3
2
1
0
4
3
4
0
0
1
1
1
2
1
1
1
1
1
1
4
2
1
1
2
2
4
2
2
0
2
1
1
0
3
3
2
0
3
2
2
0
3
0
0
2
2
0
1
2
5
1
2
0
2
3
1
1
1
2
0
1
2
1
0
2
2
1
1
0
3
3
3
2
1
2
2
1
2
0
0
2
2
1
2
0
1
1
1
1
1
3
1
2
0
1
1
4
1
0
1
0
3
2
2
0
4
2
2
3
0
2
0
4
3
1
5
1
1
1
0
4
1
1
4
3
0
1
1
3
4
1
1
2
0
0
2
3
3
0
1
2
2
1
1
0
1
1
0
2
2
0
1
1
3
3
2
0
1
1
2
0
1
2
3
0
1
3
2
2
2
1
2
1
0
0
3
1
1
0
0
1
0
1
0
1
2
3
0
2
4
2
2
1
1
0
0
3
1
1
3
1
0
2
1
2
0
1
1
1
3
0
1
2
3
1
1
3
2
3
2
2
3
2
2
0
2
2
0
2
1
3
3
4
2
2
1
3
3
0
1
1
5
1
1
3
3
5
1
4
3
6
0
5
1
2
2
0
4
0
1
2
1
0
0
1
1
2
0
2
1
1
2
1
3
2
0
2
1
3
3
4
2
1
0
1
2
0
1
2
2
0
2
4
2
2
3
0
3
4
4
0
1
0
2
2
0
2
1
2
1
1
1
2
4
2
0
1
1
1
0
1
1
0
0
1
4
1
2
4
1
1
2
1
4
2
1
4
2
3
0
1
0
1
2
1
1
2
0
1
2
0
0
1
1
0
3
2
0
1
1
0
2
1
1
0
0
0
1
0
0
2
1
1
0
1
0
1
0
2
1
3
0
3
3
0
0
2
0
0
4
0
1
0
1
1
2
1
3
0
2
2
2
2
3
1
1
4
2
1
2
1
3
2
3
1
7
2
0
2
2
2
2
0
1
2
0
3
2
2
0
0
1
4
2
4
0
3
1
2
0
2
0
1
3
1
1
0
1
2
0
2
1
0
2
1
2
2
3
1
2
0
0
1
3
2
2
0
0
0
1
2
0
1
1
1
1
1
1
1
6
2
0
2
1
3
1
1
1
2
0
3
0
5
0
1
1
1
1
1
2
1
2
0
0
2
1
2
0
3
0
0
5
0
1
1
1
0
2
2
2
2
2
0
1
1
3
3
0
2
1
1
1
0
1
1
0
1
3
0
2
4
1
1
2
2
0
1
1
1
0
2
2
2
1
1
0
1
3
2
3
1
2
4
2
1
0
2
0
2
1
0
3
0
1
0
2
0
2
3
0
1
1
2
3
1
1
1
2
0
1
0
1
0
1
1
2
4
2
2
2
0
0
0
0
0
2
1
1
0
1
0
1
1
2
2
1
1
3
2
2
2
2
0
1
1
1
3
0
2
2
0
1
3
1
4
4
2
2
1
2
1
0
1
2
2
3
5
0
2
0
1
0
1
4
1
1
0
1
2
2
1
1
2
2
1
0
0
2
1
0
2
0
0
1
2
0
1
1
1
1
0
0
0
3
1
1
1
0
4
0
0
0
1
0
0
0
2
3
0
1
0
0
2
0
1
1
0
1
1
3
1
1
1
1
3
2
1
3
0
1
1
1
1
3
2
0
3
1
0
2
0
1
2
1
0
0
0
1
0
1
0
0
3
3
2
0
2
1
1
1
2
2
1
1
2
1
1
2
1
0
1
2
0
2
0
1
1
0
0
1
0
1
1
0
0
1
1
1
2
1
2
1
0
1
0
2
1
2
1
1
0
2
0
1
5
3
2
1
1
0
1
2
3
2
2
1
1
0
1
2
1
1
0
0
1
1
0
0
0
0
1
1
1
1
2
0
0
2
3
1
2
1
2
1
1
0
1
0
1
1
0
1
3
0
0
0
0
0
2
1
0
3
3
0
1
0
0
1
2
1
1
0
1
0
1
1
2
0
1
4
3
1
1
0
4
0
1
1
2
2
0
1
0
2
2
1
1
4
3
3
1
1
2
2
1
0
1
0
3
0
0
2
2
1
4
4
0
2
1
0
3
4
4
2
3
1
1
4
1
2
2
2
0
2
0
0
$ENER_FIT:
0.4546 0.194438 2.111610e-08
$MCA_CAL:
3
0.4546 0.194438 2.111610e-08
$SHAPE_CAL:
3
0.0000 1.000000e+00 0.000000e+00
$ENDRECORD:
