$SPEC_ID:
Shots [45, 46, 47, 48, 49, 50, 51, 52, 53, 54, 55, 56, 57, 58, 59, 60, 61, 62, 63, 64, 65, 66, 67, 68, 69, 70, 71, 72, 73, 74, 75, 76, 77, 78, 79, 80, 81]
$MEAS_TIM:
273.00000 294.00000
$DATE_MEA:
08/25/2021 08:19:04
$DATA:
0 16383
0
0
0
0
0
0
0
0
0
0
0
0
0
0
0
0
0
0
0
0
0
0
0
0
0
0
0
0
0
0
0
0
0
0
0
0
0
0
0
0
0
0
0
0
0
0
0
0
0
0
679
749
782
734
716
691
694
681
642
672
652
625
616
617
601
608
605
545
568
618
553
549
552
557
581
549
512
557
490
485
519
472
534
518
495
529
476
511
452
478
473
463
441
467
450
474
443
416
417
492
415
433
440
394
413
405
398
399
429
400
429
414
428
384
400
388
374
412
384
391
360
390
381
385
402
361
381
393
348
364
360
375
367
353
348
338
342
353
353
350
363
356
352
327
329
331
347
368
342
377
337
334
316
339
305
308
342
343
339
324
303
328
356
333
329
282
325
340
286
328
327
316
309
298
303
273
301
342
308
300
301
335
280
306
264
297
290
289
288
307
289
305
318
313
313
286
286
308
272
270
320
292
319
274
294
304
259
292
296
264
266
273
287
288
292
271
269
283
284
263
271
255
265
275
269
282
267
258
290
275
300
255
269
275
268
279
292
261
276
275
264
277
241
235
271
258
265
241
270
272
282
236
270
270
273
266
284
263
296
272
250
253
273
261
248
258
207
238
293
270
268
240
233
259
249
244
245
248
262
281
251
277
272
277
273
276
266
259
254
228
233
253
290
236
275
269
251
240
268
246
241
234
268
262
242
246
265
225
234
275
232
263
226
218
261
238
234
284
268
282
290
302
288
264
274
271
250
258
265
246
270
259
250
228
245
259
263
263
266
244
257
240
261
289
283
264
236
240
275
351
405
540
608
486
396
320
335
372
375
388
319
281
285
266
265
252
248
278
251
258
254
231
267
270
263
255
230
255
239
249
288
223
251
306
290
281
278
288
283
255
286
324
326
325
337
300
353
326
344
286
278
292
242
240
244
252
279
310
316
312
327
301
313
277
273
287
272
261
264
288
272
271
244
275
270
284
276
320
331
279
276
242
258
260
284
285
327
366
405
329
317
281
259
260
259
298
295
271
266
240
274
211
251
224
252
242
246
266
234
253
255
248
249
246
241
280
296
279
282
267
258
238
245
265
268
263
306
357
443
562
585
493
345
278
258
251
260
252
251
274
249
279
226
238
215
246
235
253
278
344
439
454
454
396
320
310
282
309
260
258
258
249
219
217
267
254
257
260
279
261
240
236
251
221
273
252
297
269
312
400
439
432
366
334
293
283
261
263
277
271
247
219
237
239
243
246
242
220
225
224
235
266
285
344
322
311
365
342
316
286
260
254
228
255
242
238
208
239
264
261
240
216
232
236
233
271
276
312
313
272
244
252
249
256
246
264
216
253
224
221
256
254
225
201
252
237
262
258
292
307
276
270
251
244
243
279
328
323
372
292
266
261
262
252
271
239
244
229
233
258
275
335
336
394
394
400
300
275
258
266
220
243
230
229
232
213
217
236
238
231
221
213
209
235
236
221
224
217
229
233
223
243
236
269
260
242
246
259
225
219
257
229
227
226
231
225
227
230
248
283
270
264
225
241
261
224
221
235
232
205
221
242
198
228
256
269
295
241
230
217
231
254
230
257
264
316
398
457
486
391
297
266
266
246
348
400
476
510
435
362
363
293
259
260
224
231
251
235
248
284
344
328
339
282
251
218
253
244
224
206
220
234
272
273
302
291
281
241
213
202
224
233
217
253
243
235
239
204
215
230
203
216
216
257
215
217
235
271
303
313
276
283
245
204
213
228
267
276
266
322
287
321
394
396
384
301
241
227
225
228
168
231
205
214
210
222
194
229
236
235
247
225
217
231
220
195
216
242
207
204
236
237
198
220
198
203
234
220
208
244
224
188
202
208
242
250
263
269
304
251
253
257
249
257
245
232
199
205
194
187
226
196
207
205
218
214
176
206
197
205
203
188
197
242
230
258
312
345
295
241
251
233
257
230
211
182
214
202
226
240
224
299
281
351
495
411
342
264
233
185
214
184
220
202
202
188
198
180
162
156
205
173
179
202
229
210
215
229
213
199
202
208
230
249
316
454
596
650
659
602
499
370
278
227
221
198
209
223
223
219
198
199
206
218
221
216
193
202
182
179
181
169
197
183
191
215
209
288
240
262
227
202
190
249
309
311
281
232
212
210
191
183
182
195
158
200
180
179
183
204
188
212
192
189
177
212
216
185
181
185
182
194
170
169
189
176
165
157
201
188
188
162
222
232
302
426
457
417
390
264
222
200
242
329
425
508
492
449
364
310
262
213
165
193
200
228
214
212
205
172
189
154
196
174
179
226
235
202
180
191
191
216
229
216
224
210
176
205
158
175
174
188
190
183
161
155
164
169
149
186
160
226
160
184
199
185
186
179
167
164
154
160
155
159
173
174
171
180
169
175
175
161
155
153
170
168
160
168
173
169
168
165
174
191
184
182
179
190
194
171
165
181
200
177
179
187
216
263
316
331
377
371
277
263
276
318
291
265
237
221
210
173
162
153
156
166
186
195
174
181
161
171
179
155
156
160
161
163
156
178
157
172
185
182
167
180
180
235
317
594
908
1294
1612
1486
1173
688
382
241
208
170
163
187
204
169
197
179
174
173
178
146
163
156
141
141
160
143
147
177
162
187
162
173
165
154
197
203
224
242
244
222
190
171
155
169
148
144
166
144
179
160
194
244
255
243
213
217
209
219
187
161
144
140
151
176
150
133
173
195
251
262
249
216
169
183
153
151
159
149
147
150
169
134
151
149
145
153
129
149
143
142
149
135
146
145
163
171
143
166
139
166
155
179
185
204
231
227
187
178
158
130
134
134
133
130
141
150
158
147
139
164
162
181
239
186
211
169
159
143
150
146
130
129
131
127
133
135
117
132
116
143
128
146
146
172
164
174
194
156
174
167
131
127
120
136
143
137
142
140
157
177
218
201
185
175
183
166
151
161
143
156
143
148
163
152
151
166
150
158
147
184
184
159
154
166
165
136
150
180
199
268
298
266
267
186
144
125
120
124
127
133
131
119
152
161
213
286
276
297
217
183
174
146
126
176
159
175
181
153
145
141
134
144
142
132
127
129
125
126
125
119
141
135
142
138
153
130
131
149
165
163
156
145
118
126
116
129
149
128
151
147
150
155
171
139
125
131
135
142
155
182
174
196
203
222
243
270
272
278
185
159
153
117
112
111
121
143
154
151
158
155
141
127
138
122
128
141
146
144
136
142
117
126
116
138
124
125
149
129
149
167
216
243
210
191
217
175
188
196
175
165
141
143
117
127
126
116
100
126
103
150
111
152
138
136
140
118
117
107
84
108
119
128
124
110
132
109
106
148
147
168
174
157
150
148
130
103
145
138
123
135
142
139
120
124
143
142
128
102
126
113
122
127
124
133
137
199
271
285
282
266
197
192
141
169
146
190
191
175
176
150
142
131
134
146
153
157
156
170
134
140
117
121
122
146
159
172
162
157
163
217
343
455
489
456
405
269
193
151
128
122
128
119
114
131
116
110
120
118
126
127
131
99
116
107
125
179
239
241
314
323
316
221
201
174
168
124
135
136
162
159
210
240
231
218
168
151
114
103
115
114
113
125
154
228
255
314
245
211
176
141
133
132
137
126
129
116
135
112
131
117
106
98
116
124
106
109
128
125
168
185
283
319
311
294
216
160
126
104
129
109
131
101
115
144
154
168
158
140
92
130
119
118
137
206
240
287
299
245
188
153
129
111
104
113
107
92
127
101
104
129
100
103
100
113
96
100
116
114
132
165
155
148
124
141
109
132
126
104
99
108
103
98
98
107
102
118
117
117
118
113
96
113
119
102
112
118
113
133
169
126
132
110
95
125
87
103
94
122
90
105
113
94
95
83
93
93
103
95
101
127
119
123
106
114
144
135
161
134
150
109
134
121
91
123
112
109
108
90
117
122
120
89
122
120
117
93
123
115
97
111
102
93
97
109
115
108
113
117
120
114
114
101
105
79
131
117
119
143
127
118
105
110
107
93
102
100
112
119
98
114
129
127
143
174
184
171
139
147
136
108
132
139
165
158
180
229
240
268
271
283
223
172
115
112
115
105
87
111
84
105
82
99
108
81
107
88
105
100
105
102
108
115
145
160
160
161
160
173
179
124
99
85
85
108
87
100
92
102
93
83
98
97
92
101
96
111
109
110
96
127
129
104
116
123
171
199
264
297
254
231
186
136
127
116
98
100
91
102
89
112
105
71
102
83
101
82
100
84
62
90
100
87
82
83
91
83
100
113
128
127
121
102
109
105
93
118
90
83
96
100
74
99
78
101
94
93
106
101
98
78
90
93
88
78
77
105
84
101
95
100
97
96
94
70
88
83
75
57
79
84
94
73
104
94
88
68
81
73
108
80
106
110
116
97
93
86
76
83
116
91
107
94
86
81
94
104
76
94
114
93
93
94
104
94
67
80
87
83
90
94
93
89
73
87
90
99
99
110
125
105
97
86
112
92
104
85
104
82
65
90
103
95
71
86
81
77
80
78
64
71
81
79
78
76
77
78
92
69
74
83
83
76
103
91
95
117
118
100
81
85
95
88
99
114
103
92
74
81
67
87
92
77
86
92
98
94
102
125
145
167
205
257
189
219
146
154
87
83
67
70
64
82
79
89
109
130
139
163
238
290
332
340
293
240
162
113
113
85
76
81
87
78
86
60
90
92
92
81
83
90
79
96
96
103
90
80
92
88
96
98
83
96
119
86
95
98
75
88
86
76
74
80
86
94
103
95
88
96
93
118
159
219
259
271
221
161
143
120
94
88
77
77
86
86
96
85
74
86
83
67
75
83
88
71
86
84
80
71
92
89
71
80
69
71
85
72
91
77
73
75
75
97
77
76
75
65
77
72
77
91
94
86
68
85
77
95
96
56
70
82
89
67
67
79
66
78
81
63
66
78
86
55
83
89
85
94
88
105
81
98
80
77
90
108
94
124
122
116
118
99
122
104
101
107
95
99
86
82
85
61
98
91
79
79
73
60
89
75
72
69
65
70
84
61
60
85
72
74
80
87
83
91
70
77
89
89
87
81
93
96
100
81
101
84
82
83
100
99
124
133
140
145
164
166
134
126
100
88
101
73
79
95
65
72
84
59
63
82
74
79
95
93
83
100
103
98
83
95
90
79
90
101
80
85
90
81
67
68
75
73
67
64
61
58
57
67
67
75
65
77
72
59
75
68
71
63
75
62
77
75
66
83
59
72
92
59
96
72
75
74
63
73
71
63
70
83
73
94
83
74
89
103
114
123
104
72
85
79
86
77
85
81
75
77
80
68
72
53
88
76
70
89
82
111
82
109
165
200
232
251
274
227
190
164
120
87
78
71
77
76
71
66
78
93
68
70
66
67
80
54
57
53
65
55
62
75
59
95
78
85
91
92
87
90
86
94
107
106
97
88
74
82
85
56
73
58
77
65
79
71
82
71
67
66
77
97
80
83
85
79
105
113
96
82
88
67
66
82
77
83
66
67
62
68
71
70
67
60
66
65
59
55
57
67
67
75
59
67
52
59
67
79
53
62
48
52
59
86
99
78
71
80
69
84
67
58
69
68
64
66
75
59
49
60
77
76
80
77
62
79
65
55
70
64
73
78
66
67
54
62
61
56
59
82
71
78
61
77
74
81
61
61
60
66
54
73
76
64
75
73
67
48
67
62
82
48
59
52
65
58
75
55
58
70
74
62
61
75
72
67
51
72
59
61
72
73
72
52
70
85
88
95
96
91
108
117
81
67
71
79
69
83
60
64
57
63
58
57
62
54
53
68
52
65
63
60
65
69
55
66
59
64
66
65
77
73
81
57
60
58
72
73
68
81
78
68
88
65
75
86
69
76
69
79
59
85
72
84
72
72
57
57
65
54
65
62
72
76
74
88
73
73
61
61
72
66
93
75
93
105
104
93
85
79
73
63
76
75
84
69
72
92
104
126
129
151
188
221
226
239
310
322
348
350
354
389
379
365
318
317
268
226
190
191
171
148
143
123
131
110
101
96
96
105
98
111
115
135
133
108
96
73
73
65
63
58
69
73
72
61
58
71
71
52
62
93
57
79
51
70
68
58
62
52
63
54
66
70
50
63
65
54
60
70
65
75
76
49
54
60
53
53
68
39
69
67
72
56
64
57
63
57
57
56
61
86
62
57
59
61
73
75
76
74
76
79
79
96
105
134
158
178
164
162
160
112
100
96
55
61
66
63
72
62
52
62
56
62
52
68
49
73
56
62
60
66
80
77
91
100
71
79
58
62
53
68
50
55
52
65
59
47
58
59
44
64
58
58
65
85
68
77
80
67
73
80
83
94
114
112
130
139
109
76
73
73
67
50
59
45
60
62
69
63
52
51
54
53
53
50
63
58
74
51
55
59
75
66
62
54
51
78
42
60
67
57
56
65
47
67
65
57
66
55
58
59
56
54
65
68
65
76
54
67
49
47
60
52
54
45
47
48
53
35
58
44
75
65
79
72
95
87
77
90
91
71
70
83
69
51
77
63
68
59
74
64
65
78
51
54
51
49
50
66
48
57
40
59
51
42
62
58
64
56
72
56
71
78
68
73
91
106
88
81
60
57
69
46
56
50
54
62
37
48
72
62
67
70
67
55
43
69
61
53
54
58
48
51
42
63
49
57
65
46
50
65
52
48
37
63
54
63
52
61
32
40
48
48
54
48
49
49
60
54
43
38
54
48
54
51
48
61
47
44
47
58
75
47
46
72
55
55
57
55
54
64
67
70
70
66
65
70
97
72
60
48
64
65
60
61
53
62
61
55
52
52
50
66
48
56
51
61
70
55
69
85
86
57
77
58
50
68
62
52
53
50
59
62
52
60
51
65
54
54
62
46
62
46
45
50
46
56
61
44
63
58
58
95
119
175
235
273
310
275
236
197
174
107
93
79
55
69
50
54
49
49
50
49
50
55
66
49
57
53
65
46
51
43
45
48
48
62
48
59
54
48
49
41
54
59
63
61
45
53
53
56
49
54
55
56
48
50
63
64
51
53
53
64
79
114
133
203
258
331
358
323
263
211
167
109
94
80
65
76
70
60
44
49
53
39
44
58
54
46
48
40
45
46
42
48
53
54
53
66
69
72
85
90
90
104
89
100
73
84
48
58
51
49
59
53
50
45
53
50
44
75
78
74
67
73
75
67
59
61
66
50
56
46
36
33
62
64
46
37
45
40
49
39
37
40
51
31
48
47
46
38
46
63
56
52
41
49
55
49
42
62
57
52
64
57
58
56
69
67
91
91
69
76
58
60
57
47
49
48
47
53
53
47
51
39
51
42
52
64
42
39
55
43
55
58
66
55
74
58
57
58
54
44
41
50
45
41
50
47
42
54
53
62
47
46
50
52
62
62
47
67
68
52
60
49
54
53
55
56
50
48
54
48
39
46
32
42
47
60
58
63
53
64
62
54
46
45
53
56
52
34
45
37
47
52
39
45
42
43
45
44
54
57
57
44
65
59
67
71
67
72
56
66
76
68
70
65
58
59
54
52
49
47
59
65
55
69
68
72
94
86
77
63
63
59
48
53
52
58
60
52
61
69
60
62
46
51
44
52
50
33
43
37
53
38
35
32
54
35
43
47
38
51
48
47
53
45
54
58
57
63
67
56
63
54
50
53
48
56
59
50
52
45
53
53
40
39
51
61
43
57
67
85
86
97
100
108
117
102
71
52
49
36
48
38
37
50
45
49
30
63
46
42
50
49
57
50
49
43
37
46
50
45
64
52
53
33
49
49
40
36
55
39
57
35
52
48
43
49
42
51
52
57
65
59
67
46
48
54
58
58
40
48
39
37
33
42
38
36
38
49
44
47
38
39
43
50
54
47
47
41
34
54
44
38
39
50
54
47
54
47
42
49
47
38
43
49
49
34
38
40
37
35
38
47
38
31
42
45
38
35
39
43
36
41
34
52
43
31
44
33
46
46
34
40
43
45
40
40
42
38
31
44
45
40
46
33
54
36
34
41
39
54
49
62
50
74
65
82
57
59
65
46
63
43
40
46
55
56
57
28
43
47
53
51
45
38
47
46
43
38
60
54
50
51
36
42
32
53
38
52
44
40
42
46
48
40
32
34
59
33
34
42
45
40
48
46
48
57
66
82
109
122
127
205
189
170
184
144
92
69
67
64
42
44
34
46
29
40
41
44
50
35
44
46
38
39
42
32
44
54
45
53
37
35
36
52
62
43
40
47
43
49
55
40
43
46
45
48
33
49
34
39
45
42
41
41
44
35
40
46
25
30
52
34
36
47
61
45
55
58
69
71
90
95
79
72
66
42
47
38
43
56
43
47
47
31
51
51
36
49
45
42
39
34
46
41
40
37
25
35
30
39
32
43
37
39
49
29
39
34
41
36
40
36
45
49
52
50
45
53
72
44
43
53
55
57
45
39
54
40
46
41
40
55
55
45
43
49
62
81
110
114
162
191
191
190
159
114
99
67
59
49
52
51
42
42
37
41
49
45
57
40
37
36
36
32
40
41
34
35
32
38
38
36
38
36
28
40
32
41
36
41
41
48
46
49
65
59
57
59
50
39
37
28
35
28
52
42
48
45
50
54
40
63
44
32
38
30
36
39
43
43
31
35
24
43
49
42
50
48
50
38
53
44
38
33
34
39
45
30
39
39
39
44
47
46
52
64
76
88
95
113
103
110
104
86
70
45
42
42
33
40
40
34
46
50
31
35
40
32
40
40
30
34
25
39
30
26
41
42
43
38
47
36
46
60
50
50
50
36
33
39
41
36
30
37
35
37
33
32
34
34
31
39
34
36
32
39
28
35
33
35
31
38
52
44
35
30
31
29
30
37
34
34
40
38
28
34
40
37
35
48
37
43
37
42
47
44
33
39
38
42
47
27
40
45
40
28
31
38
44
45
44
48
38
42
40
41
31
29
33
32
43
35
34
40
44
30
39
42
39
29
47
55
65
57
56
57
35
50
46
56
36
46
35
45
30
32
42
33
35
39
25
42
29
41
43
40
46
45
44
49
43
51
45
31
44
41
51
42
50
45
51
38
46
39
43
40
33
55
42
41
37
45
34
34
35
37
31
28
32
37
41
48
35
36
52
41
42
59
64
49
57
51
63
54
32
33
35
34
31
39
42
45
45
34
47
35
32
36
38
36
27
38
36
31
35
33
25
48
38
32
35
44
44
51
64
71
52
59
67
59
66
48
52
51
28
34
36
32
35
35
33
36
34
34
36
40
35
34
36
31
41
56
45
48
35
63
66
78
85
70
72
62
52
37
42
43
35
42
42
30
34
37
22
31
36
36
32
36
28
30
35
30
48
46
66
38
55
47
48
22
35
33
40
47
33
47
41
29
33
49
34
26
36
42
42
31
38
22
29
21
28
26
34
29
32
43
46
47
79
71
85
80
82
53
45
37
36
27
29
28
38
35
33
41
37
36
31
29
26
47
29
34
38
30
23
29
18
30
32
31
30
21
22
39
42
23
41
26
46
30
30
35
34
40
33
28
29
31
38
37
37
32
34
40
45
60
57
83
70
49
67
53
45
41
28
36
31
38
41
32
33
31
27
37
18
37
30
32
35
27
26
25
29
32
32
31
24
42
37
31
31
28
37
31
34
37
49
38
45
35
23
32
23
26
28
30
37
36
32
32
26
29
24
39
38
37
34
31
28
31
35
29
30
26
28
23
37
40
35
73
76
102
110
131
116
115
82
58
65
36
36
35
36
26
34
41
37
39
50
48
49
54
55
45
39
37
31
31
35
33
48
33
49
47
30
29
37
39
36
40
56
52
67
82
83
86
68
62
53
55
43
37
38
34
38
27
34
17
39
33
29
32
33
44
30
39
38
36
35
34
45
44
60
42
46
52
44
35
24
42
45
52
44
58
52
48
48
33
32
31
32
32
33
30
37
24
38
34
26
31
20
33
26
35
27
27
33
23
38
30
32
27
37
30
31
31
36
26
31
29
32
26
24
36
20
28
27
26
26
25
17
38
32
32
32
19
26
16
34
28
28
33
32
32
26
30
25
43
32
33
31
28
30
36
31
27
23
26
29
31
20
32
24
24
32
27
31
29
27
33
37
28
30
33
29
33
32
31
21
29
34
25
23
35
22
20
20
35
29
28
28
28
27
24
33
20
29
33
20
28
38
32
41
24
26
28
29
24
36
30
29
28
22
23
19
27
34
30
30
25
25
15
26
25
25
33
44
42
63
72
68
88
76
62
59
64
40
45
34
33
33
29
41
30
29
30
41
36
19
34
27
25
23
40
38
38
26
28
28
24
31
34
38
34
30
23
24
30
34
27
25
33
38
34
49
43
30
45
33
27
38
25
32
24
22
23
35
30
31
27
45
42
44
79
86
75
80
59
61
46
36
28
33
30
27
27
30
38
16
42
33
27
30
27
29
33
41
32
38
29
26
35
36
35
32
33
43
40
37
44
36
40
44
38
40
37
23
22
18
18
23
25
18
29
38
39
49
31
39
34
50
35
37
32
27
28
23
20
22
20
24
15
24
31
38
31
26
34
24
32
21
37
28
27
28
32
27
23
20
29
41
32
41
31
43
24
27
23
35
29
24
31
39
38
40
49
44
45
62
45
60
43
40
20
30
31
31
29
32
35
38
39
47
40
41
37
42
44
36
41
39
45
32
32
33
48
28
18
26
39
33
32
38
19
20
29
28
36
20
33
30
21
35
37
28
26
43
37
49
62
77
78
87
75
70
63
46
32
28
29
30
32
25
30
16
22
33
31
21
17
25
20
35
28
25
20
39
21
29
21
26
33
24
25
38
32
34
29
37
33
26
27
28
23
36
26
31
32
30
29
30
29
32
28
31
36
32
28
27
25
33
25
27
29
29
31
28
26
31
31
31
39
35
39
32
47
39
43
40
39
41
33
45
39
23
30
43
29
32
25
21
24
20
30
30
22
30
30
38
35
28
24
31
22
33
18
30
23
21
37
18
23
27
27
26
28
23
26
25
20
31
32
26
42
39
49
51
55
44
63
55
41
32
40
33
45
31
25
17
25
33
21
24
35
25
39
26
31
30
29
30
23
27
41
38
43
36
50
39
24
37
27
36
25
27
31
31
22
29
22
34
34
24
35
23
33
42
48
48
59
61
49
67
53
57
47
38
28
31
24
19
28
15
19
14
19
32
21
28
25
24
24
30
26
30
24
23
20
18
21
25
21
24
28
24
24
20
32
26
22
16
31
25
17
30
20
20
27
27
26
31
19
24
24
27
25
22
26
23
25
28
27
17
26
33
30
24
26
28
22
25
16
34
27
28
33
42
44
34
44
39
49
33
37
24
25
26
23
27
38
28
39
31
26
34
28
26
30
35
28
41
49
61
98
100
102
136
134
156
113
90
93
55
47
34
41
30
31
30
27
19
27
21
17
24
26
26
21
30
18
29
31
22
17
37
17
32
34
30
25
27
36
22
24
22
29
28
30
29
27
21
20
21
24
20
28
30
25
27
17
17
23
27
30
22
20
20
25
26
27
29
34
29
20
24
24
37
33
24
24
32
30
38
45
32
43
34
43
32
30
21
25
26
28
21
25
26
29
32
31
28
33
28
27
20
24
26
25
25
23
21
27
35
26
29
19
26
31
25
31
25
21
24
21
31
20
22
19
24
33
23
30
26
23
17
29
28
28
25
27
30
45
30
43
32
33
45
35
38
34
30
22
23
26
30
19
21
33
19
30
30
15
22
15
22
16
17
17
20
26
17
25
28
28
23
22
34
34
25
25
21
27
28
25
23
29
31
25
31
28
39
27
37
23
26
24
24
28
25
33
32
33
32
38
35
45
31
30
30
28
29
26
20
19
28
29
24
19
16
20
29
14
26
25
20
23
22
19
39
29
39
30
37
25
27
24
31
32
20
24
22
14
33
32
26
35
33
33
21
25
19
22
32
27
28
32
35
30
34
33
34
35
33
41
36
31
35
25
25
26
27
30
36
32
26
36
23
25
26
38
23
27
20
19
18
22
21
27
27
23
16
23
24
32
20
29
19
25
24
23
34
34
29
39
31
37
37
28
13
35
21
18
28
18
20
17
15
26
24
29
23
20
20
19
23
22
29
23
24
22
18
20
23
23
22
21
26
20
19
33
32
18
29
31
41
35
33
26
37
39
35
33
30
31
34
31
25
29
32
29
21
29
20
23
27
16
24
19
19
26
26
26
22
28
20
16
20
33
25
19
30
16
32
30
20
18
20
30
23
25
31
16
16
21
28
16
17
17
25
21
27
20
15
32
25
24
24
28
19
21
19
21
19
18
36
31
16
15
25
18
19
22
23
14
28
27
21
21
17
19
25
21
30
22
24
18
21
24
19
23
21
21
10
21
19
27
30
35
37
28
25
29
29
29
20
22
21
18
15
22
21
20
26
25
22
21
15
14
18
19
21
25
25
27
29
20
24
17
25
14
23
21
24
26
21
34
33
32
23
27
18
25
20
12
25
11
14
25
15
29
25
15
17
26
23
19
23
23
23
24
15
24
17
21
15
28
21
17
29
17
23
22
24
22
23
24
21
21
28
20
18
24
19
29
16
23
19
30
31
29
30
43
37
39
35
37
39
23
21
30
19
15
18
25
21
12
16
18
13
18
18
22
26
29
19
11
26
13
17
25
24
23
17
20
20
21
20
22
23
23
25
22
17
19
17
17
20
17
13
25
18
14
19
15
13
22
22
16
17
11
20
14
23
18
24
25
21
22
13
18
23
26
28
22
27
19
30
26
37
25
27
20
27
39
20
19
19
32
31
23
44
42
63
76
65
56
35
38
32
22
17
24
20
22
12
23
17
18
25
25
20
20
26
20
25
16
19
26
16
29
25
21
25
23
22
24
25
29
26
21
25
27
21
23
25
25
19
25
28
20
23
23
19
24
18
23
24
22
32
19
19
20
13
29
24
18
19
25
16
19
23
16
25
28
31
23
24
17
30
24
23
25
19
13
19
30
20
22
16
32
28
16
27
16
11
22
18
18
38
24
17
25
22
26
26
17
19
22
27
22
13
22
16
22
30
30
17
47
31
21
31
33
29
31
18
28
28
32
32
25
20
24
26
28
27
23
23
21
20
27
38
33
32
35
23
23
14
26
23
20
18
26
29
22
21
23
20
22
32
29
16
25
21
16
23
20
19
21
30
26
17
21
27
32
21
20
23
25
11
20
36
33
19
24
28
23
23
22
16
15
26
24
18
21
20
27
27
36
24
27
25
16
30
25
22
20
19
21
30
18
34
22
32
35
24
16
34
18
27
25
18
28
21
28
19
30
28
22
18
25
25
23
23
24
20
27
26
18
25
16
14
17
30
27
24
13
24
19
25
29
14
25
19
17
21
22
17
20
26
19
20
15
38
26
26
24
23
40
36
34
36
35
36
22
31
27
19
14
30
17
25
19
20
18
28
15
17
23
22
25
22
24
18
17
22
22
28
23
24
23
12
11
21
17
15
22
24
22
30
18
17
21
17
22
19
27
21
22
21
18
27
21
22
22
27
26
29
18
20
13
21
11
22
17
23
36
28
27
38
27
28
22
17
10
23
21
20
14
19
16
16
19
27
25
23
16
21
22
24
18
25
25
24
17
17
26
11
22
27
12
12
24
21
16
17
18
25
22
31
16
19
31
13
17
25
20
21
19
19
23
24
21
19
20
20
19
29
20
36
20
19
28
18
18
28
21
21
20
19
18
26
14
17
24
19
20
21
22
19
25
16
32
20
20
14
16
20
24
14
17
18
19
17
23
18
21
19
25
30
24
16
20
24
17
26
19
31
24
22
13
12
17
12
23
19
32
26
18
19
21
14
25
11
15
11
24
15
24
19
13
15
16
19
17
20
18
19
20
17
20
22
18
18
17
15
19
26
18
37
17
11
17
13
12
11
17
20
16
17
14
20
18
16
16
17
21
17
18
11
26
23
16
19
23
19
10
18
21
24
24
28
16
34
28
21
16
15
21
13
12
21
23
15
23
18
31
29
26
26
32
29
36
21
25
17
19
30
12
27
28
27
18
30
27
26
26
40
33
36
39
37
20
21
19
27
18
25
18
18
18
25
17
25
19
23
20
27
13
13
23
23
20
21
13
17
23
16
26
30
19
14
22
33
12
24
22
19
20
12
21
20
22
20
17
21
15
17
17
23
22
24
26
23
27
25
12
16
31
19
24
24
20
9
23
25
19
20
24
15
21
24
21
20
18
15
25
16
8
19
17
14
18
18
19
22
14
28
21
28
23
22
15
20
16
19
21
20
13
18
19
18
12
19
25
16
27
24
23
23
32
32
27
33
27
24
32
13
20
10
24
21
14
9
22
20
21
16
15
22
16
28
18
17
20
9
20
18
17
25
16
17
24
17
20
13
15
16
16
11
9
19
17
16
17
16
19
22
20
6
15
26
14
11
19
17
13
22
15
23
12
18
25
22
14
31
19
20
20
27
23
18
27
15
20
23
19
22
20
12
16
26
18
19
18
24
20
25
25
15
12
21
12
14
17
17
19
13
11
14
14
10
21
20
22
19
13
28
16
23
33
19
23
15
19
19
22
28
24
21
24
19
17
14
27
17
19
17
22
32
20
16
16
20
18
15
10
24
18
14
18
24
20
12
19
11
12
20
19
11
15
14
18
12
18
14
9
13
16
17
11
10
11
19
15
15
24
10
19
16
15
19
15
27
17
22
24
22
21
26
21
26
17
17
23
10
17
24
13
13
11
17
14
21
21
21
17
13
21
14
23
27
28
17
21
19
18
17
10
21
23
21
11
22
27
25
23
22
18
24
22
18
25
16
23
19
18
22
21
11
19
25
20
16
26
17
10
16
20
10
17
16
11
22
14
15
13
13
9
17
18
14
22
17
8
17
13
18
19
13
17
24
15
21
18
22
12
18
16
21
15
17
16
20
20
12
14
15
18
16
18
14
9
19
13
16
23
18
11
23
18
15
20
27
24
36
23
30
25
21
21
14
15
20
10
15
17
15
9
12
18
11
21
25
21
14
16
16
13
11
14
18
17
13
15
16
14
22
17
12
10
17
7
18
18
13
18
16
17
11
19
13
17
10
17
11
13
15
15
10
17
23
16
13
24
26
19
16
17
14
15
16
16
7
8
21
13
10
12
17
15
14
14
13
17
15
25
16
13
11
13
25
11
22
18
17
8
23
16
20
12
18
8
15
12
11
11
11
14
19
15
19
27
16
19
24
24
13
23
17
12
20
16
13
25
13
17
10
15
19
15
10
16
21
25
20
19
31
28
18
10
26
22
19
11
21
16
14
14
11
12
24
16
19
30
34
50
41
43
46
42
37
39
29
15
21
26
19
24
24
28
23
23
19
15
19
19
16
13
14
18
17
12
12
9
15
15
15
18
11
10
16
13
16
15
12
26
23
21
37
27
26
37
28
25
21
14
14
20
11
10
25
19
8
15
21
12
10
20
20
14
18
8
16
14
9
17
10
13
16
12
14
13
8
16
10
12
9
13
15
9
15
9
13
6
13
12
19
11
13
10
13
13
12
8
19
12
20
17
14
14
22
22
17
16
17
20
17
10
11
12
22
14
16
10
13
13
14
13
14
9
9
14
14
17
15
4
10
15
7
10
12
8
8
10
5
8
10
11
10
14
10
7
9
12
12
12
13
16
7
10
12
11
11
13
11
10
13
16
13
16
9
13
18
26
15
16
20
20
11
16
11
17
7
13
17
11
13
25
11
7
13
12
10
13
11
10
13
18
17
15
13
14
7
14
12
8
12
9
10
16
15
12
8
15
10
10
5
16
14
14
11
13
19
9
12
10
19
15
12
11
12
11
15
14
16
7
14
17
21
11
14
17
15
16
11
10
11
10
9
13
13
17
14
18
17
11
20
17
12
11
15
9
13
9
12
13
11
19
9
11
12
10
10
8
8
20
13
9
7
12
12
3
14
8
15
19
10
16
20
20
10
16
15
19
18
12
9
15
10
11
6
16
14
4
13
10
11
17
14
16
8
13
14
8
12
18
13
10
17
9
12
14
13
12
17
20
18
10
20
13
16
19
18
24
14
20
9
16
10
16
14
20
13
15
13
10
12
11
15
18
17
16
16
19
16
13
13
25
18
21
15
11
16
10
13
12
11
15
14
25
22
29
22
21
15
11
14
16
16
11
12
13
18
10
17
24
11
10
12
12
10
19
10
16
15
19
16
9
14
11
13
10
7
9
11
14
12
9
10
17
10
19
9
19
12
19
18
12
8
22
17
11
15
12
19
14
13
7
11
15
7
6
16
17
11
15
18
14
9
9
17
12
12
11
13
10
11
13
16
4
8
10
16
13
17
11
15
8
21
10
15
12
16
6
13
15
6
11
19
7
12
9
11
12
7
11
11
13
11
16
11
14
12
12
16
14
12
8
11
10
12
11
15
13
17
13
14
13
11
11
12
13
10
12
10
12
8
7
15
20
14
12
10
10
17
12
15
10
22
23
15
28
21
20
25
31
25
23
22
19
16
11
16
16
19
14
16
14
10
13
14
12
14
13
13
17
16
19
16
11
6
13
16
15
14
13
8
15
12
16
20
20
16
11
16
16
12
15
19
16
13
18
13
13
9
14
11
11
11
13
12
12
10
6
10
12
17
15
24
31
29
51
55
94
111
123
132
133
122
107
89
77
47
43
31
26
19
7
16
11
7
10
7
12
10
17
12
11
20
19
21
9
12
12
12
20
13
17
11
16
15
14
12
14
14
19
16
23
14
16
17
15
23
22
16
15
11
9
8
7
12
14
11
7
10
8
16
8
13
18
6
18
12
11
7
6
12
13
10
14
10
7
14
14
16
12
16
12
7
9
12
12
14
11
13
7
12
10
9
9
14
13
10
16
8
11
7
14
14
12
11
12
15
13
10
20
5
8
9
14
13
10
9
5
13
10
14
9
10
8
7
10
10
9
14
12
13
16
14
21
7
8
11
11
6
8
9
12
13
13
9
4
6
11
7
8
14
16
11
14
8
19
17
10
15
13
14
16
15
18
25
32
49
45
71
86
86
69
83
54
46
37
41
24
15
13
5
15
9
10
8
7
16
9
9
9
13
9
17
17
7
9
8
7
11
11
15
6
6
13
21
11
8
14
18
13
6
16
7
5
7
16
14
19
10
11
8
11
12
13
9
13
12
9
14
7
13
6
17
6
5
10
17
12
10
15
16
15
11
12
4
9
11
9
12
8
9
13
9
15
8
6
8
14
12
8
15
4
13
6
16
9
9
8
16
16
11
8
12
8
9
15
9
12
12
10
13
15
12
12
10
8
11
9
13
7
11
13
6
8
9
7
9
10
11
6
7
11
13
11
11
15
11
8
9
14
8
17
10
10
14
10
10
12
7
9
13
14
13
5
10
10
8
7
9
6
5
5
12
15
16
9
12
10
8
9
6
11
11
8
13
7
7
16
13
5
12
13
7
18
17
11
7
6
14
12
12
8
6
9
18
13
8
11
15
11
8
14
10
10
10
11
9
12
13
8
6
10
11
8
16
16
19
12
6
8
12
12
16
21
6
8
12
15
6
10
9
13
4
8
12
7
13
13
6
10
12
9
9
9
10
16
8
9
7
11
14
4
10
10
13
7
9
10
9
11
16
14
11
17
16
7
13
14
16
12
4
15
10
10
13
14
6
7
15
6
13
15
2
8
14
12
16
20
13
12
11
9
13
18
5
10
21
12
14
12
14
12
15
9
11
10
5
17
15
10
10
11
18
11
10
13
11
15
18
12
9
7
12
10
11
9
15
11
15
8
15
9
14
7
7
13
9
9
10
11
5
11
8
9
8
9
13
12
7
12
10
10
3
6
12
12
8
5
13
8
6
13
10
12
15
12
13
12
19
13
12
13
7
9
11
12
11
7
12
7
7
8
10
11
10
7
15
11
10
7
16
13
12
21
13
15
11
11
15
7
8
8
8
11
9
9
5
18
4
7
8
13
13
18
15
12
12
10
9
9
14
10
9
15
12
8
10
11
8
13
8
10
7
6
9
12
4
8
13
4
6
13
10
9
9
12
17
7
10
11
12
10
6
9
9
12
8
8
10
3
7
18
14
16
11
18
13
13
5
10
12
14
13
8
8
9
14
11
8
6
10
5
5
10
14
11
10
10
3
7
9
8
8
10
9
7
12
8
8
6
7
6
7
10
6
8
9
10
8
14
10
7
9
17
13
7
10
12
17
10
12
10
8
8
14
10
10
6
11
11
11
13
29
12
20
9
11
20
10
8
13
9
9
14
11
13
7
9
9
8
12
5
14
7
3
8
13
7
9
11
6
11
9
6
10
6
5
11
5
8
12
9
13
12
8
10
9
11
9
10
9
12
11
10
9
10
6
5
8
5
12
4
9
13
8
10
11
7
11
11
9
8
13
14
9
11
12
7
7
13
10
13
13
11
11
11
8
11
8
4
9
15
9
8
10
7
12
8
6
8
7
9
7
5
10
9
3
8
10
14
15
6
8
7
10
7
11
3
16
7
7
8
16
8
11
13
12
15
16
11
14
12
13
11
14
10
10
9
17
7
6
7
15
7
9
8
14
7
12
9
11
15
6
8
5
13
6
7
6
3
6
12
10
8
11
10
16
11
10
9
12
5
4
11
14
6
7
9
17
9
10
8
9
4
13
11
4
10
8
10
7
6
10
12
12
5
12
12
9
10
7
5
6
8
8
12
12
11
0
15
7
12
9
7
6
5
13
8
6
14
8
9
9
9
9
10
12
12
10
12
9
9
8
8
6
11
12
10
8
8
18
18
8
7
10
15
10
11
13
8
13
9
18
7
7
8
6
5
13
9
14
13
12
10
17
24
7
8
10
13
16
7
10
12
5
12
12
5
3
3
9
12
11
7
12
11
11
11
14
15
8
6
11
7
8
5
3
8
6
7
9
7
6
9
11
8
6
9
8
5
11
16
14
8
8
4
5
11
4
12
2
2
9
12
7
8
9
9
8
7
8
8
8
6
8
4
10
7
13
7
12
7
16
9
9
14
7
5
12
11
13
9
16
4
7
12
8
16
12
8
11
10
8
16
18
18
19
12
10
8
8
11
11
10
7
9
8
8
14
7
9
8
8
11
10
7
8
16
8
9
8
4
11
6
8
9
8
9
14
8
11
11
7
12
6
10
7
8
10
8
11
3
4
3
11
10
7
11
6
7
7
11
13
5
9
9
6
17
9
10
7
11
11
9
10
10
10
10
10
6
9
10
8
9
6
6
6
12
13
6
7
8
8
12
12
9
3
10
16
11
6
6
10
16
5
18
5
7
7
10
11
11
6
10
8
6
5
10
8
10
6
7
8
6
7
16
7
8
13
15
6
10
6
5
14
11
12
12
8
9
10
13
5
11
7
11
11
9
8
5
14
5
3
10
8
12
4
10
12
10
12
8
14
4
9
8
11
8
11
10
9
16
14
10
7
10
8
10
10
4
8
7
8
13
11
7
8
14
8
4
13
18
12
15
9
9
17
11
11
6
6
18
12
11
13
8
12
8
8
7
11
8
7
8
12
7
6
4
10
15
19
13
7
11
5
16
17
10
6
10
5
20
12
9
7
11
4
7
11
6
10
5
8
10
13
6
5
6
11
6
10
14
11
9
5
12
6
11
9
17
9
8
4
5
11
5
9
4
9
9
7
5
4
5
6
9
14
11
9
9
6
12
7
9
11
5
6
9
9
10
10
2
5
11
7
10
4
7
4
3
5
6
12
15
9
13
12
9
12
8
12
9
12
7
7
9
8
15
10
11
13
8
6
2
8
10
11
12
7
7
10
12
14
13
16
10
12
8
13
7
13
4
10
8
7
2
11
2
11
15
2
1
5
10
5
18
4
5
13
6
12
8
5
7
2
9
8
14
7
7
13
12
8
14
8
7
15
10
8
11
13
11
7
15
4
6
6
10
5
9
6
5
8
8
6
9
11
7
7
9
6
8
9
7
9
15
10
10
6
8
6
8
11
8
8
9
11
7
8
8
5
6
11
10
5
12
7
8
12
8
9
14
6
10
9
7
10
6
7
13
11
3
5
6
7
7
10
11
10
5
9
11
4
8
14
10
14
10
6
6
4
11
7
11
7
7
15
10
12
9
6
5
4
8
8
9
5
2
6
13
5
13
4
15
14
12
5
12
8
16
14
9
10
16
14
7
9
10
5
6
15
9
6
8
7
5
11
7
10
7
10
12
5
6
7
5
6
6
8
7
11
8
10
7
4
5
8
2
4
6
5
6
9
11
3
9
10
7
16
8
11
8
11
5
9
7
7
9
8
8
5
3
7
8
9
6
4
11
5
6
2
9
5
11
6
7
7
10
9
6
7
7
6
5
10
9
7
3
11
11
7
6
2
10
9
3
12
3
10
7
5
5
7
12
11
5
6
4
8
10
7
7
10
10
6
11
7
11
6
6
7
7
8
8
4
5
9
7
4
13
7
11
14
15
6
2
5
7
7
8
4
7
4
4
4
7
8
8
5
13
7
8
5
3
8
11
3
5
8
9
12
12
11
8
8
6
11
11
7
4
0
6
7
10
9
11
12
12
12
15
16
7
13
14
16
13
15
14
7
11
5
9
8
8
6
7
6
13
6
16
8
12
8
9
7
10
7
8
5
5
10
5
9
5
8
10
8
8
10
4
11
10
9
8
7
5
9
12
17
8
8
7
5
12
8
5
9
7
5
8
9
6
4
9
8
6
6
7
3
10
6
6
6
11
15
9
12
14
5
12
8
11
11
12
6
4
11
11
7
9
8
11
7
8
5
5
11
9
9
6
12
7
11
4
10
5
7
10
8
9
4
10
9
4
7
18
7
6
9
6
8
13
5
8
9
11
5
10
6
6
5
7
12
10
8
12
9
6
12
16
4
10
4
6
4
8
10
8
9
6
6
6
13
5
11
12
6
9
8
7
8
7
11
11
5
5
6
7
5
9
12
5
10
7
7
7
8
6
9
4
7
8
4
3
8
9
11
7
12
9
8
10
9
4
3
9
7
11
3
9
4
8
9
5
6
9
5
2
6
4
7
12
6
12
10
6
6
7
8
7
5
7
8
10
10
2
8
11
4
5
6
4
4
10
7
8
6
4
8
9
9
8
5
10
8
9
7
11
2
4
8
6
2
6
6
8
4
6
7
6
9
3
4
1
5
6
7
5
9
4
3
3
9
7
9
5
13
9
10
4
15
9
8
8
6
6
3
8
12
4
4
6
8
12
5
10
3
9
8
6
5
4
3
9
6
8
8
10
8
2
13
9
10
6
4
13
6
4
5
5
5
4
8
7
9
6
9
3
8
10
12
7
2
10
7
5
12
8
10
6
10
8
9
9
4
7
3
16
4
7
9
8
10
6
5
7
11
5
3
8
6
8
3
9
10
6
8
11
7
8
8
6
11
6
13
9
6
7
7
10
4
7
8
6
9
6
11
8
6
9
3
6
5
11
9
6
4
6
10
7
7
7
4
8
6
7
5
7
13
6
9
9
7
3
6
7
11
10
8
5
7
9
5
5
5
14
9
6
9
5
11
7
5
9
9
6
7
5
5
13
14
5
5
7
5
7
9
4
16
9
10
8
8
6
2
9
12
5
12
14
7
20
10
13
8
8
8
6
7
9
12
6
6
9
7
12
10
7
7
6
7
5
6
9
3
13
6
4
3
4
7
6
10
5
5
5
6
6
5
9
9
3
5
5
6
3
4
5
5
8
11
4
10
5
3
5
8
10
3
6
4
5
7
10
10
7
5
5
6
3
7
3
4
6
8
7
11
10
4
5
6
8
6
7
6
2
10
8
6
5
7
9
9
10
6
5
6
9
7
5
4
3
10
6
5
7
7
2
6
8
10
9
2
6
7
9
7
7
8
13
4
5
10
4
9
6
8
9
8
9
7
1
8
7
5
9
3
6
5
6
6
7
6
11
7
10
7
3
7
8
6
7
5
5
3
9
9
5
5
3
0
8
10
3
7
6
12
8
5
11
7
7
8
3
8
11
7
7
10
6
5
5
8
11
6
8
12
2
0
6
7
4
5
2
3
7
5
9
4
4
4
16
7
6
4
6
8
5
3
1
9
7
12
9
8
7
9
6
7
7
9
3
5
4
7
6
9
10
5
9
8
6
14
5
5
6
9
8
7
4
6
13
7
8
6
7
7
7
6
6
8
4
7
7
6
6
10
7
6
8
7
9
5
3
9
7
2
9
4
7
7
7
8
6
6
6
4
11
4
5
4
6
7
6
6
6
6
5
7
4
5
8
6
8
8
13
6
6
4
6
6
5
8
9
10
6
9
4
10
4
7
2
7
6
7
6
5
3
2
5
7
8
10
8
4
10
3
6
8
7
6
11
7
6
3
4
1
5
8
8
6
6
9
7
8
6
2
5
9
4
9
10
10
8
7
8
7
9
6
6
6
6
3
6
6
7
2
10
5
6
7
2
5
6
4
5
4
5
4
8
8
6
10
7
8
11
5
4
5
8
7
7
6
12
5
3
6
8
7
5
6
8
11
7
7
7
11
7
2
6
6
8
5
5
5
3
5
4
7
6
7
5
5
7
5
7
3
2
7
6
9
4
6
4
4
2
9
7
5
7
8
5
6
8
10
4
8
9
7
5
7
5
7
10
9
5
3
9
9
8
4
7
4
5
7
9
4
7
7
9
8
6
6
3
2
4
5
6
11
10
7
4
5
2
10
3
7
5
4
9
5
4
6
4
8
8
7
5
6
8
7
5
5
5
13
6
8
2
3
1
5
7
7
3
8
9
7
8
6
5
5
6
9
8
9
3
12
8
5
7
1
7
7
6
5
10
8
4
7
5
10
7
10
3
5
3
3
6
8
6
7
8
14
10
3
5
3
9
5
2
5
3
8
2
10
11
8
6
7
8
12
3
6
6
7
8
8
7
8
7
6
5
4
5
7
6
5
5
7
10
10
8
11
6
8
10
8
13
9
13
6
8
11
12
7
7
8
8
9
5
9
9
5
4
5
2
5
6
6
5
8
3
5
6
8
6
8
4
7
5
9
10
5
5
8
7
4
4
10
5
9
9
7
5
9
7
5
3
9
6
2
5
7
13
4
4
1
5
5
6
6
3
5
5
3
2
5
8
1
4
6
2
9
7
5
7
4
3
4
5
6
5
4
4
6
8
5
7
7
6
6
6
5
4
9
7
5
4
4
3
6
5
7
7
4
4
4
3
5
5
8
10
8
3
12
4
7
8
5
6
4
4
7
6
7
6
7
4
3
8
7
3
8
2
10
12
9
7
11
8
12
6
2
11
5
2
0
4
4
5
2
5
7
3
10
4
7
13
1
7
0
8
6
5
5
5
3
10
8
5
7
7
6
5
9
11
6
4
8
7
6
5
6
6
5
5
5
2
8
3
8
3
4
6
6
6
2
5
4
2
3
4
8
7
6
7
10
6
5
1
8
4
7
5
5
8
5
2
6
9
5
4
1
3
6
8
10
10
11
10
14
12
11
9
12
5
11
8
6
5
8
5
7
6
1
4
3
4
2
4
5
6
6
4
3
3
4
5
8
5
7
2
2
5
2
3
4
6
3
6
7
6
3
5
4
6
7
6
6
4
4
4
3
10
8
7
5
7
9
5
6
8
10
5
3
6
5
5
3
4
7
4
2
3
1
4
2
9
9
13
7
14
8
8
6
6
9
11
12
9
9
7
5
2
3
6
4
3
6
5
6
3
3
7
10
7
3
7
3
4
5
7
3
5
8
6
7
8
10
7
5
6
7
5
3
7
7
6
6
7
5
4
4
7
7
2
3
3
1
6
2
5
6
4
5
4
7
2
3
6
5
3
2
11
3
6
4
5
8
7
4
5
4
7
9
5
2
3
4
7
6
3
5
6
4
3
4
4
4
6
12
11
5
3
5
6
4
11
1
6
12
2
7
6
7
7
10
12
9
9
3
12
3
4
9
3
5
4
6
6
6
7
7
9
7
3
5
5
7
5
2
3
1
3
1
5
6
7
7
3
10
4
2
6
2
4
3
7
7
3
5
5
6
5
6
6
3
7
4
8
11
5
7
8
6
3
9
4
4
5
6
6
4
8
7
5
3
3
6
7
4
6
6
2
9
1
0
6
8
6
8
5
1
6
4
6
2
6
10
4
7
4
2
3
5
5
4
8
9
1
6
4
4
3
3
4
4
11
5
3
4
6
6
3
3
10
3
7
2
5
4
8
4
4
6
1
5
5
3
5
5
6
7
5
6
3
6
9
3
3
7
6
8
6
6
6
8
2
4
6
7
2
3
7
5
7
11
3
9
6
8
4
2
4
10
4
5
5
8
6
4
2
4
5
4
7
2
4
4
9
5
7
6
5
2
7
2
6
7
6
5
7
2
6
5
5
2
4
6
3
2
5
3
6
3
6
5
3
7
4
7
2
3
5
4
6
7
9
3
5
4
2
4
6
5
4
5
9
3
9
2
9
5
6
7
2
5
12
10
5
8
4
8
13
7
11
7
2
13
5
6
8
8
7
1
7
5
4
6
8
5
7
3
2
4
5
4
4
10
6
4
0
5
2
3
7
1
5
4
4
11
2
3
4
9
3
5
5
0
5
12
6
7
7
6
1
6
8
5
6
2
5
5
5
2
5
5
6
9
6
3
6
2
5
3
4
7
6
6
4
5
4
0
4
5
3
7
9
8
5
2
5
1
6
1
3
5
4
6
8
5
7
6
6
7
5
5
7
8
4
4
4
8
6
3
11
4
5
5
2
5
2
1
4
3
2
2
5
5
7
6
7
4
6
5
2
4
9
10
8
7
4
4
5
5
4
5
4
7
5
6
8
4
2
9
6
3
8
2
9
3
4
6
5
10
4
9
6
6
3
6
5
8
8
8
8
1
7
5
6
2
5
4
6
5
3
5
7
6
5
3
1
5
7
1
0
3
2
6
5
4
5
4
4
2
7
3
0
5
4
6
0
6
7
4
7
3
1
6
2
4
3
2
4
4
8
5
5
7
4
4
9
4
3
2
4
11
2
5
11
3
4
5
5
2
8
4
5
1
5
4
5
3
8
5
5
4
6
5
4
5
1
2
4
3
4
4
4
4
7
5
1
4
2
4
3
2
6
7
8
3
5
7
1
3
11
2
3
6
4
4
6
6
6
6
5
3
7
5
1
2
4
3
3
6
2
6
9
4
7
5
5
5
4
0
3
5
8
4
2
4
8
9
1
4
2
0
5
3
1
3
4
5
5
11
6
1
6
7
3
7
5
7
1
5
1
3
4
6
1
1
4
4
5
4
3
4
4
4
4
5
5
3
4
3
3
5
6
4
4
11
6
7
5
4
7
5
12
8
6
9
6
7
3
9
8
7
5
6
6
4
6
10
6
7
11
5
5
8
7
3
4
2
4
6
5
6
7
3
7
3
4
3
3
2
3
4
9
3
3
7
6
2
6
6
5
4
2
4
5
6
6
8
3
7
7
1
5
3
6
5
5
3
5
1
2
5
1
5
8
6
5
4
4
9
6
5
1
5
1
2
6
3
3
3
1
2
1
1
2
3
4
5
3
6
6
2
3
6
2
7
9
1
6
8
4
5
5
4
3
6
5
4
4
3
3
6
2
4
3
4
6
5
10
2
2
6
2
4
6
5
7
3
4
3
4
2
6
3
3
5
4
8
4
3
2
4
7
7
5
5
2
4
7
8
7
6
4
2
4
7
5
5
0
2
5
2
3
2
2
4
4
4
8
2
2
1
5
3
3
5
4
1
7
3
2
3
2
3
2
7
7
3
6
4
7
4
7
3
4
1
9
5
3
3
5
4
3
4
0
4
5
3
3
1
5
3
8
10
3
7
5
2
10
5
6
5
1
5
5
3
5
3
3
4
3
3
4
6
6
6
2
3
2
4
5
3
4
3
2
3
3
6
2
4
3
2
2
2
1
2
5
5
2
3
6
7
2
3
3
8
9
2
3
7
6
5
8
5
2
5
7
5
6
2
2
3
3
4
2
3
5
5
8
3
1
3
4
1
4
5
2
6
9
7
4
2
4
1
2
6
1
4
3
6
11
3
6
3
9
6
10
14
10
7
4
9
9
5
4
9
6
12
8
8
6
10
7
5
4
4
3
4
3
3
2
4
1
2
7
7
3
2
3
2
2
7
2
0
1
7
9
1
6
4
4
6
4
5
5
7
6
3
12
8
8
3
5
6
3
5
3
2
5
10
2
5
1
2
4
4
2
3
2
10
4
5
3
6
7
4
2
5
7
1
3
3
2
4
4
7
3
8
5
2
3
4
3
3
6
4
3
3
3
3
1
3
0
5
5
4
6
5
3
4
4
5
2
0
3
4
2
2
7
2
4
1
3
3
4
4
3
4
5
2
2
6
0
1
4
2
3
5
5
2
5
2
3
4
5
2
2
5
5
5
3
0
3
8
3
7
3
5
4
6
1
0
6
0
2
4
7
4
5
2
5
3
3
5
2
2
3
3
1
0
3
6
4
5
4
2
7
4
3
3
7
3
2
4
4
2
5
5
4
5
6
1
3
6
5
2
2
8
4
4
2
6
6
4
2
3
3
0
5
5
1
2
4
3
4
4
2
1
5
5
2
2
5
4
0
2
3
4
1
4
2
2
4
9
9
1
7
1
2
5
5
2
3
5
6
2
5
4
3
4
3
4
6
4
8
7
6
4
5
5
4
3
3
7
6
3
5
10
6
5
4
2
4
4
9
1
4
6
2
3
6
1
4
2
6
1
4
3
5
6
6
7
9
3
4
5
7
3
4
5
5
6
0
2
2
4
1
1
6
5
1
5
1
3
4
2
5
6
4
3
2
5
1
7
2
2
4
3
8
5
3
8
6
5
1
2
9
5
1
4
2
4
6
2
3
2
3
2
4
4
1
2
2
3
2
4
10
3
2
2
3
4
3
5
5
3
2
4
3
2
4
4
1
9
1
5
5
3
2
5
4
4
3
4
6
3
0
6
5
3
5
4
4
6
5
2
2
2
2
6
4
4
9
4
3
3
4
3
7
5
2
5
7
6
7
3
2
1
4
6
7
3
4
4
1
2
2
6
5
4
3
3
3
4
4
0
3
1
5
5
3
6
3
4
1
4
1
4
6
2
2
3
3
1
5
3
3
3
3
7
7
6
12
5
10
7
7
5
6
6
2
6
4
3
2
3
4
7
5
4
2
8
3
4
2
6
3
5
5
1
3
6
5
2
0
3
3
5
6
3
4
2
3
4
3
2
3
4
5
1
2
4
5
2
8
5
1
1
4
1
2
4
7
4
6
4
2
4
9
5
1
3
1
5
5
0
0
6
3
3
3
4
1
2
0
2
0
2
3
3
5
3
2
3
2
1
6
3
4
7
1
4
9
8
6
8
0
5
4
2
2
6
6
2
3
5
2
4
3
1
3
2
5
7
2
4
2
6
3
3
4
3
4
4
5
2
4
3
5
4
6
1
5
3
7
3
2
6
4
2
4
6
1
2
3
2
3
3
4
5
5
4
4
3
1
1
3
4
4
3
5
1
0
1
2
3
4
6
5
2
3
3
3
5
3
4
9
6
7
4
3
3
2
5
4
2
8
4
2
3
3
3
5
4
1
1
1
7
3
3
5
4
1
4
3
5
2
3
6
5
2
5
3
1
5
2
10
4
4
5
3
3
3
6
5
3
3
2
3
4
3
4
1
3
3
6
5
3
4
3
1
2
1
2
7
8
2
4
1
3
2
3
5
5
5
3
3
0
2
4
2
5
2
4
1
5
2
2
1
3
4
4
0
5
2
5
5
3
2
2
2
3
5
1
4
3
2
5
2
4
4
3
3
2
3
5
2
2
1
1
2
4
2
10
3
2
4
6
4
5
0
4
4
4
6
4
3
4
3
4
1
7
2
1
6
6
1
5
4
4
3
4
2
6
5
5
2
4
5
2
5
2
4
1
5
4
4
1
4
2
3
2
4
3
0
3
1
1
1
4
3
10
3
7
5
1
2
5
2
0
2
6
5
3
2
0
2
2
1
1
4
3
8
1
3
2
5
4
4
6
5
2
1
5
3
3
0
2
3
8
1
3
3
4
4
2
3
2
8
0
1
1
3
1
3
1
4
5
1
1
5
9
4
5
5
2
6
7
6
6
6
7
7
10
7
10
6
7
7
2
6
4
0
6
2
1
8
2
2
7
4
3
3
0
3
8
4
1
3
4
3
3
4
2
5
3
3
2
4
2
2
2
7
5
3
3
2
3
5
8
4
1
3
1
2
2
2
6
1
2
4
2
1
1
1
1
2
3
7
4
3
7
4
3
3
6
5
4
1
5
2
5
2
3
5
6
8
4
5
3
5
1
3
3
1
1
2
2
4
6
6
5
4
5
2
1
4
1
1
3
5
4
3
3
0
2
2
0
4
3
0
5
5
2
5
1
4
0
0
4
5
1
2
1
7
5
5
2
1
4
4
3
3
3
2
7
0
4
0
3
1
3
1
5
2
3
5
2
6
3
3
3
4
2
2
3
3
8
5
3
7
3
2
1
2
3
2
3
4
1
1
5
5
3
3
1
4
1
3
3
4
4
1
3
3
4
5
2
2
1
1
0
4
3
5
1
7
4
2
3
3
1
1
5
2
5
3
4
5
2
1
4
2
1
0
1
3
1
2
3
3
4
4
2
5
1
3
1
7
4
1
5
4
3
3
6
1
3
1
3
3
8
1
3
1
4
6
0
3
2
1
2
2
6
4
8
1
4
4
6
2
0
8
3
2
5
1
4
5
4
4
3
4
0
1
3
3
5
5
2
6
1
5
3
4
2
4
3
3
4
4
1
2
3
2
5
2
3
5
5
4
0
1
3
0
6
3
3
7
2
3
2
1
1
5
3
3
4
3
1
0
3
2
0
3
3
5
3
4
4
2
0
5
4
4
0
3
2
1
5
3
1
2
4
1
4
3
4
1
3
0
2
2
1
1
0
1
3
1
3
0
2
3
1
0
6
4
1
1
4
2
3
3
2
1
1
3
5
4
1
2
2
2
0
2
5
2
2
3
1
5
1
1
2
3
3
2
2
2
2
5
1
1
6
4
3
4
1
0
7
0
1
2
1
6
2
3
1
2
1
2
1
0
2
4
1
3
0
3
2
3
4
6
2
1
1
1
2
3
2
3
2
2
4
2
1
3
2
3
3
5
1
4
1
2
7
2
3
4
3
0
2
5
2
4
4
1
1
1
3
1
2
4
3
2
0
3
2
4
5
0
5
5
4
6
2
1
4
4
6
7
0
2
5
2
2
2
6
3
1
2
2
3
1
1
2
3
5
2
3
4
3
3
2
3
2
0
1
2
2
2
1
1
2
2
1
3
0
4
2
3
4
4
0
7
2
2
10
6
5
9
7
5
6
4
2
2
5
1
4
1
7
1
2
2
0
3
2
4
3
2
5
0
2
2
2
2
4
0
3
4
0
3
3
2
5
2
5
2
6
2
3
2
3
3
4
5
0
2
2
2
2
2
3
0
3
4
0
1
3
2
2
3
3
0
3
2
2
7
1
2
2
1
1
1
4
4
1
3
1
4
2
0
3
4
1
2
4
6
4
2
1
2
3
1
0
5
1
2
5
3
2
4
4
8
7
6
11
1
11
6
5
4
2
1
8
5
3
3
2
2
1
4
3
4
5
2
2
1
0
3
3
1
3
1
3
5
1
1
4
2
4
0
1
3
4
0
2
2
0
1
4
3
2
0
4
3
4
4
4
5
2
1
2
3
3
5
5
2
3
1
6
3
2
2
2
1
2
3
0
1
2
3
0
3
1
4
3
2
1
1
5
7
2
2
2
3
3
1
1
3
2
5
4
2
2
3
4
4
6
8
4
9
4
9
10
12
6
10
4
3
4
3
4
4
3
0
4
3
2
3
3
4
0
2
4
3
3
1
1
4
4
7
4
1
5
3
2
2
2
7
3
4
3
1
1
0
1
0
2
2
1
4
1
2
0
4
3
3
2
2
2
5
1
0
1
4
0
5
7
2
1
2
1
7
2
7
5
3
1
5
3
2
4
3
3
3
3
2
5
5
3
4
3
5
1
4
2
4
2
3
3
3
1
2
1
8
4
1
3
3
1
3
0
3
3
3
0
1
2
1
2
6
0
1
2
3
2
4
3
3
3
3
6
7
1
4
2
1
2
4
1
1
1
2
2
4
2
4
1
2
6
4
1
2
5
2
1
1
4
1
3
5
6
3
0
2
2
3
2
2
4
1
3
5
4
2
2
2
1
2
7
2
2
2
3
2
3
3
2
2
2
2
2
0
4
3
0
2
1
3
3
3
3
1
2
1
3
6
1
3
3
5
3
7
1
1
2
2
0
2
1
1
2
3
2
1
2
0
4
1
0
2
1
4
5
1
2
1
6
2
0
3
0
4
4
3
3
0
3
0
2
3
3
4
6
4
2
10
10
18
7
10
8
13
12
7
10
10
10
12
7
7
8
2
4
3
1
4
2
1
2
0
1
3
1
3
0
3
0
0
1
3
1
3
4
1
2
4
0
1
0
1
4
4
4
0
3
3
3
4
3
1
1
2
1
2
4
2
3
2
3
2
3
1
5
3
1
2
2
3
2
4
0
2
1
2
2
6
2
3
1
3
1
1
3
1
1
3
7
2
3
6
6
4
2
3
4
5
3
2
4
7
4
4
3
5
5
4
2
3
2
2
3
1
2
2
1
4
2
2
3
4
4
1
2
1
1
1
1
4
2
3
3
3
3
2
5
2
4
1
4
5
3
5
0
5
3
2
1
1
1
2
2
3
0
2
1
2
3
5
3
4
0
2
3
4
2
0
1
3
0
1
2
2
2
2
0
3
3
1
2
0
2
3
6
3
2
2
4
2
0
2
3
1
1
3
4
4
1
1
1
3
1
2
1
2
1
2
6
4
2
1
6
4
1
2
2
1
0
1
3
3
2
4
4
1
3
2
0
5
2
2
1
3
1
1
1
0
5
2
1
5
3
1
1
1
2
3
0
4
1
2
3
5
1
4
4
3
5
2
5
1
3
5
3
4
2
2
1
2
1
3
2
2
2
1
3
4
0
1
2
2
1
1
0
3
3
2
1
3
4
1
1
1
1
2
1
4
4
2
2
2
4
2
1
3
2
3
3
2
2
5
3
1
1
0
5
2
4
0
2
3
1
0
4
2
3
6
1
3
2
5
1
0
0
1
3
2
2
1
0
1
3
0
1
1
2
3
2
3
0
1
2
6
1
2
2
3
2
3
1
2
1
1
1
6
5
3
2
2
1
0
2
5
3
0
3
0
5
7
3
4
5
2
2
2
6
1
0
3
5
2
0
4
2
2
1
0
4
1
0
3
2
1
2
0
2
1
1
1
3
4
3
1
1
4
0
2
2
2
4
1
3
1
0
1
0
0
1
5
4
4
2
2
0
2
1
2
2
0
1
4
3
2
1
3
1
3
1
3
4
4
3
4
2
4
1
3
3
3
3
2
1
2
1
3
4
4
5
3
2
4
1
5
2
3
2
1
2
0
1
1
1
0
3
2
0
3
2
0
3
1
0
1
4
0
0
4
3
1
3
2
0
0
1
2
2
0
1
1
0
1
3
3
0
1
1
3
1
4
2
2
3
2
4
3
0
1
2
2
2
2
6
3
2
1
2
4
2
3
2
4
5
2
2
1
1
2
1
2
3
5
1
2
0
3
0
1
4
3
1
1
1
1
1
1
0
2
1
1
4
2
2
4
3
0
3
2
1
2
6
2
1
2
2
4
1
0
3
1
2
0
3
3
2
1
5
1
2
4
3
2
2
0
1
0
3
1
3
4
3
0
0
0
2
2
1
2
3
1
4
4
1
0
1
1
3
0
0
4
2
1
1
0
2
4
1
2
2
2
1
1
1
1
3
2
3
2
1
0
3
3
1
1
0
1
0
2
1
1
3
0
6
5
2
1
3
1
0
2
1
0
1
1
3
2
3
1
3
1
1
0
2
2
1
1
2
3
1
0
1
1
1
1
3
1
3
4
3
2
4
5
2
3
4
2
2
4
4
3
4
5
3
0
1
2
6
2
7
2
8
4
7
2
4
3
5
4
8
4
6
3
3
3
1
3
3
1
4
0
6
2
1
3
2
1
1
2
1
6
1
1
0
3
6
2
2
3
1
4
3
2
2
1
2
3
3
3
2
1
2
0
2
1
3
1
2
2
1
2
1
2
1
0
1
0
6
2
2
1
1
1
1
4
1
1
1
1
3
1
3
0
2
1
1
3
1
2
0
1
1
2
1
4
2
2
1
1
2
1
1
2
0
1
4
0
0
2
0
2
0
2
4
0
1
1
1
1
4
4
3
2
2
0
1
4
2
2
4
2
1
1
2
4
0
0
1
4
4
0
1
0
4
1
4
1
1
2
1
1
5
1
0
0
0
2
1
2
2
0
2
3
3
2
2
3
1
2
0
1
2
0
1
2
1
1
2
0
2
2
3
6
4
4
3
2
2
1
2
1
3
4
4
1
1
0
2
2
2
2
1
0
1
0
4
2
1
3
1
1
1
3
5
3
3
3
1
0
2
2
3
0
3
0
1
0
2
4
3
0
0
1
1
1
1
3
3
1
2
1
1
1
3
1
3
1
1
2
2
5
0
2
3
2
1
3
1
0
1
2
2
1
2
3
3
0
0
1
3
1
1
1
2
2
0
2
2
1
0
1
3
3
1
1
3
6
0
3
1
1
1
2
1
1
2
2
3
3
2
2
3
1
4
4
2
1
3
1
2
1
2
0
4
1
1
1
1
2
3
1
3
2
2
1
5
5
3
3
1
0
0
3
1
3
2
2
1
2
0
0
2
2
0
1
1
3
1
1
1
2
2
1
4
0
3
0
1
1
1
0
4
2
1
2
0
2
3
1
1
1
1
2
3
0
0
0
1
1
2
2
0
2
2
3
0
1
4
3
0
2
0
1
1
0
0
3
0
2
1
1
0
1
1
0
2
2
1
0
3
2
2
1
0
0
3
3
1
2
3
0
3
0
1
2
4
1
2
1
0
3
2
2
2
3
2
2
2
0
2
2
2
1
0
1
2
0
2
2
1
0
2
1
1
3
2
1
0
3
0
2
0
1
1
3
3
1
2
0
0
0
3
3
0
1
5
2
1
0
2
0
4
3
0
4
1
2
1
1
2
1
4
2
0
4
3
3
3
5
4
6
4
7
2
0
6
2
2
4
4
1
2
2
1
1
3
1
2
0
0
0
0
2
0
0
0
0
2
2
0
1
0
1
0
1
1
1
0
3
2
1
2
4
2
0
1
0
4
2
3
1
2
3
3
3
1
2
3
0
1
2
3
1
0
2
1
2
4
1
3
0
1
2
2
1
1
1
2
2
0
2
1
0
1
0
3
3
3
0
1
3
1
0
5
1
2
1
2
4
4
3
1
1
1
3
2
3
3
2
2
3
1
1
4
4
2
0
0
1
4
3
0
1
3
3
2
0
3
1
4
0
1
3
1
2
1
1
1
3
2
1
0
3
2
3
2
1
3
0
2
1
1
1
2
1
2
1
1
3
0
2
1
2
0
1
0
3
3
3
0
2
1
1
1
2
1
4
0
3
0
2
0
1
1
1
4
1
1
0
1
1
1
1
1
4
0
2
1
0
0
3
1
4
4
2
1
1
0
2
0
1
1
1
0
2
1
2
2
1
2
2
0
2
0
1
1
1
2
1
1
1
1
3
0
1
2
1
1
1
2
2
2
1
2
1
0
0
2
0
2
1
1
0
0
2
2
2
0
1
3
1
0
0
0
2
2
5
1
2
5
0
2
5
2
2
0
3
2
2
3
3
1
1
2
2
3
1
4
1
1
2
2
0
2
2
2
2
1
1
3
3
2
2
0
0
1
2
1
2
1
0
3
1
0
2
3
0
4
1
2
1
1
2
1
3
0
1
2
2
2
1
0
1
3
2
1
1
2
1
0
1
3
2
2
0
0
2
4
1
1
1
2
1
1
2
1
1
1
2
1
0
2
0
1
1
1
2
1
2
1
0
0
1
0
3
6
0
0
1
1
2
2
2
3
1
1
5
3
0
3
1
4
1
5
1
1
0
2
2
1
1
2
0
0
0
3
2
1
1
3
0
4
1
1
1
1
1
2
2
1
2
1
1
4
0
2
2
3
3
1
1
2
0
0
2
0
1
1
0
1
2
1
0
0
0
0
1
1
3
1
3
0
4
1
4
2
2
1
2
1
1
1
2
0
3
3
2
1
0
0
4
0
0
2
2
0
2
1
1
5
1
1
2
2
2
0
1
1
5
2
4
0
1
2
3
2
2
1
1
2
1
1
1
1
3
0
3
2
1
2
1
1
1
0
0
2
0
0
0
3
1
1
0
4
1
0
3
2
0
0
1
2
0
0
1
2
0
1
1
1
0
0
1
2
0
3
0
1
0
1
5
0
1
0
1
0
0
2
2
1
1
0
2
2
1
0
0
3
2
0
1
0
2
0
1
1
2
2
1
2
2
3
0
4
1
2
1
1
1
1
0
3
1
2
1
1
1
0
0
1
2
1
0
1
1
2
0
2
2
1
1
1
2
1
0
0
2
2
1
0
2
0
5
2
4
0
0
2
0
1
1
1
2
4
0
0
0
2
1
1
1
0
1
0
2
2
1
1
2
0
1
3
4
2
2
1
2
1
2
0
0
2
2
2
0
2
1
2
4
0
2
0
0
2
4
2
0
2
1
1
1
2
1
1
1
2
1
0
2
1
2
0
0
1
2
0
1
3
4
0
4
1
0
4
0
1
1
1
2
3
2
3
0
2
4
0
2
3
1
0
1
0
0
0
0
2
2
0
2
0
3
2
2
3
1
0
1
1
0
0
1
0
1
2
1
1
0
2
0
1
1
2
3
1
1
0
0
0
1
1
2
2
3
2
0
1
1
0
3
1
0
1
2
3
3
0
2
1
1
0
1
1
2
3
1
0
0
1
2
0
0
1
2
1
1
1
1
0
1
1
1
0
3
1
0
1
1
0
1
3
0
2
1
1
0
3
1
0
0
0
0
0
1
0
1
2
3
2
1
1
1
0
0
1
1
0
0
2
0
3
0
3
1
1
2
1
1
1
1
4
0
1
1
1
0
1
5
1
1
2
0
2
0
1
3
2
0
3
1
1
4
2
0
2
0
2
3
1
0
4
0
0
2
0
1
3
2
3
1
1
0
2
2
0
0
1
3
1
1
0
2
0
1
0
1
1
1
2
3
0
5
4
0
2
0
2
1
1
4
0
0
1
1
1
1
1
0
1
0
2
4
1
2
0
0
1
1
1
1
3
0
1
2
1
1
0
1
0
4
0
1
0
1
0
3
1
3
2
0
2
0
1
1
0
3
2
0
3
1
7
0
1
1
1
0
1
0
1
1
1
0
2
1
2
1
0
2
0
1
0
0
1
0
0
0
0
2
1
2
2
2
1
3
0
1
1
0
2
1
0
1
1
1
2
0
4
0
3
0
0
1
1
1
2
1
2
3
2
2
1
4
1
0
1
0
0
1
0
3
1
4
0
2
3
1
2
0
0
2
5
1
2
0
3
0
0
1
2
2
1
2
3
1
1
0
0
0
2
1
4
1
3
3
0
1
1
2
1
1
0
1
0
0
0
2
0
1
2
0
1
1
1
2
0
3
0
1
0
1
1
0
1
2
1
0
0
2
0
1
3
1
0
3
0
1
1
5
1
2
0
0
2
1
1
1
1
1
1
1
2
2
2
2
2
1
1
4
3
1
2
1
2
1
1
0
0
5
4
1
2
2
0
0
2
2
2
2
1
0
0
1
1
1
2
3
0
0
0
0
2
2
0
0
2
1
1
1
0
4
3
1
1
0
0
0
2
1
0
0
0
1
0
1
3
2
1
1
0
0
0
0
0
2
0
1
1
0
0
1
0
1
1
1
0
3
5
2
1
0
2
3
0
3
0
1
1
2
1
2
0
1
1
0
1
2
0
0
0
2
3
1
1
0
1
0
1
2
3
1
2
1
0
2
0
1
0
0
1
1
0
0
0
1
0
0
1
3
4
1
3
2
0
3
2
1
1
0
0
0
0
2
2
0
0
2
2
1
0
2
0
0
2
2
1
0
0
2
1
2
1
1
0
2
2
2
1
1
0
2
0
0
0
1
0
0
0
1
0
0
1
0
1
3
1
2
1
1
1
1
1
0
3
0
1
1
0
1
1
2
0
0
1
1
2
0
0
2
1
0
1
3
2
2
1
1
2
1
1
1
2
2
1
1
0
2
0
1
1
2
3
0
0
1
0
1
1
0
0
2
2
0
0
5
2
2
3
1
0
1
0
0
2
0
0
0
0
0
0
1
4
0
0
1
2
1
0
2
1
0
1
0
2
1
1
1
1
0
2
4
1
0
1
0
1
2
0
0
0
3
3
1
4
0
0
1
1
0
1
0
0
0
1
1
5
0
1
2
0
1
0
1
1
2
2
0
0
2
1
1
1
2
0
2
0
0
1
1
3
2
0
0
1
1
1
1
0
0
1
1
1
0
1
2
0
3
0
3
3
3
1
2
1
1
1
2
3
0
0
2
1
0
3
2
2
2
0
1
1
3
4
1
1
1
1
1
0
0
1
2
4
0
1
4
1
1
1
1
1
1
0
2
0
0
1
0
0
1
2
1
0
1
1
0
2
1
1
0
1
0
3
3
0
0
0
1
1
0
0
0
0
1
1
0
2
1
5
0
3
1
2
1
1
0
0
2
0
1
2
2
0
1
0
1
1
0
1
3
0
0
3
0
1
1
0
0
0
1
0
0
0
1
1
1
1
2
1
2
1
2
0
1
1
0
1
0
3
1
1
0
1
1
2
2
1
3
0
1
1
1
0
2
0
1
1
1
1
0
0
0
3
0
0
2
1
0
2
3
0
0
0
0
1
1
0
0
1
1
0
0
1
2
0
1
1
1
4
0
0
1
1
1
0
0
0
2
1
2
1
0
0
1
0
3
2
1
0
1
1
1
0
2
2
2
3
1
1
0
0
2
1
1
0
0
1
0
2
2
1
1
0
0
3
1
1
0
1
1
1
3
0
0
1
0
1
2
3
1
1
1
3
1
1
3
0
0
$ENER_FIT:
0.2920 0.194568 7.067166e-09
$MCA_CAL:
3
0.2920 0.194568 7.067166e-09
$SHAPE_CAL:
3
0.0000 1.000000e+00 0.000000e+00
$ENDRECORD:
