$SPEC_ID:
Shots [129, 130, 131]
$MEAS_TIM:
869.00000 938.00000
$DATE_MEA:
08/27/2021 12:13:19
$DATA:
0 16383
0
0
0
0
0
0
0
0
0
0
0
0
0
0
0
0
0
0
0
0
0
0
0
0
0
0
0
0
0
0
0
0
0
0
0
0
0
0
0
0
0
0
0
0
0
0
0
0
0
0
0
0
0
0
0
0
0
0
0
0
0
0
0
0
0
0
0
0
0
0
0
0
0
0
0
0
0
0
0
0
0
0
0
0
0
0
0
0
0
0
0
0
0
0
0
0
0
0
0
0
0
0
0
0
0
0
0
0
0
0
0
0
0
0
0
0
0
0
0
0
0
0
0
0
0
0
0
0
0
0
0
0
0
0
0
0
0
0
0
0
0
0
0
0
0
0
0
0
0
0
0
0
0
0
0
0
0
0
0
0
0
0
0
0
0
0
0
0
0
0
0
0
0
0
0
0
0
0
0
0
0
0
0
0
0
0
0
0
0
0
0
0
0
0
0
0
0
0
0
0
0
0
0
0
0
647
683
602
707
619
677
654
620
592
651
624
586
627
571
614
638
564
610
622
594
601
616
587
560
587
632
577
608
608
614
595
623
534
584
574
577
573
605
621
604
594
628
588
609
629
596
651
597
588
548
580
619
586
612
589
629
591
533
561
586
592
555
560
615
567
591
543
560
576
546
631
572
591
580
591
571
576
606
569
653
581
562
550
607
530
596
608
568
581
611
613
608
592
576
590
578
595
574
558
598
542
523
571
576
560
548
589
620
547
572
581
593
613
576
587
662
652
731
626
625
629
598
553
568
572
586
594
571
572
562
557
584
614
579
530
587
552
633
609
595
617
583
551
645
632
712
815
883
952
952
843
753
758
772
765
771
715
641
670
598
559
606
554
553
594
584
567
591
566
564
635
572
559
557
570
611
542
608
631
646
656
689
683
632
650
611
554
608
672
645
684
672
714
744
759
739
702
689
572
574
608
601
619
732
736
712
667
607
630
640
621
626
634
612
572
609
651
584
587
605
588
614
638
656
609
654
624
609
626
585
603
588
632
709
678
717
678
647
597
635
623
606
655
652
617
621
597
585
554
611
586
557
576
596
530
571
564
554
579
601
628
592
608
609
607
618
608
573
627
578
597
611
670
728
901
1007
1141
1161
1039
837
724
700
569
599
522
603
558
595
589
527
591
580
565
571
646
644
708
788
838
805
762
738
717
664
617
647
640
578
546
559
559
581
564
591
594
574
622
567
556
571
604
621
589
603
568
656
716
828
829
722
742
704
666
622
580
571
610
607
579
607
585
606
612
588
530
557
551
536
606
628
691
763
799
934
963
997
844
774
654
620
589
583
565
533
572
573
578
581
565
611
584
586
612
591
631
602
567
576
551
584
614
583
571
612
589
533
505
551
588
554
550
532
550
601
620
632
669
631
588
577
570
539
576
603
624
638
579
625
554
577
561
600
587
677
661
720
805
961
1185
1492
1895
2264
2259
2131
1649
1192
865
655
650
595
628
586
539
552
531
537
512
519
563
540
507
498
529
544
567
554
524
488
560
550
587
594
573
574
517
514
541
521
493
536
553
523
522
516
534
530
509
519
504
494
497
529
538
455
507
492
485
468
537
497
515
574
527
553
536
524
483
511
518
548
516
569
550
643
693
743
691
690
602
579
598
603
748
845
879
840
746
699
626
620
592
512
505
507
531
492
492
465
519
492
515
543
489
484
492
447
527
517
503
519
532
624
628
574
508
550
512
481
480
535
459
494
523
477
467
495
491
466
484
487
509
523
497
525
515
540
588
582
535
521
515
491
510
547
560
604
653
601
675
649
694
751
681
677
628
556
488
505
461
473
468
449
449
485
545
746
855
901
822
730
592
549
480
438
493
462
475
478
442
515
498
470
449
473
536
453
468
494
413
457
439
482
479
487
530
541
554
492
487
500
511
502
524
499
467
446
436
441
442
422
429
444
457
447
438
397
447
428
448
435
440
465
424
538
553
529
632
586
620
651
593
544
517
477
426
442
439
446
461
465
568
641
651
684
613
579
515
475
440
414
443
441
455
428
404
439
407
395
419
414
420
402
429
468
437
468
463
445
421
417
502
518
655
768
943
1079
1061
1054
985
790
654
541
462
475
427
468
444
462
412
399
402
433
422
445
404
431
385
397
412
396
410
407
422
415
423
510
498
479
494
490
443
474
519
546
571
493
468
439
431
408
391
421
402
411
413
390
378
387
406
367
359
404
428
444
421
432
413
419
372
402
389
366
367
412
403
388
392
447
403
398
406
460
576
657
772
799
784
630
594
441
512
538
614
718
757
727
647
572
483
446
413
371
433
386
406
409
427
398
367
395
406
411
408
449
500
512
582
505
523
518
550
584
579
558
523
466
425
399
423
413
407
370
379
358
404
361
375
383
393
379
386
418
393
422
371
375
386
353
366
355
347
367
354
347
385
374
375
378
342
340
382
388
361
341
356
334
367
394
381
356
363
323
344
384
329
411
366
368
372
356
359
392
362
389
405
449
475
487
564
562
578
544
485
539
481
510
454
442
378
354
354
397
333
369
385
357
341
386
375
419
381
341
383
369
362
350
343
330
355
326
367
346
376
378
397
450
506
738
1110
1518
1863
2123
2124
1780
1273
896
633
504
569
675
936
1162
1389
1424
1249
1051
750
575
413
390
356
341
348
342
367
333
348
334
324
316
339
332
385
381
408
417
388
407
398
364
375
348
354
329
339
319
346
315
362
317
368
367
338
382
405
387
379
327
323
336
314
306
303
318
321
373
360
419
443
417
425
359
309
327
319
321
316
314
331
315
364
360
392
375
376
354
363
335
338
316
281
305
302
309
288
301
312
302
303
289
314
354
424
440
430
433
409
334
328
308
308
297
319
285
273
338
295
305
407
466
558
691
741
770
666
620
539
410
367
322
303
293
306
287
290
292
280
281
276
291
303
311
289
294
311
340
321
284
304
268
271
300
290
289
284
283
310
331
392
441
507
487
484
413
367
317
293
321
290
303
289
292
306
304
314
307
290
292
307
293
322
304
292
301
325
291
304
341
440
458
451
478
404
332
283
267
264
279
283
341
344
444
723
995
1352
1565
1726
1487
1138
749
536
395
321
325
320
350
353
288
282
264
309
290
262
285
268
273
253
220
260
241
248
230
262
300
273
278
315
281
330
264
300
255
294
246
238
243
283
245
282
261
289
247
278
253
251
284
281
255
321
284
321
339
351
334
375
395
376
386
338
293
265
302
249
264
312
282
323
310
319
330
314
277
273
266
277
262
278
254
251
223
245
239
257
258
272
288
272
306
298
354
350
390
404
360
352
374
334
310
300
315
285
268
258
250
253
214
228
232
240
252
242
241
250
246
255
221
223
242
267
212
260
245
254
231
205
241
227
245
274
235
275
292
284
237
259
235
233
245
215
219
257
261
241
246
253
220
240
249
243
240
223
253
258
258
327
339
440
447
487
467
365
317
294
286
292
279
344
307
283
282
270
247
263
257
270
240
210
236
240
263
225
251
268
271
265
268
301
308
325
424
536
609
674
673
638
534
441
327
280
252
254
246
261
205
213
223
234
219
233
198
228
213
240
247
241
285
289
354
362
400
417
396
345
279
281
292
259
273
296
308
313
349
399
374
325
309
256
237
206
219
218
258
297
430
471
496
580
485
372
311
280
221
225
224
203
241
222
207
194
229
218
189
198
216
205
198
235
221
259
313
330
429
469
442
402
311
242
251
202
207
201
187
233
259
247
242
269
229
240
223
231
240
240
296
362
389
386
398
371
319
243
226
189
214
206
208
198
201
223
197
196
187
190
203
180
205
202
212
212
224
234
214
244
206
223
227
221
226
185
182
179
190
205
192
170
212
196
189
217
198
204
215
187
201
193
206
225
219
258
216
248
219
229
206
189
199
199
207
194
194
190
232
219
196
178
189
182
191
171
211
198
230
219
250
254
242
238
228
250
203
210
223
213
186
213
205
225
211
206
224
234
196
205
201
199
178
167
198
158
176
172
179
212
183
205
231
177
218
230
229
217
215
214
200
188
216
211
242
172
191
193
221
193
160
191
157
188
177
195
191
185
204
244
259
263
269
279
264
237
223
234
238
270
281
271
320
324
325
327
364
325
304
296
226
213
200
170
189
150
201
189
176
187
178
182
174
179
194
178
141
194
213
217
213
230
249
284
267
293
277
231
206
183
216
136
180
176
177
186
178
161
169
166
181
175
184
197
208
253
281
354
330
303
302
281
275
324
358
460
477
421
371
316
233
197
178
183
157
166
181
165
165
177
156
170
141
155
176
157
175
181
140
174
160
184
192
171
165
168
193
205
185
186
190
180
170
189
174
169
162
167
133
168
172
178
143
144
164
148
136
179
156
148
168
159
174
171
186
171
212
198
196
196
193
173
174
169
169
142
145
158
155
135
175
143
151
142
172
154
156
137
166
160
140
168
169
171
150
142
141
141
168
158
147
161
161
136
159
168
155
150
142
164
146
164
164
145
164
155
164
156
153
150
168
147
172
177
198
242
226
263
201
207
226
188
129
166
153
169
171
180
153
162
156
166
161
156
172
131
162
159
162
146
145
165
107
171
140
168
150
129
158
171
153
172
186
170
162
195
176
181
182
165
166
176
149
172
161
147
135
179
133
169
146
142
165
164
192
197
182
260
273
305
321
313
298
245
243
172
189
177
156
172
174
171
213
329
373
360
421
415
428
433
424
358
321
238
233
191
192
162
143
156
162
144
139
161
134
162
160
180
216
222
214
193
240
255
290
322
353
323
316
246
228
186
158
141
171
143
139
155
172
141
139
131
125
167
136
159
144
201
216
235
291
360
335
322
276
257
235
183
187
194
178
171
152
176
161
177
163
130
151
111
176
183
191
219
226
191
176
174
155
150
140
135
146
151
121
137
158
132
147
127
119
151
150
136
133
129
113
148
127
119
121
125
141
102
165
137
130
111
130
157
124
123
127
113
136
119
120
113
140
137
127
151
135
144
138
160
152
128
154
138
158
138
162
164
158
183
176
160
162
145
150
180
146
140
145
133
138
136
123
130
125
138
139
130
135
119
133
153
145
132
118
140
126
120
129
118
151
151
149
140
151
149
150
147
126
164
138
160
169
168
168
165
186
162
197
219
262
339
424
519
642
681
661
542
458
330
246
173
156
158
144
135
123
119
127
147
150
126
145
129
146
151
163
191
162
143
153
157
146
149
154
130
159
148
130
124
146
153
104
118
125
130
114
123
130
123
98
134
130
115
130
134
113
109
138
142
128
132
134
114
122
112
125
127
110
139
157
119
150
127
118
147
122
116
121
144
109
131
134
149
143
141
144
152
155
174
143
118
127
113
121
115
118
140
118
140
132
139
150
175
160
163
204
224
308
395
595
814
1086
1111
1019
919
655
419
282
191
177
171
125
144
123
133
113
123
120
118
129
98
141
140
105
120
108
117
135
123
134
122
148
120
155
165
196
198
213
263
261
264
267
215
211
159
135
101
130
126
127
123
124
132
138
136
137
130
156
142
136
152
146
154
170
164
169
145
116
140
152
122
138
119
120
115
130
128
108
111
94
127
107
117
110
101
120
107
115
122
124
115
114
121
99
102
104
117
81
103
137
129
131
141
125
139
122
119
120
114
99
116
96
106
103
116
97
116
144
91
120
100
102
98
112
102
106
96
99
93
119
115
109
122
125
113
124
110
112
117
144
143
122
111
121
123
103
111
92
99
114
121
109
99
88
107
102
110
96
106
86
86
101
105
118
93
101
97
100
98
107
103
105
105
119
96
111
96
106
100
120
114
119
121
139
136
145
148
166
131
139
130
154
129
122
130
127
122
103
115
113
104
112
97
99
100
98
111
100
106
94
93
94
114
111
132
143
165
226
208
202
229
233
200
178
172
121
133
120
111
120
111
110
107
118
109
103
106
106
120
116
103
101
109
121
125
114
95
132
114
109
109
115
110
137
121
130
119
122
117
130
154
154
171
164
172
193
160
154
135
149
148
154
161
137
171
175
238
246
291
308
382
426
491
533
599
689
698
746
740
702
676
664
604
514
509
378
367
318
289
278
226
201
172
163
147
154
138
133
141
175
158
181
161
140
121
121
105
117
116
105
109
101
110
87
108
107
98
109
109
122
111
111
129
116
110
93
108
100
98
96
94
100
101
98
79
110
105
107
114
98
103
93
84
102
92
98
113
90
111
91
79
120
120
117
140
179
179
216
231
255
217
150
169
141
127
117
119
110
104
143
105
112
119
138
128
147
134
139
124
150
122
137
91
108
85
93
102
106
92
112
85
105
91
90
92
102
96
94
116
137
125
113
165
140
132
131
110
125
108
101
108
114
94
82
101
90
110
107
95
143
145
205
285
333
392
381
388
333
302
236
209
205
197
172
166
167
159
135
130
122
109
95
102
97
96
91
102
89
103
97
116
121
99
96
120
122
97
87
96
106
131
140
134
133
115
127
118
128
118
87
99
110
93
78
105
109
95
100
96
105
104
104
89
103
112
83
87
96
85
99
90
105
88
104
104
90
104
95
146
148
150
158
197
147
150
148
130
131
119
100
106
103
108
114
105
114
100
122
115
87
117
85
117
119
91
96
87
91
82
79
91
77
69
84
87
98
122
92
93
122
96
100
119
118
127
118
128
105
86
88
79
100
89
73
102
95
88
125
101
116
120
103
116
108
117
113
93
105
91
79
86
93
78
90
110
94
104
86
96
97
105
89
91
104
79
72
69
94
73
85
82
76
75
99
86
87
81
79
111
78
88
93
69
76
83
77
76
81
100
86
78
85
97
96
130
128
152
171
184
216
203
173
178
164
123
130
112
97
111
114
89
102
98
92
89
100
103
82
116
95
72
80
91
79
95
93
99
142
133
139
149
126
135
124
119
96
101
134
129
155
227
223
293
306
302
361
347
227
187
153
129
104
124
107
110
98
95
85
108
118
128
157
171
262
295
312
333
373
326
266
231
181
157
133
91
103
83
81
66
91
102
110
103
99
107
88
87
84
95
82
101
109
114
97
80
93
96
92
81
89
79
95
76
65
95
80
94
71
81
89
105
108
97
87
92
106
89
86
80
95
97
105
118
149
174
230
254
340
341
350
328
254
237
157
146
143
143
120
96
86
103
105
90
90
94
95
94
100
75
68
96
80
74
82
94
90
104
91
96
112
143
161
164
193
169
180
188
151
114
109
102
92
87
83
94
84
81
93
108
103
108
131
149
140
144
122
108
108
111
87
102
100
67
94
81
78
113
85
83
72
85
74
93
92
69
80
79
87
93
81
98
89
80
94
121
101
74
97
97
106
100
96
103
106
103
101
100
127
124
119
134
114
135
111
104
93
84
86
65
84
83
76
85
101
88
89
81
90
88
104
92
91
107
91
105
110
115
97
120
97
108
109
92
90
87
91
81
85
78
99
101
84
91
99
94
91
97
92
82
77
85
84
91
92
79
93
86
85
68
88
88
84
87
74
69
75
69
85
75
85
115
102
100
82
100
93
66
74
93
68
89
86
83
72
79
78
67
79
75
67
95
76
86
81
84
85
115
98
124
129
131
138
119
112
119
105
117
104
83
84
100
84
93
77
92
103
118
112
108
102
97
99
111
70
84
104
85
99
80
110
90
102
114
103
119
99
75
89
77
73
77
84
75
76
72
91
79
81
82
85
75
72
77
78
71
92
83
76
97
71
88
86
109
95
87
76
97
97
84
97
99
81
90
79
91
75
77
72
88
106
107
122
155
176
180
181
158
135
109
127
107
92
77
91
86
67
77
88
81
90
91
100
114
117
98
99
94
92
79
88
72
86
71
72
80
77
67
86
72
82
80
67
81
81
88
76
82
94
83
84
78
68
84
67
84
79
73
90
88
87
64
89
81
70
71
71
86
71
73
80
88
70
85
67
79
81
86
81
69
82
87
75
75
90
81
91
79
77
74
87
85
73
77
79
81
76
77
75
70
97
79
73
73
93
83
91
85
83
59
74
85
62
71
73
70
75
68
61
70
73
89
66
64
71
76
73
68
78
78
95
74
61
89
68
73
73
65
56
60
88
78
78
79
81
83
81
107
100
93
99
99
97
88
77
92
80
83
70
73
86
86
72
65
81
68
61
73
72
75
79
89
71
78
92
69
78
73
87
67
87
69
80
68
73
82
80
82
69
59
84
97
66
71
73
80
84
92
92
95
103
106
112
141
160
183
203
203
201
181
175
127
120
88
93
82
72
80
63
83
75
82
68
68
63
69
90
70
77
67
83
78
77
88
73
83
92
71
80
79
87
76
73
80
70
85
62
70
79
69
67
84
77
62
68
69
65
61
70
66
93
80
75
69
78
82
67
72
65
63
89
75
101
108
134
112
122
129
113
95
97
84
76
89
57
64
78
70
81
69
77
68
74
75
66
69
72
71
62
72
62
59
74
63
69
62
70
57
59
83
63
70
86
72
90
82
81
67
76
72
72
96
87
82
98
86
86
96
74
88
78
78
68
87
80
63
63
56
78
100
66
98
97
121
180
156
201
194
207
201
178
135
121
101
76
83
75
77
70
79
78
82
60
82
74
75
59
79
67
57
59
68
55
68
61
67
83
67
59
66
75
76
62
77
81
67
63
85
81
83
80
93
87
80
67
81
73
83
59
67
68
79
72
86
82
80
83
74
72
65
64
74
70
71
79
79
73
86
105
107
104
120
109
126
106
86
96
90
63
77
74
65
74
64
77
62
69
74
74
84
83
88
110
114
121
108
102
96
90
80
81
48
76
66
63
57
67
62
80
69
55
70
67
66
69
62
64
69
65
57
69
63
52
69
70
66
70
61
61
54
68
66
67
58
72
64
67
56
49
57
61
64
57
60
65
64
59
61
66
79
74
58
72
67
67
76
69
67
51
79
51
63
66
68
61
73
58
68
36
61
60
56
73
64
83
63
54
74
65
56
75
67
77
80
62
73
55
72
59
63
62
59
70
73
71
85
77
82
79
83
79
75
66
72
79
64
66
50
65
53
50
63
69
62
85
83
83
80
104
115
122
90
105
80
64
61
83
66
67
91
67
56
58
66
59
54
48
64
53
81
66
61
70
66
62
77
66
67
70
64
70
73
79
65
81
79
63
58
74
85
73
73
67
65
83
66
78
77
79
72
81
69
60
60
57
57
55
57
62
74
79
82
78
82
86
90
79
76
79
66
68
67
62
55
68
63
51
70
70
59
59
63
53
56
57
79
68
51
65
62
82
53
82
73
68
64
71
67
89
89
85
97
93
90
94
91
85
89
104
84
83
73
54
64
59
55
65
61
71
48
61
64
63
65
73
47
71
69
91
85
84
104
118
126
113
113
99
93
84
82
71
73
83
71
75
58
70
55
72
55
83
53
60
53
67
48
45
67
86
75
81
64
64
81
72
60
67
67
64
73
58
52
59
57
69
69
57
64
82
55
65
64
66
57
58
75
58
61
62
62
71
67
77
94
96
97
110
86
86
83
70
76
77
59
50
47
46
38
57
55
67
51
51
63
43
58
58
60
54
57
51
44
54
43
42
65
54
58
57
50
61
67
57
50
61
58
75
66
53
52
60
51
58
47
94
66
53
73
61
63
75
87
91
91
95
79
92
62
69
72
53
55
50
52
61
53
50
57
64
43
57
61
49
51
66
70
57
59
51
49
57
60
51
57
63
57
52
56
62
69
52
73
61
74
70
62
61
79
77
63
69
54
49
57
63
62
67
68
65
60
70
48
55
61
57
57
68
53
72
52
74
76
61
87
108
164
181
243
295
340
376
336
321
264
201
123
106
84
69
57
64
67
57
75
74
102
94
86
98
86
81
83
83
70
80
87
78
69
71
77
65
56
69
50
72
51
62
82
81
105
109
116
99
106
89
86
77
82
72
71
48
67
62
49
57
69
67
70
70
51
50
52
56
50
70
73
72
74
75
85
80
92
67
80
86
81
97
98
88
121
127
106
110
88
73
66
93
69
55
56
64
39
64
56
60
58
61
76
65
64
59
46
42
36
53
43
46
50
44
47
45
70
42
45
57
57
43
66
57
53
53
54
47
56
53
51
47
46
59
72
55
64
46
60
67
52
64
58
37
44
54
41
61
50
58
52
47
60
62
64
61
56
58
63
61
48
48
42
55
56
46
32
49
55
63
55
52
58
58
62
63
61
53
49
56
66
60
59
54
61
82
86
80
111
113
111
106
75
77
64
60
65
67
87
50
74
47
71
60
61
68
54
55
53
60
66
71
70
42
73
51
46
49
52
55
42
51
50
59
39
43
56
57
62
75
88
95
87
104
97
110
90
74
63
83
54
47
52
50
60
66
48
45
54
60
49
54
42
60
53
57
58
41
58
51
64
50
78
65
63
54
54
59
47
55
62
66
56
65
65
87
89
96
96
76
87
73
62
59
57
60
47
53
42
51
69
49
65
60
73
101
95
91
99
108
81
70
63
44
44
62
55
53
45
52
51
52
50
52
45
43
49
54
52
80
55
62
68
58
46
62
65
51
70
66
73
77
89
74
79
74
67
63
63
58
54
66
58
72
66
47
61
56
55
55
47
62
53
56
49
54
59
45
54
53
51
45
53
40
46
47
46
63
46
51
48
50
53
59
67
66
67
61
83
99
101
105
101
102
103
74
88
64
63
56
50
49
46
48
55
66
51
55
56
68
58
62
69
57
68
65
51
60
46
57
47
62
85
72
87
89
84
75
82
80
74
62
87
73
74
62
60
56
58
52
51
40
58
49
34
45
48
50
56
54
41
41
54
56
54
39
55
53
54
66
91
96
103
106
109
89
112
113
101
58
76
53
66
48
50
45
42
45
37
52
50
44
40
60
47
48
60
55
38
44
58
54
51
51
51
51
55
52
70
44
57
50
65
49
45
45
40
50
46
58
52
43
52
51
60
59
54
49
59
57
56
43
60
57
51
49
51
47
61
42
56
49
74
60
47
64
64
79
56
55
61
60
52
68
72
54
62
58
52
51
53
44
53
44
36
51
47
48
36
46
58
50
46
41
43
41
44
59
55
56
40
49
38
44
44
52
55
48
51
53
54
57
51
62
62
57
76
72
72
67
78
91
93
69
56
68
64
66
63
40
53
56
53
47
51
49
47
59
53
48
68
91
80
87
94
95
100
91
92
79
71
72
64
48
59
64
51
42
41
54
44
54
51
49
47
47
54
54
56
49
58
67
71
77
88
79
73
80
68
62
53
47
48
39
40
44
45
41
41
55
39
42
35
51
47
30
45
41
57
42
47
40
46
39
41
36
57
42
36
34
52
31
43
43
52
38
33
50
54
51
39
48
45
46
37
38
43
51
39
39
46
50
56
41
37
52
48
45
56
39
46
41
39
52
42
55
49
55
44
45
66
56
61
57
86
54
66
57
68
45
43
48
52
53
51
39
41
58
43
42
45
49
45
57
59
64
92
87
103
119
149
142
110
147
110
76
71
78
52
53
46
43
38
52
38
43
45
42
38
45
43
56
32
46
57
51
41
54
44
43
49
64
49
40
53
59
50
47
49
50
57
54
40
50
49
39
41
54
52
51
38
44
42
49
43
44
40
42
48
38
43
43
40
47
42
53
45
43
39
49
39
39
44
50
57
48
52
56
47
35
44
60
64
58
48
48
41
37
44
46
40
50
45
34
50
45
53
45
41
54
43
48
49
46
39
42
40
30
43
33
45
38
40
49
46
51
47
42
53
48
55
49
36
59
56
44
51
40
35
45
55
42
41
44
55
61
51
52
50
51
51
51
52
64
50
53
33
44
49
39
52
35
35
34
35
35
41
55
48
50
54
42
42
38
33
50
45
49
41
37
34
47
40
40
47
35
52
51
58
80
82
83
112
102
105
94
84
82
61
59
48
41
46
52
54
60
71
66
47
71
63
74
42
54
43
52
34
49
48
46
31
46
40
33
45
45
35
42
52
44
53
51
43
48
57
59
45
49
56
38
43
35
55
55
26
25
43
38
53
42
59
45
59
50
51
43
46
51
49
62
51
45
51
45
52
56
52
54
56
54
52
48
50
47
48
44
40
43
49
30
54
45
51
51
32
39
34
49
43
38
39
45
58
33
28
46
49
40
63
58
68
102
93
151
181
201
267
254
292
257
262
198
167
94
88
63
45
34
39
44
31
24
36
49
43
30
53
43
46
45
47
36
43
33
37
35
32
27
41
33
41
42
43
31
37
39
44
50
58
49
53
56
54
56
52
41
42
51
49
60
43
52
60
42
46
46
32
40
45
31
42
53
40
36
46
46
34
43
35
44
38
45
37
38
42
43
29
34
41
40
36
37
38
55
42
39
44
39
38
37
31
42
39
37
34
45
39
39
31
30
31
36
39
40
40
41
33
41
44
31
41
41
41
37
46
37
47
31
36
49
33
44
40
37
37
38
42
34
37
40
48
27
28
41
43
40
37
31
51
51
47
57
58
65
86
57
70
65
66
52
54
46
53
39
41
50
35
36
33
43
48
41
36
45
31
43
40
44
41
40
35
36
37
44
37
36
37
39
48
32
42
41
36
31
43
46
36
40
54
42
44
32
38
23
37
44
42
41
33
32
31
44
41
36
51
47
36
49
47
49
43
53
39
36
44
34
41
43
30
51
37
39
31
36
42
43
39
53
48
53
45
39
47
39
42
45
48
59
58
60
54
55
52
57
37
43
29
39
40
34
27
33
29
29
37
37
36
31
49
37
41
32
37
33
42
37
32
47
40
38
28
56
24
37
29
31
34
38
48
45
48
35
39
45
39
33
39
33
34
32
32
32
29
37
39
32
29
33
36
41
43
52
35
39
29
40
36
46
54
27
48
31
43
40
37
62
43
52
56
43
39
48
35
43
39
59
44
47
64
54
57
72
57
50
43
47
39
35
37
27
39
40
38
42
25
43
40
45
23
27
22
40
48
35
31
55
34
45
36
37
35
47
41
43
43
39
52
42
41
33
43
32
36
25
51
42
36
33
32
35
39
35
47
46
47
39
39
63
57
67
68
52
70
49
44
54
44
39
42
42
37
35
39
32
34
31
42
31
31
35
29
35
39
45
33
27
41
41
36
41
46
42
57
59
45
46
39
47
31
48
37
46
47
52
55
71
73
64
89
105
113
136
165
169
192
175
159
153
134
126
97
70
82
64
55
65
51
50
39
37
41
45
41
50
43
45
34
42
43
47
33
38
46
41
37
35
41
45
37
27
43
25
41
46
51
42
36
28
35
39
48
29
24
28
41
50
42
45
53
38
41
34
43
36
41
45
44
40
41
54
32
53
38
40
31
38
41
45
23
36
34
43
38
44
35
39
35
25
27
32
45
41
39
47
37
37
43
45
34
47
43
41
52
42
45
34
37
41
47
36
29
42
29
42
31
35
48
38
41
41
45
50
42
35
43
36
44
43
27
31
40
29
33
25
32
42
32
35
43
25
30
34
33
52
39
38
40
42
35
34
33
55
48
51
49
36
51
55
52
49
50
44
37
35
28
34
40
30
45
33
42
36
35
37
47
35
35
37
26
37
40
41
41
34
32
32
35
35
30
37
30
44
43
48
22
32
31
30
38
30
32
34
32
44
34
44
31
33
31
41
32
36
32
39
34
39
24
30
41
50
43
43
32
32
36
36
40
36
40
30
29
38
31
30
37
35
28
36
36
31
36
33
38
38
34
34
32
35
37
34
29
31
41
40
38
36
29
36
30
29
28
35
38
35
38
39
28
23
44
35
33
28
27
33
35
43
29
40
36
42
42
28
45
47
63
54
39
39
40
35
36
36
40
30
46
35
31
34
37
29
29
23
31
32
38
25
37
35
34
28
34
42
31
37
40
24
28
33
27
27
26
31
29
35
38
35
33
35
22
41
43
40
49
45
37
33
45
33
29
30
40
37
26
37
33
35
36
34
30
29
40
29
26
46
26
31
47
32
27
33
41
35
43
36
36
44
29
34
33
36
33
34
24
36
46
45
25
33
45
23
25
30
29
33
27
33
33
22
28
37
33
41
33
39
42
36
35
45
46
37
41
51
45
45
34
28
32
40
44
40
42
47
45
34
32
28
29
38
27
29
26
39
44
46
37
44
39
32
40
52
33
45
38
48
37
45
44
44
42
39
47
45
41
46
55
61
48
56
42
48
30
40
31
27
31
35
38
38
34
29
35
30
31
28
37
30
30
27
35
39
34
38
34
31
34
36
26
34
35
34
30
38
32
34
33
32
33
37
38
34
44
33
35
34
36
32
34
38
33
36
30
28
34
44
26
32
36
25
37
27
41
31
29
40
35
38
38
40
51
34
29
28
27
34
25
37
35
30
29
40
33
25
36
29
30
31
35
40
25
38
37
38
26
35
29
30
33
38
34
30
36
34
30
36
34
45
35
34
36
41
35
35
37
40
41
40
23
30
32
37
41
34
35
32
32
32
25
37
23
32
46
27
33
31
33
27
28
30
33
33
24
30
32
25
32
37
33
26
30
30
31
34
34
25
28
27
39
42
35
40
23
33
40
42
33
34
29
24
35
38
32
36
35
36
32
47
39
41
40
47
42
41
31
48
38
31
34
44
31
35
36
29
38
41
32
31
39
35
38
32
38
26
28
30
26
34
30
28
24
35
26
36
40
37
47
62
66
82
108
133
152
142
150
146
153
130
104
72
65
56
48
35
23
42
36
36
30
42
46
18
34
29
28
34
35
21
34
29
20
18
29
37
36
34
28
27
24
33
44
24
26
30
28
35
31
29
26
25
31
25
31
25
25
24
29
32
32
35
27
37
26
32
35
36
31
39
37
29
33
30
15
35
20
34
31
33
21
34
23
30
21
19
22
22
30
24
32
32
35
28
28
33
21
35
33
38
34
33
35
40
28
33
31
40
28
27
37
32
46
39
24
39
43
34
36
25
27
34
16
31
26
23
33
39
27
34
26
28
30
25
21
28
42
38
37
33
38
30
28
25
32
28
26
25
31
25
37
33
24
34
30
27
39
28
30
38
29
25
34
28
32
27
33
30
21
26
30
32
22
32
35
25
26
36
44
42
43
36
41
56
62
59
56
34
58
47
40
34
36
23
34
31
23
29
25
22
27
28
28
23
20
30
25
26
23
22
28
21
26
28
32
25
34
28
29
27
29
27
18
33
25
27
28
37
24
27
22
28
23
30
31
26
34
25
28
30
29
21
27
21
40
23
29
21
22
28
27
24
29
29
29
40
21
22
33
21
18
38
33
16
26
28
28
26
17
26
25
30
26
16
28
30
35
28
26
29
24
23
26
18
28
24
26
26
29
22
24
29
27
30
29
31
29
26
28
25
34
23
24
14
28
24
25
28
25
30
34
31
32
30
29
34
26
39
33
35
39
28
26
31
33
33
27
28
39
24
31
37
31
37
38
41
54
53
67
69
75
70
60
63
42
52
46
40
41
36
37
32
27
28
26
34
19
34
19
27
31
20
19
27
19
17
16
20
22
29
27
25
23
25
29
34
30
29
30
30
37
53
42
36
38
39
36
33
35
26
29
40
31
36
40
45
33
38
33
55
58
38
40
43
37
26
38
30
25
23
28
34
28
31
29
23
33
24
17
23
24
16
15
24
21
25
21
24
14
24
19
28
23
24
18
35
31
25
32
28
38
31
22
38
27
38
32
29
34
35
27
25
29
18
30
19
31
20
19
27
22
21
24
28
20
25
23
19
17
21
23
27
28
19
37
18
22
33
23
28
17
29
19
30
20
30
23
13
21
21
23
24
22
19
23
19
19
28
24
17
27
21
34
28
27
20
24
35
13
28
26
22
25
27
25
14
22
20
20
31
27
25
28
16
30
19
31
26
17
14
16
20
15
10
23
22
17
23
27
27
30
30
18
14
24
17
22
16
19
20
12
27
16
22
28
22
19
17
22
18
23
19
16
28
26
27
28
16
22
27
29
20
27
22
29
24
26
16
24
20
23
17
38
22
26
21
16
30
24
27
26
32
26
16
15
25
25
34
29
17
25
19
29
24
13
22
22
21
23
21
19
31
18
28
18
25
17
25
38
36
24
26
15
19
26
20
19
27
19
21
29
22
18
21
29
34
25
24
26
24
20
21
20
30
19
22
25
24
24
19
28
16
34
32
19
23
37
24
25
30
31
32
29
33
32
43
26
18
26
30
34
28
16
32
26
21
37
22
25
25
23
21
25
32
32
31
34
29
34
18
31
21
22
27
18
26
30
40
28
36
36
44
37
38
41
40
73
41
45
46
31
23
29
22
34
32
25
34
28
25
26
28
28
28
27
22
27
21
24
22
21
24
21
21
22
27
25
24
23
22
22
27
22
22
27
29
29
22
30
25
25
17
34
23
17
26
17
27
24
24
35
22
14
24
26
27
14
19
14
25
14
14
21
19
18
20
26
30
28
20
21
17
22
25
30
28
12
16
26
24
13
12
17
20
30
23
22
14
25
23
26
26
21
18
15
22
21
18
16
21
25
25
24
18
21
15
21
22
22
17
18
25
23
24
24
18
24
17
27
21
24
22
23
22
19
21
17
22
29
22
18
23
26
23
20
20
19
20
15
25
19
23
35
20
21
37
32
28
38
28
36
24
34
32
32
28
21
26
16
18
22
28
21
14
21
23
29
19
17
19
26
25
17
23
24
24
22
36
25
22
25
30
19
31
33
18
18
31
25
25
28
30
18
30
22
22
34
26
20
34
33
34
30
31
27
22
32
29
25
29
22
29
28
35
53
57
67
79
90
99
121
129
112
98
87
79
70
46
46
40
40
30
34
23
22
23
23
22
34
23
21
25
19
21
23
28
26
19
21
20
29
20
26
26
22
29
40
59
65
77
93
110
92
102
94
86
72
61
55
41
31
26
36
25
26
15
29
22
27
12
17
21
21
22
14
18
25
19
19
24
23
18
20
21
23
17
20
19
21
20
17
15
22
13
15
18
19
20
22
18
23
17
21
16
24
11
18
22
22
30
24
16
16
31
28
20
28
25
19
19
32
23
14
22
22
19
23
19
26
24
19
18
18
17
26
17
18
26
17
27
28
20
20
29
29
21
20
22
21
18
22
29
13
22
25
20
16
20
19
16
23
17
23
29
22
16
28
24
37
31
23
28
43
43
55
76
73
96
114
133
155
153
171
144
138
99
71
77
64
41
29
27
24
18
20
14
21
14
22
15
18
14
14
21
22
19
25
9
23
14
28
13
16
21
16
18
18
25
24
14
13
19
22
16
21
26
22
18
26
18
28
22
25
26
24
17
26
31
28
33
38
34
42
56
50
51
39
48
46
30
34
31
25
33
16
22
15
19
33
17
16
17
23
24
20
14
26
16
21
15
14
24
26
15
15
17
21
23
20
21
17
24
17
22
26
15
21
22
22
26
20
12
24
18
18
19
18
22
21
16
17
19
21
26
22
22
17
18
18
19
21
17
17
21
17
17
22
16
24
23
19
16
23
27
21
22
23
24
26
13
21
21
17
26
21
20
19
15
13
18
20
20
19
19
24
17
20
20
16
17
15
27
16
14
24
24
15
12
17
14
17
22
11
17
14
20
15
15
22
32
23
29
20
15
20
20
21
20
20
14
20
24
21
14
33
25
21
22
26
28
25
29
32
28
28
23
30
17
19
13
26
24
23
20
16
18
16
25
17
16
28
17
25
21
24
14
14
20
18
13
19
17
17
18
21
24
12
13
24
25
22
11
27
19
21
25
15
17
25
22
15
29
18
19
13
22
20
19
17
21
20
21
17
25
20
17
18
11
23
20
18
21
19
22
17
21
21
15
13
17
17
24
17
12
16
14
20
20
24
18
20
14
22
17
13
21
17
25
21
17
31
19
30
23
12
24
14
15
17
20
20
19
14
14
18
23
31
21
21
20
17
24
17
25
27
17
21
17
26
25
16
17
21
20
23
18
26
19
17
26
30
22
27
27
27
42
22
44
44
42
40
52
37
28
28
23
22
21
35
11
39
33
31
33
33
34
31
40
33
49
44
47
34
40
31
26
27
24
22
19
28
27
28
29
38
48
45
44
52
35
49
48
27
38
28
25
24
22
17
19
18
25
26
21
25
18
19
18
18
16
17
8
21
14
12
13
16
20
16
21
21
7
19
25
29
19
13
18
18
20
21
10
20
13
9
20
17
17
24
20
15
19
17
18
15
22
19
20
13
13
13
17
17
19
18
19
20
25
22
25
25
32
33
22
20
25
19
18
21
15
16
11
20
17
11
20
19
12
20
19
12
14
25
21
19
17
16
15
17
17
13
17
13
11
11
14
18
16
17
11
13
34
12
9
24
17
19
25
18
13
18
14
18
7
19
14
21
20
10
21
23
17
21
34
30
30
29
28
35
22
27
22
33
25
19
17
19
15
19
23
9
15
17
14
12
12
17
18
12
17
14
17
18
12
21
12
17
13
18
11
21
10
16
16
19
19
21
12
19
17
17
13
18
11
13
16
17
21
16
17
13
23
17
17
20
14
21
21
18
17
14
14
20
15
22
16
23
12
21
25
18
18
17
18
21
20
17
21
20
14
15
16
19
24
12
22
7
14
23
16
17
11
16
15
19
14
16
17
17
13
16
20
22
12
21
10
22
19
7
14
9
18
19
15
22
15
14
19
14
18
15
13
16
17
14
16
19
14
18
14
20
19
12
24
19
18
17
19
27
24
17
19
11
16
13
21
27
12
16
20
15
15
22
12
18
18
19
16
18
11
18
19
18
19
18
20
11
19
11
17
15
13
12
19
19
21
14
13
13
11
17
10
16
21
15
14
14
17
10
20
22
19
14
18
22
12
16
19
16
7
18
21
10
11
16
21
17
14
12
17
16
22
14
18
14
23
14
16
18
15
13
21
22
20
16
16
16
16
20
11
19
23
16
19
14
12
29
14
16
21
22
26
25
30
12
18
11
25
12
14
18
14
21
22
13
16
23
21
20
14
17
21
19
16
13
13
25
13
21
19
22
16
9
12
16
13
20
14
13
17
18
18
14
15
22
24
21
27
19
11
23
19
9
10
13
12
13
16
17
14
8
12
19
20
18
13
8
13
17
20
19
15
16
16
16
11
12
18
19
11
12
12
15
18
20
14
14
9
13
23
17
20
17
18
17
19
15
24
14
11
15
14
26
18
12
19
14
22
22
21
21
18
14
14
26
10
22
27
28
26
13
13
15
9
19
14
21
12
12
25
16
16
9
14
16
11
21
10
22
10
15
16
13
11
13
14
19
15
19
10
13
21
13
10
12
24
17
11
24
14
11
10
13
11
17
20
19
16
20
24
12
13
10
16
13
12
12
16
22
14
14
14
11
18
17
13
19
12
24
12
13
16
12
18
10
13
9
7
15
15
12
11
20
12
14
16
15
11
18
11
11
19
14
11
20
14
13
18
16
17
20
21
17
13
16
14
15
17
15
18
17
21
26
16
12
19
21
22
20
23
21
27
26
21
20
14
20
18
14
9
18
12
14
11
17
14
14
11
13
12
12
15
17
9
17
8
17
17
12
13
24
23
17
18
20
27
20
16
27
17
20
23
20
20
12
20
13
16
25
18
26
18
13
15
16
11
15
14
15
17
23
19
20
14
17
16
16
27
15
19
20
18
19
21
15
23
19
13
10
17
15
20
23
17
16
6
11
10
17
13
10
15
16
16
14
18
22
21
20
25
9
18
12
20
16
13
19
17
10
28
19
17
17
15
19
12
18
16
21
9
18
17
22
25
11
13
14
20
11
22
15
11
17
13
13
24
12
15
23
18
15
21
16
20
14
14
17
16
18
16
15
13
15
20
18
16
12
17
15
12
17
15
21
14
11
12
16
14
15
12
18
16
16
9
14
15
18
20
24
32
29
37
26
26
39
42
32
26
22
30
29
20
16
18
12
22
19
18
18
10
11
13
17
12
15
24
17
19
14
20
18
19
19
18
13
13
13
15
15
19
14
13
14
10
14
15
14
11
10
16
22
16
8
9
8
20
5
12
18
10
17
14
10
17
15
16
16
13
10
16
16
22
22
20
12
23
9
14
21
12
14
16
17
12
9
12
13
11
13
10
15
13
14
20
12
17
16
14
10
15
13
17
8
10
10
16
17
15
15
11
3
16
16
13
18
15
10
20
13
11
11
13
9
18
14
14
21
17
8
11
10
20
10
20
15
13
9
8
14
19
22
21
12
13
14
20
19
10
13
16
21
19
19
8
14
16
21
14
18
13
15
15
11
8
16
14
13
15
18
15
13
13
9
20
8
16
16
15
17
17
14
20
16
19
19
14
13
11
18
15
13
15
16
23
14
12
13
15
22
11
11
22
15
17
14
11
12
8
12
17
12
13
14
20
25
16
9
14
14
17
9
10
13
21
13
14
19
9
13
15
20
6
26
26
12
16
11
13
18
18
21
15
24
15
12
21
13
16
10
17
11
12
13
10
14
17
16
18
12
9
14
14
11
16
11
5
8
11
20
5
3
5
16
10
18
7
18
17
11
10
9
20
13
11
16
5
15
10
18
16
22
19
11
11
12
17
10
15
12
12
14
10
10
13
8
11
11
12
14
17
10
13
14
18
10
12
13
14
20
17
17
18
16
10
9
11
18
19
11
14
8
13
15
10
6
12
13
11
10
13
13
15
17
21
15
14
12
12
22
12
16
17
16
15
17
10
9
13
14
15
19
18
27
32
24
23
25
33
29
25
25
27
12
27
19
24
24
28
18
27
38
46
47
65
69
78
80
54
65
59
49
34
25
21
23
24
19
15
13
10
24
21
13
5
20
8
19
14
15
15
13
13
13
8
15
14
19
10
14
25
11
16
21
19
10
12
9
8
12
27
7
15
11
16
24
12
14
20
19
23
18
22
18
20
36
33
29
32
26
39
24
26
13
15
16
11
21
12
12
14
13
17
12
15
18
16
15
13
14
12
21
12
10
9
8
10
14
13
24
10
14
11
13
16
18
24
12
11
6
7
18
17
13
20
15
15
12
7
11
14
16
17
14
16
11
23
11
13
12
20
16
9
17
5
19
6
10
10
15
10
10
11
11
7
14
8
12
12
12
11
9
9
17
11
13
10
8
9
9
13
11
11
14
17
10
13
17
8
11
19
17
13
14
13
15
16
9
15
17
15
13
13
10
12
9
15
7
13
14
12
14
8
8
15
12
20
8
13
14
15
13
20
19
11
16
16
9
17
15
15
13
11
16
18
10
10
15
8
15
11
8
10
10
16
16
15
6
12
14
11
12
16
9
13
12
10
7
10
13
10
10
11
16
13
12
13
20
15
17
11
13
9
11
11
4
7
16
9
12
14
18
11
11
8
16
6
15
9
10
12
4
14
20
5
11
8
12
12
20
10
10
11
10
12
12
13
14
12
13
17
16
14
17
8
19
13
9
5
12
9
9
9
12
9
7
14
13
12
9
8
12
18
9
13
20
12
10
12
8
14
17
13
12
11
12
9
11
18
15
11
6
10
14
13
19
16
12
8
8
13
9
15
10
10
8
11
19
14
10
9
17
13
13
19
18
15
18
9
8
10
18
11
9
9
15
10
16
14
11
10
13
10
19
13
15
20
10
11
15
14
11
12
17
12
17
8
14
7
10
13
12
12
15
12
12
12
13
11
12
4
9
17
15
7
18
11
15
12
12
19
13
12
18
10
13
10
17
12
10
20
18
9
18
15
18
10
20
15
9
17
19
13
10
14
16
14
16
13
14
15
17
13
21
15
17
14
10
14
12
11
19
9
19
14
16
9
12
11
6
11
16
9
12
5
9
8
19
10
12
10
18
9
8
9
14
9
14
12
5
8
12
14
12
14
14
9
7
12
13
11
10
17
9
13
11
13
13
10
7
13
15
15
11
9
16
10
4
10
10
13
8
13
9
13
13
18
12
8
9
15
11
6
13
13
16
15
12
10
6
12
14
12
11
10
11
6
5
9
6
15
19
13
8
13
13
7
14
15
9
13
10
14
13
12
7
12
7
12
15
17
8
15
9
14
11
18
9
9
13
9
13
4
14
17
10
19
15
18
11
11
9
10
16
7
9
15
13
8
14
15
13
12
7
14
6
16
11
7
6
8
10
11
12
8
8
8
10
12
12
11
8
12
13
11
11
12
10
14
15
18
12
10
15
7
9
16
12
7
15
11
10
6
11
7
8
11
17
10
13
9
14
12
10
18
10
9
8
15
13
8
14
4
17
11
12
19
9
10
11
12
7
19
20
16
15
12
14
7
18
16
15
10
13
12
10
13
17
14
11
13
13
13
12
14
12
9
14
11
13
10
4
7
10
15
7
5
12
13
14
16
17
10
7
10
16
9
15
15
16
13
19
8
15
12
15
10
5
8
16
10
8
8
10
13
11
15
9
19
10
10
14
13
11
8
11
7
13
13
12
7
7
18
15
13
9
10
11
12
17
8
12
10
11
14
9
12
10
13
13
9
9
11
10
10
10
6
12
14
14
14
12
14
14
19
9
11
11
8
9
15
11
10
15
12
9
3
11
11
8
10
5
6
12
10
7
11
9
7
11
3
11
5
7
13
10
7
14
12
16
8
11
13
12
14
14
13
17
9
10
13
12
8
8
7
9
6
8
14
7
10
14
11
8
15
10
15
8
11
17
9
10
5
12
8
13
17
6
8
12
10
8
17
7
9
13
12
10
13
16
8
9
13
15
9
8
8
13
15
16
12
11
9
5
8
11
8
9
6
8
12
6
7
14
9
16
11
11
15
12
18
13
15
16
10
4
10
19
10
12
13
11
10
13
8
9
6
11
14
17
8
9
10
11
12
7
15
14
13
11
10
17
7
11
12
12
19
12
9
12
15
10
11
12
10
11
18
10
7
8
4
12
10
7
7
13
4
13
14
11
8
12
5
12
4
11
8
9
13
8
12
8
7
5
10
11
8
6
9
7
8
14
10
12
16
10
3
11
4
7
9
11
4
7
10
11
9
15
8
7
14
8
7
11
7
7
10
16
11
9
12
16
10
9
6
7
14
14
12
15
11
14
11
9
12
14
10
13
12
8
10
14
12
8
8
8
14
14
20
6
8
7
12
11
16
9
11
18
15
17
12
10
11
17
10
17
16
13
14
15
17
18
18
16
21
15
10
13
15
11
10
6
8
5
12
9
7
13
9
9
8
11
11
11
11
12
10
11
13
7
5
12
8
10
16
17
10
7
15
10
12
10
12
13
9
11
10
6
10
14
13
11
9
7
9
9
12
7
14
7
15
13
7
10
7
14
4
5
6
10
9
11
7
8
6
14
2
12
11
4
14
11
7
12
10
11
9
10
8
7
9
11
7
10
6
9
9
10
10
10
4
6
7
8
7
8
10
7
9
11
13
4
11
6
13
9
8
11
7
14
9
7
11
14
7
12
16
14
13
15
13
11
9
6
12
7
9
10
11
12
9
11
7
11
16
9
14
10
10
10
7
9
9
11
12
11
12
13
7
8
10
10
7
8
10
7
14
10
15
21
18
9
22
23
20
31
27
18
27
29
16
18
19
23
9
15
22
22
15
14
8
14
18
18
8
9
15
9
7
8
12
12
13
20
14
8
8
11
12
13
18
16
15
14
22
19
16
21
7
13
17
16
17
27
17
25
20
30
37
43
48
43
41
53
45
39
39
27
16
16
17
16
11
11
13
8
8
10
11
6
8
11
5
5
9
9
15
12
13
9
15
10
8
11
10
8
8
11
6
9
15
8
7
8
5
8
8
12
11
9
12
6
10
10
12
7
11
13
7
10
13
13
9
18
11
7
9
12
10
8
8
8
14
8
12
17
11
11
11
9
12
8
10
12
15
17
15
18
8
15
9
12
13
11
7
11
6
7
7
9
12
10
4
8
5
10
4
8
11
15
4
7
7
11
8
10
11
7
10
7
7
7
4
5
9
11
9
9
14
15
10
11
14
9
10
5
10
5
9
8
9
13
8
12
16
5
5
9
7
5
3
12
7
10
9
13
4
15
12
11
4
6
11
16
7
16
8
5
6
6
8
8
12
11
10
18
8
6
11
9
8
10
12
8
7
15
9
10
13
7
6
10
10
14
9
9
11
12
13
11
11
6
16
2
11
13
8
8
8
12
10
11
11
12
19
3
8
9
15
14
9
6
10
14
14
14
13
7
13
9
12
12
8
6
8
5
13
6
7
9
6
6
7
4
8
9
10
8
12
7
12
9
13
12
5
8
12
16
10
8
9
6
11
9
10
5
7
8
7
9
11
12
11
7
10
8
8
7
11
6
12
10
8
5
10
9
8
9
4
8
11
6
8
5
10
4
12
7
8
16
13
4
11
9
12
11
8
8
4
9
7
3
10
4
7
7
10
6
5
10
10
12
12
10
10
19
8
9
10
12
14
11
12
3
11
3
11
3
6
8
8
7
6
10
14
11
4
10
17
8
9
11
4
7
11
9
13
10
9
10
8
3
10
8
11
5
15
10
10
8
8
12
5
15
4
6
6
3
7
10
5
6
13
10
8
8
2
9
5
8
7
3
10
3
10
6
10
10
9
3
10
8
6
8
10
13
7
10
10
9
6
8
5
7
13
4
13
8
5
8
3
9
5
3
11
6
8
7
8
8
12
5
14
5
15
12
15
11
14
6
12
15
8
6
15
11
14
11
10
17
5
11
9
11
8
6
3
14
6
10
14
14
5
12
8
15
5
4
5
7
5
9
6
8
4
7
13
12
11
3
9
12
7
9
10
9
13
7
10
8
7
7
7
10
7
11
8
4
6
9
5
7
4
12
13
8
5
9
6
6
8
2
1
8
6
10
7
5
8
7
8
3
8
7
11
5
2
9
13
9
7
7
7
8
9
8
13
7
12
7
10
8
4
5
11
9
5
11
11
4
13
7
8
3
6
5
7
5
9
9
10
7
4
5
7
11
7
6
8
7
5
14
13
13
11
5
6
21
12
14
14
10
9
14
15
9
8
9
13
5
7
8
12
9
10
7
11
9
5
8
6
6
5
4
8
13
8
13
13
8
12
6
10
7
11
4
8
8
11
12
7
6
9
10
10
5
11
8
7
8
5
10
8
1
8
11
9
9
14
12
9
7
13
9
9
12
7
6
7
8
12
8
6
7
5
12
10
8
6
8
12
12
6
8
10
6
10
4
9
5
7
9
5
6
9
9
7
11
10
9
6
8
10
11
9
3
8
9
10
9
5
9
11
7
8
7
13
6
12
7
3
5
13
7
5
3
4
6
9
8
7
6
5
5
8
12
6
15
11
9
11
10
7
10
6
7
3
10
9
3
7
8
9
9
5
6
6
9
9
3
9
4
7
4
9
10
7
10
6
9
12
10
8
9
8
6
8
8
9
9
6
8
9
9
3
4
7
6
8
11
5
5
14
5
7
12
7
8
15
9
5
4
7
10
8
9
8
7
6
11
7
10
11
5
9
7
6
4
6
10
9
11
6
6
11
9
5
6
6
9
9
8
5
8
9
7
5
14
3
7
11
14
5
9
11
15
6
9
11
5
10
7
7
10
10
5
4
13
5
7
9
7
7
5
11
10
9
7
8
7
9
5
5
8
9
8
6
6
6
4
8
11
12
10
10
8
7
7
7
14
5
5
2
12
5
13
6
12
5
3
11
3
7
2
8
7
3
6
5
10
10
9
6
9
5
8
7
6
6
2
3
13
5
11
10
9
5
9
8
5
7
5
8
8
10
10
10
9
11
9
7
15
12
14
19
17
28
20
30
29
27
35
26
31
31
18
19
21
18
13
6
6
9
5
8
7
5
6
7
6
9
8
11
8
10
9
7
8
10
8
14
6
2
3
5
8
10
10
14
10
6
11
14
7
13
6
9
14
4
12
5
3
9
8
6
12
11
8
6
10
10
5
8
5
7
7
4
3
6
5
11
1
12
3
4
1
7
6
6
6
9
9
3
7
3
4
5
8
4
8
8
8
6
6
7
8
4
11
9
8
8
11
12
7
10
8
13
14
16
13
19
20
14
24
11
17
22
14
13
12
14
9
8
2
7
11
11
4
9
6
7
4
10
4
4
8
5
13
10
12
4
2
9
8
5
12
3
8
3
9
7
4
5
4
8
6
10
9
11
5
6
8
9
6
8
7
11
5
9
9
4
8
9
12
12
9
7
4
7
6
11
6
15
9
8
8
4
7
4
7
9
5
9
8
7
5
7
4
2
5
7
5
7
8
8
6
5
12
6
9
13
8
7
7
10
14
6
16
9
7
8
13
7
10
7
8
6
8
11
7
7
6
9
12
11
9
5
3
4
8
5
5
6
13
5
11
9
13
8
10
7
3
9
6
4
5
14
8
4
9
5
7
9
9
9
8
5
6
8
6
3
6
5
8
4
8
12
9
4
7
5
10
8
6
11
16
11
14
11
11
19
10
19
17
11
11
9
11
3
4
4
4
6
10
4
5
8
6
6
2
5
5
11
6
3
13
4
11
4
5
8
8
12
5
9
10
6
6
11
3
2
4
8
5
3
8
5
3
6
3
8
4
7
7
7
12
4
7
7
7
8
11
4
4
5
7
6
8
8
10
3
7
8
6
7
10
4
8
4
11
5
5
8
8
8
11
8
8
9
5
7
3
6
12
5
5
7
5
6
7
14
9
12
9
8
6
10
3
8
4
10
7
5
9
7
6
10
8
3
5
4
6
9
8
7
7
10
9
8
3
11
6
8
7
5
7
9
11
14
12
12
12
10
16
2
6
9
7
7
11
10
10
9
7
3
9
6
9
6
14
10
9
10
8
6
4
8
10
3
6
6
8
5
5
6
4
8
5
7
8
7
9
7
10
4
7
6
8
7
7
6
7
14
7
11
4
8
9
17
8
7
9
7
6
7
3
9
9
7
5
4
7
11
3
9
16
6
12
6
3
7
5
8
7
9
12
4
5
9
8
5
9
3
5
6
9
4
7
4
3
4
5
5
7
3
5
8
5
5
8
6
5
6
5
8
8
5
13
5
3
2
9
9
8
6
6
3
7
3
13
8
8
4
4
6
5
8
13
6
11
7
7
7
5
3
4
6
7
9
2
7
9
7
4
5
1
12
7
9
5
10
7
9
6
7
7
2
6
4
6
6
8
7
12
9
4
5
5
7
4
7
6
6
7
4
7
8
10
5
9
4
13
7
8
4
3
12
4
4
8
4
7
4
5
6
7
12
5
5
4
10
6
15
8
4
11
11
10
2
10
7
6
9
4
6
9
9
3
3
10
4
9
11
8
3
14
4
7
8
9
5
2
5
7
4
7
8
11
5
7
4
6
5
7
8
7
9
9
10
9
8
10
12
11
5
12
6
3
11
4
8
7
6
8
5
5
4
6
10
4
5
5
10
1
6
8
7
3
7
6
10
6
11
5
4
8
5
6
5
4
6
6
4
7
4
6
7
3
7
8
8
9
6
8
8
7
9
6
4
7
3
10
7
8
8
8
3
9
8
10
5
8
5
6
5
5
6
7
3
8
5
6
4
9
3
6
10
4
5
9
7
7
5
3
16
5
11
9
12
6
12
7
7
5
17
11
8
3
5
7
10
5
5
6
12
4
11
8
5
5
7
5
8
4
11
9
9
6
8
4
9
11
7
7
0
0
5
6
5
1
8
6
8
5
6
5
4
1
6
6
9
4
7
5
9
9
9
12
7
10
11
12
9
5
7
9
3
10
4
9
11
6
6
2
9
9
7
10
4
10
8
1
4
6
6
11
11
9
8
10
6
3
5
8
9
8
5
3
7
6
4
10
11
7
3
10
8
5
6
6
8
3
7
4
6
10
4
4
6
8
8
3
6
9
4
7
10
4
7
10
8
5
6
5
3
3
7
2
4
3
6
6
11
11
12
10
5
5
4
4
5
7
9
9
8
4
5
5
3
8
4
5
6
8
3
5
9
8
9
6
2
4
2
9
7
3
4
5
8
10
6
8
9
2
3
7
6
6
9
4
5
3
3
5
4
5
3
10
4
2
4
4
3
2
1
5
3
4
1
7
8
11
6
9
6
11
15
16
20
15
13
12
17
11
10
11
9
11
13
12
12
7
9
2
6
7
2
2
5
4
6
10
4
4
6
3
6
3
4
7
10
4
3
6
14
9
8
10
6
7
7
5
6
3
6
9
2
9
5
9
6
11
4
10
5
6
11
7
8
6
1
7
4
7
4
8
8
3
9
5
9
4
7
6
7
3
7
6
5
4
0
4
8
6
7
2
6
5
5
1
5
6
2
8
2
6
5
4
5
2
7
6
8
6
3
7
8
12
4
9
7
3
2
8
6
7
2
5
4
9
8
12
9
7
5
11
8
10
11
6
3
5
5
0
2
9
1
2
4
2
7
8
6
3
6
5
4
2
5
7
4
2
8
3
5
5
4
5
4
5
6
1
5
9
5
4
4
4
4
5
2
4
2
7
2
6
10
3
3
4
4
7
9
4
6
8
7
8
6
5
4
4
9
2
6
5
6
3
5
9
6
4
5
4
7
2
5
8
6
7
7
6
5
9
3
4
2
3
5
7
3
12
6
6
4
4
7
4
3
6
8
6
4
7
3
6
9
5
6
4
3
8
5
5
4
7
8
8
4
6
6
6
9
6
6
8
7
1
5
6
3
10
8
5
5
9
5
7
9
5
8
2
6
7
9
4
4
12
7
5
5
3
4
7
5
8
9
8
8
8
9
12
3
3
5
6
3
4
7
4
4
2
4
7
6
3
5
2
2
6
5
2
5
5
6
6
6
4
6
5
4
2
8
4
1
5
8
10
6
7
9
9
7
4
3
3
9
5
4
4
2
3
5
3
5
4
1
4
4
3
4
2
3
4
8
7
9
4
6
4
3
3
3
10
4
4
6
10
5
2
7
4
1
5
4
5
7
2
4
5
3
7
8
3
6
5
5
6
3
3
6
8
9
3
6
6
7
7
9
1
6
3
4
5
6
5
6
3
4
7
3
2
6
4
3
4
8
4
6
3
4
3
3
5
7
6
7
6
8
2
5
4
2
3
4
4
7
6
6
5
6
10
3
7
3
1
3
5
4
1
5
6
1
5
7
4
4
0
6
4
5
5
7
6
3
8
4
3
7
9
4
5
2
9
4
5
8
2
8
4
6
9
8
5
4
5
5
6
4
2
3
7
4
5
2
4
5
2
5
8
3
6
7
2
2
1
8
1
3
3
6
8
10
4
3
3
7
2
4
3
6
5
8
5
4
6
5
7
6
2
8
4
6
5
3
4
4
6
1
7
6
7
3
3
3
8
7
1
9
3
6
7
5
3
4
3
6
6
7
5
1
3
7
8
5
2
8
3
7
2
2
4
3
4
6
4
5
6
3
5
6
3
6
5
4
2
4
1
4
7
4
7
4
4
4
5
2
5
10
5
4
5
1
4
8
4
9
3
3
4
9
6
5
4
6
7
3
4
9
5
6
4
5
4
6
9
5
8
6
5
2
3
6
7
1
7
6
3
5
5
6
1
2
5
3
5
7
3
3
4
3
6
3
1
7
2
5
2
7
5
2
1
8
5
5
9
7
7
4
3
11
9
4
5
7
3
9
9
6
5
3
3
4
2
6
8
5
3
3
4
3
3
7
2
8
1
2
5
3
5
0
3
3
3
2
5
5
3
6
5
5
2
6
3
5
2
5
5
6
3
7
5
3
3
2
4
4
4
3
4
4
3
3
5
6
5
5
4
3
2
7
6
4
2
5
5
0
5
5
3
2
0
4
5
2
4
5
6
6
3
8
3
6
6
4
3
6
2
2
1
1
9
7
2
7
9
10
6
9
8
6
10
6
9
9
7
6
6
10
7
3
7
5
6
3
7
4
3
2
4
7
4
5
3
3
2
3
4
3
3
4
1
3
5
6
5
4
7
5
4
5
4
3
6
2
5
4
2
2
3
6
5
5
3
3
6
5
10
6
11
9
7
13
11
7
8
3
5
4
4
5
5
4
5
5
2
7
7
7
5
5
8
4
0
5
8
7
5
2
6
9
6
5
4
5
6
5
9
9
5
7
4
10
12
14
9
9
11
12
12
11
19
5
5
15
6
6
4
4
7
7
8
3
6
8
5
6
7
4
6
8
4
4
8
13
8
24
17
15
13
15
20
14
9
9
9
6
10
8
7
2
8
3
6
4
8
2
3
3
6
2
5
2
5
3
6
3
4
2
3
3
7
4
3
13
6
8
6
4
3
6
7
5
5
7
6
7
9
7
5
2
5
6
1
1
5
5
4
4
8
2
4
4
5
5
4
3
3
3
6
7
3
1
6
4
4
3
4
2
1
0
1
6
6
7
3
7
10
5
1
1
4
1
8
4
4
5
2
6
0
5
3
4
3
3
5
5
2
9
2
6
4
4
4
6
5
4
2
5
5
6
9
4
9
3
7
3
4
4
7
6
5
4
3
6
4
2
4
2
4
5
2
4
11
8
3
4
4
4
5
4
5
5
4
3
6
4
2
5
3
4
2
2
3
4
5
4
4
3
1
3
2
4
5
1
2
3
5
6
5
5
4
5
6
5
7
4
5
3
5
3
4
3
3
5
4
6
3
4
2
4
2
5
2
5
5
3
3
3
8
2
10
8
6
8
1
8
7
7
14
22
18
17
20
10
21
23
23
28
21
19
19
13
16
15
12
14
4
7
6
3
5
1
4
4
4
8
5
3
7
4
5
2
6
3
7
5
5
2
1
3
2
2
5
2
5
7
3
7
1
6
2
5
2
2
7
2
3
6
5
1
5
5
1
1
9
4
6
1
6
4
3
3
4
4
3
6
4
3
3
4
3
3
3
4
3
2
3
6
6
9
4
1
5
5
6
8
8
8
11
2
6
2
5
6
6
5
3
6
5
4
8
7
8
12
4
6
3
8
2
4
1
4
3
8
3
6
4
4
6
5
7
9
3
7
8
5
6
11
7
7
10
7
9
11
3
4
6
4
4
3
3
3
5
4
3
2
2
3
5
2
4
2
4
7
4
3
6
4
6
4
3
2
5
2
5
3
4
8
6
7
2
1
8
5
1
2
5
5
4
3
2
3
3
2
3
2
5
3
4
4
1
2
3
3
0
2
5
2
2
1
4
2
4
4
2
2
6
6
2
3
6
4
3
2
5
2
7
7
7
2
5
1
2
3
7
8
3
4
2
7
3
5
4
1
2
0
3
4
3
9
4
2
2
1
2
7
4
3
5
3
1
0
4
6
3
3
4
5
5
2
6
3
3
2
6
3
1
4
5
3
6
2
2
4
5
2
2
1
4
2
4
2
4
4
5
1
3
3
3
1
2
0
6
4
4
5
6
4
3
3
6
4
2
2
1
2
1
4
2
3
2
2
2
1
3
1
5
3
4
2
4
3
1
3
5
3
0
7
6
4
4
5
2
1
2
3
4
4
5
1
6
3
1
2
3
2
3
6
2
3
6
7
9
5
0
1
1
1
2
4
4
4
2
1
3
4
1
6
6
2
5
2
3
10
0
3
5
3
9
3
6
8
2
6
5
3
2
6
2
2
2
2
1
3
8
6
3
5
3
5
4
2
3
1
7
4
3
2
2
4
4
5
4
5
1
0
3
2
2
3
5
6
3
5
3
7
3
2
1
3
1
1
1
4
4
2
5
3
4
2
4
3
2
3
2
3
2
1
2
2
3
3
1
4
4
3
7
2
7
5
5
7
3
6
5
3
5
3
6
7
0
6
4
4
1
3
6
2
3
4
6
2
4
4
3
5
0
1
4
4
3
4
0
4
5
3
5
2
0
9
3
4
0
1
2
1
2
3
6
1
1
3
5
6
3
1
5
3
3
3
2
6
11
9
2
3
7
6
4
8
3
2
2
7
3
5
2
2
1
3
9
4
2
1
5
3
3
3
2
3
2
3
2
3
4
7
6
0
7
2
2
4
4
2
4
5
4
3
4
8
7
7
7
3
6
1
4
5
4
5
5
4
4
2
2
2
3
5
6
4
5
2
3
1
3
4
3
3
5
0
5
5
0
3
4
5
1
3
3
1
5
4
5
4
2
0
4
5
5
1
3
3
6
1
8
3
7
4
1
0
1
2
2
5
6
3
2
4
5
2
2
3
4
1
2
3
5
4
0
3
1
2
1
4
2
2
8
5
2
3
1
2
5
2
5
1
5
5
1
1
4
3
2
2
1
3
3
3
6
4
2
3
3
3
1
1
3
1
3
2
6
4
6
2
6
3
3
7
4
8
5
6
4
7
4
5
11
5
11
9
4
7
3
6
9
4
5
3
11
6
9
7
6
4
1
3
1
2
2
2
5
8
0
0
5
0
2
2
3
3
7
2
2
5
2
7
3
5
2
7
2
3
2
4
3
3
4
3
3
3
2
2
6
2
4
1
7
3
1
6
1
0
2
1
4
2
2
4
1
1
4
5
5
3
0
6
1
4
3
4
7
2
1
4
3
2
6
4
2
4
7
6
3
2
7
5
7
4
5
2
5
7
3
2
1
2
1
3
5
3
3
0
2
1
3
3
2
2
6
1
2
1
2
4
3
4
4
5
2
3
5
0
4
2
4
3
5
0
4
3
5
7
2
7
3
8
4
3
5
2
6
5
6
3
2
1
4
1
5
4
3
3
1
4
2
5
3
3
1
1
2
2
2
1
1
1
2
0
3
4
2
4
4
4
3
4
6
3
4
3
3
5
5
4
2
4
3
1
3
2
3
0
3
6
3
3
3
4
10
1
2
8
8
6
1
10
5
4
6
1
4
3
2
2
1
3
1
2
2
4
1
5
3
0
5
5
2
1
6
3
1
3
3
4
6
5
1
1
2
5
0
3
1
1
1
1
3
6
2
5
4
5
5
3
5
2
2
5
3
1
3
6
3
4
6
2
1
6
1
8
5
2
4
3
3
2
2
2
4
0
3
3
2
2
3
2
3
2
3
5
3
3
3
5
3
2
3
3
5
2
1
2
5
4
1
7
2
1
4
2
3
1
2
4
1
3
0
3
2
1
3
2
3
2
3
1
0
3
1
6
3
2
5
2
5
1
3
2
3
4
7
2
1
4
1
5
1
4
4
3
7
4
4
2
2
1
2
3
6
2
4
2
5
4
4
2
3
4
1
3
1
3
3
4
1
5
3
5
2
0
3
1
1
3
2
1
4
3
1
2
4
6
2
2
2
0
2
3
2
1
5
3
3
1
2
2
2
2
2
4
4
5
4
7
3
6
4
3
5
0
3
3
0
2
3
4
3
3
1
3
4
4
2
1
2
2
5
6
5
2
4
3
1
3
0
4
1
4
0
4
2
2
2
0
2
6
4
6
3
5
3
3
5
1
5
1
5
2
3
5
1
3
4
0
3
4
5
6
5
2
6
4
3
3
3
2
4
2
7
4
4
4
2
4
5
9
8
8
3
6
6
6
5
2
1
2
6
3
1
0
4
5
5
1
1
4
4
4
4
2
1
7
4
3
3
3
2
2
1
2
2
2
4
0
3
0
3
5
4
3
4
3
2
1
4
6
4
3
7
2
4
4
3
2
2
5
2
2
2
4
3
3
2
3
4
7
3
2
5
3
8
6
9
7
7
7
4
11
8
4
3
6
5
1
3
7
7
1
5
6
9
1
2
5
5
6
4
1
4
3
2
1
4
3
2
3
4
5
3
2
7
2
3
5
4
4
3
4
3
7
3
3
6
3
3
6
3
1
1
1
1
4
1
2
6
2
5
4
2
7
1
3
1
6
4
4
2
3
2
0
2
3
2
1
3
1
5
0
7
2
5
3
3
6
5
2
4
1
1
6
3
1
7
2
3
4
2
3
4
3
4
3
4
3
3
3
0
3
4
5
2
2
2
4
3
4
2
0
5
5
1
2
4
0
1
1
2
3
6
2
2
1
3
2
1
5
2
2
0
2
4
2
2
1
3
2
3
3
2
0
8
5
4
7
2
3
4
2
2
2
1
1
5
3
3
6
5
0
4
2
2
5
3
8
4
2
0
4
1
1
3
0
2
2
0
2
1
0
1
2
3
4
2
3
3
0
3
4
1
3
3
2
0
1
1
0
4
2
5
3
3
3
3
0
5
2
2
6
3
3
2
6
0
3
4
3
1
2
2
3
2
5
3
4
3
2
2
2
6
5
6
2
3
1
0
1
3
4
2
1
2
2
2
3
2
1
8
3
2
2
2
3
4
3
6
1
2
2
2
4
3
2
2
4
2
1
1
1
1
4
5
1
3
3
4
2
2
1
2
3
2
2
4
4
3
3
7
1
6
3
1
5
3
2
1
2
3
3
2
4
2
1
2
0
5
3
3
4
2
0
0
4
1
3
2
3
1
1
5
3
6
1
4
2
3
5
1
0
3
1
11
3
3
3
3
5
4
4
2
2
4
3
1
0
3
6
4
2
1
2
2
1
2
2
0
1
5
1
2
2
1
4
2
2
3
1
4
6
2
2
1
1
4
1
3
3
3
1
2
4
3
2
1
0
0
0
4
3
3
5
4
1
3
1
2
4
2
4
3
1
4
2
2
0
3
0
6
4
3
0
0
1
1
3
5
0
3
5
4
1
1
3
1
1
2
1
1
0
1
1
2
4
2
3
3
0
4
1
2
3
2
0
4
3
1
2
1
3
4
1
2
1
4
2
5
2
1
1
2
3
2
4
3
4
2
3
1
2
6
1
4
1
5
1
2
1
3
2
2
1
1
2
3
2
2
4
2
5
1
4
2
2
3
2
1
2
4
6
5
2
4
1
4
2
3
1
4
3
2
2
1
1
2
3
0
3
3
1
3
3
8
4
3
2
2
0
1
1
3
2
3
1
5
5
5
1
4
1
3
2
2
3
3
3
1
1
2
4
4
1
2
1
2
0
1
5
7
1
2
1
7
2
1
2
1
4
2
5
1
6
1
2
2
2
1
5
1
2
3
3
2
1
0
4
1
2
4
2
1
5
0
7
2
3
4
1
3
6
5
3
4
4
2
3
5
5
1
3
2
1
3
3
2
0
2
4
4
0
0
3
1
1
1
2
2
1
2
4
1
1
5
3
4
2
3
1
3
6
6
0
1
3
1
2
3
6
2
2
3
1
4
3
1
2
4
1
1
1
2
7
0
2
1
4
1
3
5
3
4
1
0
5
4
3
4
3
1
2
5
1
1
0
1
1
1
2
3
1
3
0
5
0
4
2
3
2
2
4
1
0
1
5
1
1
2
2
2
5
1
3
0
1
4
2
3
3
3
2
2
1
0
2
2
3
2
1
1
2
1
3
4
2
2
0
2
3
1
4
3
1
0
1
1
1
3
0
0
4
2
2
2
2
2
3
2
2
1
4
2
2
5
2
2
1
4
3
1
1
5
4
0
3
7
2
2
3
3
3
4
2
5
1
4
6
3
1
2
0
4
2
2
10
5
2
5
2
2
2
5
1
1
3
1
0
1
4
2
2
4
4
1
1
1
2
4
1
3
5
3
3
2
4
1
2
1
1
3
2
3
2
2
3
9
0
3
2
1
5
3
1
1
3
2
0
7
1
2
3
4
2
1
1
5
3
2
0
1
2
7
2
2
1
1
1
3
3
3
1
1
6
1
5
2
6
1
2
3
3
2
5
2
3
4
2
2
3
3
5
2
0
3
2
0
4
4
1
6
4
1
0
3
1
4
1
1
3
1
2
2
1
4
0
0
0
4
0
3
3
2
3
3
0
5
2
3
2
1
3
3
3
2
1
2
3
3
1
2
1
1
6
3
2
0
1
2
6
1
5
2
3
2
1
4
1
4
5
3
5
4
5
5
4
3
1
6
4
3
2
4
3
2
2
0
5
2
1
2
1
1
2
0
4
3
1
1
4
2
4
2
4
4
1
1
1
2
4
2
5
5
0
2
4
3
5
1
1
1
3
9
5
4
3
1
3
2
1
3
3
1
1
6
2
3
2
3
4
3
4
2
6
2
2
2
1
2
0
0
2
2
1
2
6
3
0
2
6
6
2
1
1
3
0
0
5
1
3
1
0
4
1
5
3
2
0
5
2
1
3
2
3
1
0
1
2
2
2
5
2
1
2
1
6
1
1
1
1
4
1
1
1
1
2
2
3
1
1
3
2
2
1
0
1
2
4
4
1
3
3
2
5
2
2
1
2
1
3
1
1
4
1
5
4
0
3
2
3
2
3
3
1
2
2
3
2
0
2
3
5
2
5
2
4
2
1
3
4
2
3
4
3
2
1
6
5
1
2
4
3
2
5
0
2
3
6
3
2
2
2
1
2
2
1
2
1
0
3
1
2
3
0
3
3
1
2
1
2
0
1
0
1
3
1
2
1
2
2
0
1
3
0
3
1
2
6
2
1
1
1
0
2
1
3
3
1
4
0
7
2
6
2
3
4
1
3
3
2
5
1
1
0
2
4
2
2
2
2
2
0
5
5
0
4
0
1
1
5
1
2
3
2
3
8
5
1
2
4
8
3
9
3
3
3
4
1
2
4
3
3
5
1
3
2
2
3
1
2
5
2
0
6
2
4
1
1
1
1
2
2
0
5
2
2
1
1
1
2
2
3
5
1
1
0
3
2
1
3
2
1
2
0
0
2
2
1
7
0
2
0
3
3
0
2
3
2
3
4
1
3
4
2
2
4
0
4
3
1
3
2
6
0
1
4
2
9
4
2
1
1
1
1
0
3
5
2
3
0
1
1
2
0
3
0
1
1
0
1
5
2
4
0
2
3
1
2
4
3
2
4
1
3
1
3
1
0
2
1
4
2
2
4
1
4
2
1
4
5
2
5
4
6
2
4
3
3
3
6
4
1
0
2
3
3
6
2
2
4
3
0
7
3
2
2
0
2
4
3
4
2
4
3
1
8
5
2
0
2
1
3
4
0
2
3
1
3
2
3
3
1
3
1
0
0
1
1
2
2
0
2
4
3
7
2
7
4
1
1
4
2
4
2
0
2
2
5
1
2
3
1
0
2
1
0
1
1
2
1
1
3
1
0
3
1
3
1
1
5
2
4
6
6
1
0
1
0
2
2
0
3
1
3
2
0
3
1
2
1
1
2
1
1
3
3
1
1
2
0
1
2
2
0
3
1
3
3
1
2
0
2
1
1
1
7
3
1
4
2
2
2
1
0
5
3
1
0
3
2
2
3
3
2
4
4
1
5
2
1
3
1
1
1
3
4
1
1
3
6
2
1
1
1
2
2
1
5
2
3
1
0
2
1
3
1
2
1
2
2
3
1
1
$ENER_FIT:
0.2331 0.193989 9.807542e-09
$MCA_CAL:
3
0.2331 0.193989 9.807542e-09
$SHAPE_CAL:
3
0.0000 1.000000e+00 0.000000e+00
$ENDRECORD:
