$SPEC_ID:
Shots [120, 121, 122, 124, 125, 126, 127, 128]
$MEAS_TIM:
280.00000 347.00000
$DATE_MEA:
08/27/2021 07:37:32
$DATA:
0 16383
0
0
0
0
0
0
0
0
0
0
0
0
0
0
0
0
0
0
0
0
0
0
0
0
0
0
0
0
0
0
0
0
0
0
0
0
0
0
0
0
0
0
0
0
0
0
0
0
0
0
0
0
0
0
0
0
0
0
0
0
0
0
0
0
0
0
0
0
0
0
0
0
0
0
0
0
0
0
0
0
0
0
0
0
0
0
0
0
0
0
0
0
0
0
0
0
0
0
0
0
0
0
0
0
0
0
0
0
0
0
0
0
0
0
0
0
0
0
0
0
0
0
0
0
0
0
0
0
0
0
0
0
0
0
0
0
0
0
0
0
0
0
0
0
0
0
0
0
0
0
0
0
0
0
0
0
0
0
0
0
0
0
0
0
0
0
0
0
0
0
0
0
0
0
0
0
0
0
0
0
0
0
0
0
0
0
0
0
0
0
0
0
0
0
0
0
0
0
0
0
0
0
0
0
0
510
508
511
520
510
530
502
483
481
492
494
531
522
540
520
533
506
509
461
499
501
531
498
503
516
454
504
512
544
510
494
502
487
458
485
493
502
425
462
476
482
453
480
436
485
497
455
453
437
457
474
471
478
458
460
440
494
437
440
426
489
437
422
478
467
410
437
485
469
467
417
449
463
486
465
463
485
469
472
453
443
466
446
434
424
444
451
476
431
475
413
446
406
464
392
452
432
428
450
458
429
441
418
473
436
440
434
434
451
450
436
410
440
444
472
496
516
539
513
479
461
432
440
450
457
444
428
441
443
428
431
441
422
431
458
461
437
447
416
386
448
407
406
461
528
600
734
874
930
838
623
570
594
632
610
584
580
488
437
448
399
408
406
397
415
402
422
409
431
406
389
430
397
424
404
424
437
401
406
473
466
406
467
416
412
404
452
467
514
515
560
498
502
544
587
527
520
448
449
418
434
474
506
526
527
521
478
492
454
449
513
454
409
439
417
407
422
424
450
391
448
444
474
497
523
458
435
392
408
402
390
405
527
595
592
543
446
473
421
426
453
474
393
451
459
406
408
398
400
419
405
353
415
420
382
403
380
417
404
423
428
412
466
470
465
428
380
379
443
390
377
454
458
554
742
837
918
779
635
520
480
425
422
435
396
389
406
365
390
408
373
415
380
412
429
548
666
729
708
642
568
481
456
516
454
420
405
360
370
375
378
401
397
401
393
388
369
382
401
357
372
409
385
481
503
542
650
704
621
576
538
436
442
452
400
433
401
409
388
405
370
376
418
385
375
336
404
401
488
507
563
578
525
526
491
467
407
401
361
359
337
323
355
366
335
354
325
368
327
368
409
415
454
413
438
415
395
377
399
362
365
394
364
384
337
322
357
377
350
349
361
352
394
406
423
454
460
448
440
390
362
384
433
412
449
473
418
390
364
378
414
385
374
372
355
401
387
467
454
464
513
453
470
415
381
349
378
348
383
335
345
315
356
296
345
345
322
342
335
333
322
354
359
339
361
324
330
395
423
417
446
411
394
376
378
372
322
368
385
336
372
344
351
365
378
372
359
345
343
350
351
350
351
339
361
314
330
337
341
366
392
407
403
387
396
331
371
395
369
384
395
425
477
595
722
732
642
514
442
415
546
565
768
837
841
703
648
522
543
444
398
330
342
342
351
363
418
501
478
445
402
384
372
329
323
340
352
372
359
401
422
483
537
468
378
364
329
357
336
362
392
408
339
362
342
322
358
329
343
329
345
352
341
387
421
471
506
487
433
346
326
335
390
406
491
524
505
508
532
597
666
589
480
444
354
354
318
302
317
320
299
304
359
318
320
327
325
334
328
347
315
289
306
328
315
294
300
333
313
370
332
360
347
371
376
347
375
344
379
333
306
338
389
441
429
453
424
450
397
407
402
418
390
349
304
333
319
286
323
336
345
281
321
319
330
287
348
297
283
299
323
352
386
413
492
447
424
410
408
408
358
307
285
302
345
291
287
338
393
429
551
675
729
604
524
408
322
319
321
308
298
311
330
308
276
300
294
298
256
266
288
267
338
330
339
286
331
276
302
335
361
417
479
573
605
652
640
600
495
438
343
298
327
297
334
334
320
309
315
312
313
296
329
338
300
262
280
279
273
277
275
245
301
352
387
444
443
421
375
338
367
424
460
495
459
409
349
316
302
279
276
251
314
284
309
285
265
279
253
315
273
289
282
283
318
257
267
302
288
270
278
270
335
286
274
284
305
294
304
308
349
419
557
724
869
825
654
520
414
342
460
567
711
851
884
767
618
448
395
342
320
288
294
325
286
292
294
284
250
300
297
297
310
339
354
322
302
328
313
337
372
387
350
317
314
294
281
239
271
296
274
257
279
225
237
254
256
271
293
341
311
312
311
299
241
242
281
262
259
253
275
267
247
274
276
277
300
281
273
257
273
240
255
233
251
271
258
267
267
267
245
278
301
307
260
294
282
273
279
269
261
283
260
283
325
397
492
553
625
597
481
477
458
482
482
377
418
324
308
260
258
258
284
279
254
276
277
279
255
252
269
227
267
242
234
236
270
236
257
274
258
273
299
269
304
332
460
647
928
1151
1348
1295
1099
788
549
386
317
330
307
261
266
267
215
277
223
253
265
251
237
249
245
249
247
259
268
263
279
271
281
236
230
263
261
278
294
320
307
303
279
269
257
263
235
216
253
237
267
269
256
329
307
331
347
359
332
330
281
271
243
245
244
235
240
269
283
309
377
395
371
369
334
280
261
211
223
227
208
217
204
193
210
212
239
209
232
221
216
218
233
206
210
236
220
222
213
220
225
221
216
207
247
259
288
295
289
262
269
212
233
206
248
202
210
196
208
203
196
233
240
261
260
245
233
231
246
216
214
216
206
221
222
215
214
212
227
210
199
215
229
179
213
221
237
265
264
258
281
282
239
258
180
199
202
229
216
208
223
277
275
254
320
322
393
381
379
316
284
250
238
238
255
244
274
245
253
244
240
211
239
273
245
239
225
240
257
258
301
368
449
490
462
421
288
281
241
217
197
205
215
222
207
217
259
278
317
371
282
304
223
259
261
228
270
282
312
334
260
238
191
201
230
225
237
216
220
201
199
187
174
194
191
213
194
217
215
253
230
262
255
240
241
203
199
186
194
184
218
208
206
238
233
197
224
210
200
185
236
246
272
322
306
295
358
382
429
413
384
363
305
235
210
225
193
201
247
260
218
230
222
232
222
228
214
197
238
227
208
235
198
208
204
221
204
213
199
235
252
262
332
358
373
399
354
362
321
321
306
309
264
237
238
223
217
188
172
193
206
200
205
195
169
198
199
187
188
191
194
166
201
164
182
179
184
183
189
200
204
218
232
272
278
239
229
226
215
193
212
188
187
200
206
202
194
204
176
190
198
198
214
193
211
173
215
239
255
299
317
344
328
268
247
245
222
256
261
284
272
275
250
252
203
204
226
237
232
232
222
224
191
180
195
210
213
205
215
211
247
213
241
334
400
486
441
419
325
295
230
202
191
184
184
188
175
211
177
181
199
174
196
184
184
160
201
179
214
260
387
432
521
503
389
332
303
262
264
241
245
258
280
324
398
403
407
284
279
221
199
167
173
163
230
283
399
507
641
625
579
419
320
234
248
206
184
213
190
205
182
201
196
151
193
177
174
137
152
190
207
237
284
421
487
578
535
459
405
294
221
193
174
191
196
221
203
257
248
286
231
217
210
203
190
222
253
361
414
474
457
408
365
273
204
153
181
169
146
187
164
155
160
157
151
154
153
156
156
175
153
180
214
227
250
232
216
210
151
184
163
152
165
153
149
127
138
169
146
164
173
197
187
173
178
178
157
168
181
161
174
229
212
199
198
200
178
163
154
161
177
163
173
177
175
144
158
167
144
158
163
167
180
193
187
200
195
222
217
251
222
202
255
214
208
179
207
164
200
203
184
165
167
174
178
174
187
162
184
173
162
149
139
147
138
153
125
172
179
143
158
183
150
182
181
146
148
176
175
190
164
222
219
212
187
186
161
165
155
168
155
174
183
207
206
213
257
286
305
280
260
230
216
206
250
232
240
246
292
319
341
430
462
475
343
300
256
223
189
166
149
166
135
156
168
145
147
166
174
146
172
145
176
176
184
201
203
233
224
203
243
225
244
220
205
159
149
143
169
139
163
168
154
153
148
155
128
136
155
144
126
170
169
182
180
188
194
214
263
315
427
529
586
528
405
370
238
225
180
168
142
176
154
165
166
165
162
139
127
150
156
133
129
146
133
146
130
120
132
138
169
203
201
198
217
182
187
170
161
163
154
137
154
147
158
131
122
140
141
142
163
139
145
132
159
151
127
130
138
143
129
129
139
141
151
140
148
126
122
133
116
125
146
117
113
123
142
140
135
118
133
124
130
129
145
155
164
152
164
131
127
143
139
176
159
148
162
167
143
127
132
119
164
149
128
169
155
152
123
137
127
124
134
148
116
134
140
115
137
151
148
173
215
175
190
184
174
184
158
161
153
150
160
145
122
158
157
148
130
101
121
123
143
138
127
136
120
126
139
148
129
127
150
138
121
159
147
150
161
162
165
187
157
154
160
160
148
132
163
145
149
139
169
137
125
138
114
127
131
131
156
199
164
203
244
220
247
222
233
211
163
139
158
138
150
151
121
151
139
147
158
194
266
380
522
544
543
463
407
341
222
187
160
131
162
160
122
144
127
132
153
146
122
144
129
120
147
151
117
130
147
130
128
135
151
148
159
150
148
141
152
135
139
129
153
132
138
133
144
127
136
146
185
186
207
244
367
418
436
411
370
298
200
187
161
180
118
135
140
138
130
150
137
147
125
122
140
129
112
129
150
129
144
114
128
142
120
109
116
127
142
130
125
101
117
128
135
143
115
122
131
99
118
137
117
105
122
119
131
128
121
135
138
134
123
128
131
116
107
119
124
105
120
121
140
122
136
140
161
117
147
138
123
137
143
130
124
153
161
142
169
173
194
189
195
187
182
146
156
194
152
158
128
162
143
141
127
121
120
133
126
126
120
110
131
110
125
129
111
127
118
139
124
127
114
151
134
125
149
125
146
142
149
166
186
151
155
165
163
150
154
181
170
186
186
208
217
227
234
208
207
195
186
160
150
148
142
99
130
132
124
136
115
129
126
134
106
119
138
149
137
146
172
150
173
151
133
148
143
155
120
121
127
160
131
115
119
120
116
101
128
100
116
93
114
105
97
119
109
135
107
123
123
99
136
150
124
109
127
123
136
122
132
108
124
110
108
106
119
113
117
135
137
122
145
134
157
140
170
166
144
166
157
141
125
142
142
129
137
121
127
120
118
134
139
151
152
159
159
160
163
138
164
193
211
206
232
223
163
159
142
153
127
112
117
128
112
138
120
135
105
108
120
96
114
103
121
108
107
110
112
119
122
132
139
156
135
140
133
150
141
153
189
153
142
156
132
135
141
132
107
113
102
123
122
129
124
115
117
118
114
120
140
150
150
169
175
182
167
143
153
135
123
123
119
119
108
121
127
125
112
93
106
95
105
104
98
98
102
122
107
103
98
105
103
114
93
127
99
126
98
114
118
119
149
164
170
146
132
112
146
109
105
87
100
85
83
100
118
114
136
131
115
116
113
105
125
120
88
114
105
119
110
116
101
89
98
105
107
107
113
109
108
150
142
121
126
123
111
91
123
109
114
112
94
109
104
112
97
102
84
111
93
109
112
97
103
108
88
82
94
108
119
89
96
112
94
96
91
90
91
107
92
124
94
117
126
146
174
167
146
178
149
133
120
110
125
107
103
112
106
95
106
107
104
88
93
95
94
82
94
94
109
116
108
109
103
117
123
123
123
114
115
123
113
93
100
113
99
97
116
78
89
96
107
131
94
94
122
116
140
135
112
107
109
82
116
115
101
106
121
79
108
111
102
112
116
134
122
122
132
130
117
115
170
180
157
171
143
126
111
121
113
98
114
106
103
121
128
136
134
160
178
214
214
219
259
248
282
340
316
312
298
319
277
288
237
237
217
234
206
176
168
152
161
140
156
132
116
126
138
124
129
144
150
146
109
118
116
105
108
120
85
111
108
129
106
97
95
118
95
107
97
131
118
123
125
102
96
86
106
109
90
90
92
109
93
100
119
101
88
103
101
100
90
75
97
105
91
92
102
103
90
105
112
114
98
94
90
74
102
94
95
106
97
126
86
104
115
116
113
119
112
101
133
111
146
188
162
206
184
204
202
146
167
125
123
94
114
93
113
91
84
91
83
102
95
91
108
88
111
131
101
125
134
155
124
154
165
131
111
112
85
103
111
94
102
102
114
95
105
80
106
95
90
98
110
101
108
109
104
112
124
138
128
188
224
220
235
196
143
147
127
104
85
91
83
104
100
99
102
103
106
106
104
113
106
92
91
105
94
95
101
107
111
102
101
92
94
85
107
84
122
85
88
86
102
88
95
92
81
105
91
91
104
106
102
108
105
100
104
103
80
68
88
91
62
82
74
100
92
90
95
111
111
108
111
110
125
116
134
138
120
121
119
93
89
95
87
101
110
118
116
126
111
95
86
89
93
97
86
79
95
88
89
86
89
81
94
84
97
108
112
87
129
120
127
137
119
134
145
113
116
103
87
86
73
96
100
92
86
101
83
96
107
136
123
118
114
100
92
91
85
65
79
82
71
77
96
93
84
98
89
85
72
84
83
81
124
79
87
90
74
70
88
84
92
71
84
77
88
91
80
81
63
73
96
90
102
77
77
76
91
84
83
82
75
90
83
97
92
95
91
114
104
107
106
131
112
113
115
111
100
92
103
85
91
88
80
100
97
75
95
74
83
88
80
100
78
95
97
105
115
115
112
106
118
112
94
102
100
105
120
100
109
104
80
97
88
109
88
111
93
80
76
85
76
71
87
86
106
86
110
108
125
160
215
306
387
433
475
489
424
406
307
209
192
133
97
92
102
62
82
100
70
105
93
97
88
78
97
80
77
91
94
107
81
96
89
89
105
105
83
88
99
68
85
78
70
91
90
70
63
93
95
81
109
102
75
92
101
102
87
94
101
97
107
162
210
255
314
400
450
458
369
368
278
203
183
156
150
141
110
106
95
88
93
98
77
90
94
84
67
87
76
87
86
72
109
91
90
108
111
107
86
105
108
113
116
118
122
94
100
101
108
87
87
84
84
86
85
76
76
95
111
109
116
100
95
90
98
84
75
87
94
86
77
83
95
83
73
91
77
87
97
94
66
84
83
100
77
77
94
85
77
73
89
98
109
88
107
87
83
68
92
83
92
86
100
123
128
112
123
129
134
124
111
93
75
80
74
86
76
72
83
80
73
77
76
82
93
99
103
79
92
74
77
79
79
85
99
88
115
94
82
88
97
93
85
75
81
78
96
82
86
72
97
76
85
96
92
81
91
76
91
110
89
94
83
82
89
85
81
72
80
84
75
74
91
79
73
80
83
75
96
87
109
101
97
88
75
80
71
82
70
76
64
72
53
81
80
83
84
75
85
89
92
76
96
98
106
119
121
118
139
124
109
112
118
128
123
121
113
99
96
96
89
104
94
120
104
137
124
113
126
131
98
103
87
68
82
101
98
88
115
90
121
128
106
103
91
87
87
81
72
81
84
81
79
61
68
77
62
79
81
65
78
82
82
72
89
73
88
84
82
90
80
96
81
93
97
100
87
91
78
75
90
82
76
80
69
75
107
88
79
100
94
112
124
138
119
135
115
128
97
79
74
82
62
74
92
77
77
73
73
73
71
71
70
76
86
64
84
47
57
68
85
82
74
65
71
64
78
73
77
85
68
73
71
75
84
72
74
70
68
77
83
95
95
103
116
102
90
87
90
80
77
89
81
74
80
82
57
71
75
60
81
86
73
80
64
80
82
78
74
77
86
63
82
69
80
92
69
74
77
82
68
94
74
63
68
73
78
65
60
58
68
75
62
73
79
66
63
74
67
79
76
88
69
77
80
74
81
74
67
71
72
75
77
71
66
66
70
80
72
76
70
61
67
74
84
59
89
80
61
75
76
76
98
82
102
121
97
117
110
98
92
80
90
93
83
100
91
86
79
73
70
63
63
61
73
63
55
83
63
87
68
71
64
80
81
72
76
85
88
77
85
79
77
71
81
54
76
60
69
65
64
71
74
74
90
92
96
117
139
132
176
184
237
261
275
295
269
247
200
125
131
91
88
75
86
71
70
60
66
71
68
68
66
80
79
75
75
73
71
59
67
73
70
71
76
77
65
72
68
80
64
86
87
100
76
72
70
73
86
79
94
74
73
69
72
67
55
71
63
67
65
69
65
72
75
69
84
84
82
95
128
175
149
151
143
123
113
117
87
64
82
63
76
69
71
81
79
77
67
59
73
73
62
68
67
74
64
62
70
83
57
76
69
71
67
81
53
74
80
75
62
67
80
75
81
57
63
82
65
95
88
89
90
106
89
80
73
73
72
65
70
75
83
66
78
73
69
74
75
100
149
155
207
257
287
233
274
252
168
164
110
105
94
60
73
76
84
72
77
69
78
79
95
66
65
45
65
73
64
60
51
58
56
48
59
62
60
60
54
76
58
49
57
62
86
76
82
91
90
94
75
88
89
63
65
69
53
71
86
64
75
75
87
87
105
67
66
66
68
63
80
62
55
55
70
67
66
61
69
86
79
85
72
66
57
63
52
77
53
54
70
59
54
53
55
81
92
87
88
114
121
119
136
149
135
125
107
91
88
58
46
72
64
64
67
48
52
64
48
63
66
65
69
58
63
60
52
60
60
69
59
70
66
63
63
70
87
76
71
63
62
51
69
58
57
54
58
65
57
67
62
57
66
64
48
80
70
70
66
70
76
70
64
59
66
54
70
65
48
62
69
56
73
56
54
67
74
67
63
46
53
56
88
70
65
78
87
92
78
76
68
67
60
47
61
69
64
57
76
57
67
64
61
74
63
60
84
68
64
78
61
71
58
81
51
56
59
75
70
64
62
68
91
98
103
125
101
101
112
108
71
75
85
62
60
62
63
59
60
68
71
55
58
54
46
57
54
51
54
75
77
72
76
70
82
75
67
69
76
63
66
63
81
62
68
72
73
78
70
71
60
59
69
59
50
55
70
51
59
48
52
65
53
65
54
61
66
72
82
87
98
117
111
104
122
86
86
69
64
58
56
73
62
60
74
67
70
55
55
81
56
62
75
63
67
60
48
55
58
50
49
41
66
60
65
71
77
88
86
98
98
102
93
101
84
72
52
66
73
63
57
42
54
65
57
62
55
55
54
59
48
62
62
67
66
83
92
91
108
135
139
138
157
137
99
97
69
67
52
59
51
54
50
44
48
38
50
54
51
61
49
63
71
70
92
88
92
94
96
91
77
73
53
60
72
64
58
62
75
72
53
53
51
61
75
45
62
51
62
71
46
45
55
59
55
53
59
47
75
75
72
81
96
101
117
112
77
79
80
65
55
43
62
52
55
44
43
39
58
59
55
55
48
43
55
42
62
59
48
59
59
56
54
50
43
64
45
64
62
67
56
67
52
57
54
47
78
67
63
57
47
44
59
61
62
57
70
50
81
100
121
107
106
91
101
78
75
67
47
57
51
61
37
54
61
52
58
53
47
31
52
50
62
60
60
59
45
58
55
48
35
48
39
46
52
44
56
54
53
40
67
46
50
45
52
53
56
34
54
53
59
42
59
73
56
50
48
40
50
54
43
43
49
62
59
50
54
48
55
52
44
57
83
77
120
139
140
172
171
136
124
118
92
80
70
56
66
45
51
44
66
64
50
54
61
55
56
57
58
49
51
54
68
61
87
68
70
72
55
67
71
73
62
58
88
86
123
154
128
145
137
123
102
109
83
66
63
59
52
56
52
52
52
52
58
55
68
43
48
58
57
72
80
78
83
86
119
98
93
74
56
54
55
66
60
82
77
89
75
85
74
87
63
69
61
57
46
47
60
56
56
51
43
35
62
63
49
61
49
46
48
46
57
44
49
49
65
47
44
53
46
60
48
44
54
39
39
52
53
44
52
47
49
43
59
41
49
50
48
44
39
47
52
54
67
54
41
53
43
64
51
46
55
48
50
51
43
59
41
55
63
55
38
55
47
39
61
52
44
58
59
50
55
56
54
57
58
44
52
53
64
48
55
30
41
59
47
40
67
54
47
50
47
58
53
41
47
45
47
45
45
60
52
45
49
48
42
59
62
63
54
42
56
53
48
64
48
59
48
61
52
37
55
50
53
49
43
48
64
58
68
75
91
111
115
141
119
115
114
92
67
69
66
68
65
59
46
47
60
50
50
47
51
48
39
57
62
46
60
46
69
61
63
61
62
65
54
55
59
52
48
54
55
50
48
69
63
71
80
68
73
90
75
62
70
54
49
47
44
58
37
49
58
63
61
55
75
91
117
130
119
130
114
98
67
70
67
65
35
46
59
52
47
55
52
43
54
55
38
47
50
47
56
52
59
76
68
50
56
59
56
67
67
96
63
72
99
79
61
59
62
44
55
63
51
61
43
47
41
57
57
44
55
56
53
50
48
49
54
46
43
48
40
48
56
41
48
39
47
63
48
52
43
48
53
50
43
40
52
46
48
46
44
45
46
42
47
46
50
57
49
42
52
42
50
45
61
54
54
71
51
73
73
78
95
71
57
54
47
50
53
60
51
47
36
57
64
47
49
72
45
63
68
69
66
78
62
56
51
54
48
48
50
44
65
48
51
49
46
55
50
59
47
44
36
38
49
51
58
57
62
62
69
90
96
116
132
152
162
127
110
86
80
64
60
59
68
51
42
48
51
44
41
32
33
53
37
49
38
38
39
44
59
55
46
64
40
57
50
59
61
45
57
58
48
51
45
56
55
46
35
52
58
36
45
50
53
52
45
55
56
42
51
49
44
58
47
45
55
50
47
55
51
53
55
57
74
68
64
80
66
80
64
61
68
65
64
64
53
62
65
53
48
42
40
42
45
41
47
39
57
40
37
50
46
45
54
48
41
44
48
42
42
44
52
54
47
38
38
46
38
45
41
47
62
44
49
60
49
67
69
88
91
106
91
90
85
73
65
59
57
44
51
44
54
51
50
42
41
31
41
46
50
62
49
53
53
54
51
62
70
77
60
84
93
64
53
56
52
52
41
35
53
37
42
36
37
54
66
56
55
74
54
79
97
100
98
97
112
97
98
67
60
64
49
38
39
39
42
52
39
36
42
33
47
44
37
50
37
41
35
25
37
39
41
45
31
47
43
33
36
23
47
40
44
41
44
37
45
53
42
26
34
50
43
41
45
37
33
46
32
37
39
49
37
26
40
31
29
30
44
31
41
34
35
34
33
39
38
49
39
43
40
43
62
38
44
49
52
58
48
48
52
35
51
36
59
52
49
50
47
54
53
43
49
60
61
79
98
127
137
178
207
230
231
220
154
150
107
87
76
57
44
59
44
38
46
45
56
49
50
46
39
45
40
44
39
45
52
47
43
45
61
43
52
51
48
52
43
57
53
37
26
48
45
38
35
48
33
41
55
38
41
53
43
28
37
31
46
38
50
43
49
53
42
34
30
46
51
50
49
39
40
49
44
58
61
45
58
54
61
62
66
77
46
56
67
40
41
45
40
38
46
50
58
47
40
50
51
48
52
39
46
35
42
45
55
48
42
47
38
38
32
40
42
44
35
47
46
38
46
57
35
41
46
32
48
31
40
44
45
42
44
42
44
42
54
48
57
67
65
67
69
47
63
43
46
46
42
51
51
34
36
31
36
39
28
36
38
49
34
45
30
36
39
40
36
37
37
42
43
30
38
43
32
41
44
45
47
48
36
41
45
49
48
56
42
56
56
55
57
52
39
54
45
46
48
54
67
60
86
77
72
78
63
41
33
40
45
44
30
31
39
46
38
40
39
46
48
48
44
44
52
59
45
63
39
50
53
52
49
47
28
41
43
43
43
30
46
42
37
43
48
45
32
42
51
39
47
56
49
59
51
56
63
43
58
50
48
63
39
55
40
51
36
37
44
45
31
50
45
31
36
51
54
46
42
53
38
42
35
42
37
39
41
39
38
30
45
39
41
27
48
40
30
43
35
51
45
47
49
54
53
46
58
28
40
38
35
48
36
40
39
37
42
44
40
46
31
34
34
34
40
32
40
39
46
41
39
32
34
34
41
30
38
40
41
33
35
46
39
48
48
42
51
36
55
66
59
44
54
46
54
55
46
48
37
36
45
35
46
48
35
40
34
19
35
31
35
42
34
39
47
25
44
39
41
41
31
39
42
40
34
31
45
39
50
33
39
38
41
31
45
32
25
30
35
37
36
38
26
40
38
39
37
52
27
29
49
37
49
30
35
35
28
45
42
34
26
23
35
39
43
33
35
29
39
35
38
39
36
42
34
37
30
32
28
29
29
39
30
38
37
42
42
44
54
39
46
41
35
43
51
42
46
40
32
35
35
32
49
27
45
44
36
37
34
34
30
28
32
28
40
51
44
26
43
35
26
40
27
32
28
35
30
31
28
41
37
39
38
31
38
39
32
46
41
23
48
35
19
36
39
30
39
46
40
29
41
32
42
41
36
46
40
34
39
41
33
33
37
27
33
35
34
29
35
39
44
39
34
37
31
33
29
53
43
43
44
50
59
57
66
47
63
58
42
42
37
43
37
42
39
34
29
29
30
32
22
31
35
34
30
38
26
26
38
38
43
36
47
43
40
25
38
36
28
31
50
39
34
40
22
40
33
32
27
26
32
30
33
26
32
44
33
31
39
36
34
39
38
34
31
48
45
30
37
45
41
42
42
36
43
46
51
53
51
51
44
45
67
57
46
42
33
45
50
44
65
70
83
81
73
100
79
69
76
51
36
44
44
30
39
40
36
28
44
33
39
31
38
40
39
31
22
46
40
32
33
28
41
35
37
41
39
39
39
27
40
29
34
33
39
36
28
48
31
38
37
48
30
41
38
44
33
33
36
37
37
38
43
27
43
32
30
32
33
38
32
41
35
39
35
35
30
47
42
39
38
41
39
32
28
34
30
39
27
34
26
32
32
38
33
35
32
45
46
33
47
32
32
32
26
41
38
31
40
32
38
31
44
40
32
34
43
34
45
40
28
36
43
35
34
34
32
44
33
43
32
39
46
38
44
38
45
41
52
38
53
41
47
41
33
40
39
41
52
38
43
36
34
26
36
34
38
40
42
39
33
30
34
46
31
33
36
33
46
49
40
57
49
41
35
43
38
41
41
47
46
38
33
37
36
27
34
33
41
40
33
47
38
34
40
39
50
32
43
36
42
47
37
20
24
30
34
30
32
45
54
39
41
46
41
39
39
44
38
43
34
46
40
45
35
41
40
46
43
37
48
34
37
35
35
29
45
38
23
21
27
47
24
31
35
30
29
30
30
40
29
30
40
35
33
32
36
31
34
38
38
40
28
35
45
40
49
42
47
54
45
59
47
57
45
35
37
36
33
43
26
39
36
31
23
29
31
33
37
26
32
36
48
28
33
31
32
24
29
27
29
31
35
28
28
28
34
33
28
35
36
27
29
29
31
41
32
32
33
35
35
35
31
30
31
22
30
36
21
39
41
37
31
32
40
33
30
36
40
54
47
41
37
43
36
30
26
34
35
31
36
32
37
25
30
31
28
28
36
44
27
33
33
29
22
35
37
39
31
36
41
29
31
31
32
29
19
43
27
35
34
32
38
40
47
25
27
25
30
37
38
33
33
44
29
42
33
27
23
32
29
25
40
24
26
30
23
25
29
31
32
24
32
25
33
31
36
32
34
28
33
32
38
32
33
31
28
35
31
26
33
32
39
32
27
37
26
31
28
35
25
42
31
33
33
40
33
36
33
34
40
38
24
36
41
31
36
39
34
41
25
33
33
26
45
36
26
27
24
32
38
33
31
22
34
36
25
24
22
32
23
39
37
27
34
24
30
35
37
27
39
37
35
36
36
37
26
20
31
24
25
27
33
32
49
38
31
30
25
25
29
45
35
30
36
22
43
32
38
40
44
44
44
35
35
29
35
43
30
40
23
29
32
32
30
40
40
38
32
59
55
33
36
43
43
32
30
43
35
42
32
43
38
48
48
63
40
39
56
61
65
71
45
35
50
38
38
22
35
32
28
25
33
32
39
39
30
31
27
39
33
34
31
30
44
27
36
29
45
24
22
30
25
39
41
28
29
29
32
27
22
25
37
26
24
30
24
26
36
27
36
25
36
28
36
26
45
30
36
29
29
36
25
27
30
24
33
33
30
34
28
30
36
36
39
27
34
20
31
29
26
30
23
24
29
31
39
35
39
30
40
36
30
34
32
27
25
29
24
24
34
20
31
34
22
32
32
32
32
33
40
47
46
48
30
45
32
37
24
32
30
25
26
37
31
33
31
26
45
44
37
38
35
30
30
25
23
30
25
22
18
37
26
24
20
23
21
25
21
25
32
21
27
23
26
26
39
26
31
28
28
36
25
20
29
26
32
31
19
33
34
31
28
25
28
32
35
37
32
33
37
33
28
36
29
32
30
31
37
25
31
31
22
22
28
39
31
30
27
25
24
24
27
29
25
22
35
31
19
13
20
21
32
27
22
19
19
27
29
20
31
30
38
28
33
30
45
37
38
50
41
40
28
27
29
30
36
35
21
27
34
39
40
25
50
29
25
27
21
18
33
32
16
17
33
26
24
25
18
31
15
26
27
19
18
18
18
26
34
25
22
28
35
22
24
27
23
32
31
27
27
19
27
18
27
26
27
33
35
30
30
35
39
40
37
31
28
27
18
18
28
18
22
29
26
19
15
26
23
30
29
26
30
35
32
33
31
27
30
31
32
41
42
41
46
47
48
34
42
51
44
33
41
39
44
33
37
36
39
35
35
38
26
29
30
30
28
32
16
40
30
31
33
23
27
29
25
38
23
30
24
21
28
20
26
15
23
25
30
27
19
29
27
26
17
24
29
33
31
27
21
27
28
19
30
24
29
19
25
23
16
23
28
22
33
22
32
23
30
22
31
31
39
41
31
31
41
42
45
34
44
35
26
27
32
23
26
28
20
27
27
20
36
24
14
26
25
28
23
23
32
23
21
21
17
24
22
12
24
26
31
23
28
26
22
22
24
22
25
21
32
27
23
26
29
25
24
20
22
20
31
26
31
30
32
27
35
38
27
31
22
34
21
29
25
13
23
23
26
19
26
24
24
18
29
16
19
22
27
17
21
14
30
20
38
25
32
19
40
19
32
20
28
25
26
30
18
27
20
27
25
25
31
24
30
43
29
30
26
29
26
30
32
30
27
25
30
22
23
21
18
32
28
24
32
38
32
27
28
26
35
26
30
30
25
31
28
27
18
25
15
23
37
27
40
48
43
47
69
69
78
99
73
70
60
51
59
49
53
47
37
25
38
32
43
29
31
24
21
20
20
28
26
28
25
26
26
21
25
20
22
26
27
22
19
25
26
31
44
29
28
38
44
37
46
47
48
43
32
31
36
40
31
21
37
30
28
31
35
29
33
27
25
23
22
27
30
24
25
30
25
16
24
30
19
26
22
26
24
18
20
18
20
26
15
28
19
23
22
26
23
14
27
20
19
20
22
23
20
22
22
40
37
28
33
30
34
34
29
32
28
26
25
20
27
22
18
25
21
18
22
20
20
21
26
21
19
18
29
21
22
18
21
14
17
19
29
13
9
24
16
16
22
28
19
25
26
21
18
22
17
19
26
21
19
20
18
22
21
20
30
22
20
23
18
24
23
24
24
22
23
38
19
20
17
26
20
21
17
19
12
20
19
26
23
23
22
21
16
23
25
19
29
23
32
18
16
16
20
15
18
17
19
21
17
28
22
21
24
21
13
28
22
18
14
19
26
21
22
20
17
28
32
16
28
24
23
23
24
23
29
23
24
19
32
25
23
22
25
16
23
27
18
29
18
20
31
21
21
31
28
27
23
18
24
33
24
21
17
20
23
34
30
17
25
17
17
12
32
19
17
23
28
20
29
23
20
18
20
24
21
31
21
23
31
31
23
25
20
16
16
28
15
15
26
16
25
14
19
22
28
27
24
21
12
22
19
24
17
29
19
20
17
19
15
23
18
32
24
19
22
17
19
19
21
24
18
23
19
12
24
17
15
25
18
13
20
27
21
18
24
26
15
24
26
26
26
22
26
28
34
28
16
27
24
14
40
19
25
25
14
33
19
40
35
38
42
43
33
38
36
33
24
25
22
22
16
19
33
23
28
24
20
27
30
26
27
24
27
21
30
22
20
22
18
20
16
17
29
14
20
23
21
23
23
21
32
18
23
18
17
24
22
22
24
16
32
23
22
20
21
15
23
21
21
14
14
10
25
29
22
28
29
26
21
17
23
23
19
22
10
21
21
25
23
28
23
26
21
7
14
24
18
15
19
19
19
18
21
14
26
27
29
17
14
16
17
21
17
24
16
29
25
17
18
19
21
22
27
15
11
15
21
18
13
20
18
33
26
21
31
20
17
13
20
23
14
21
16
25
21
13
16
15
22
23
19
14
25
19
15
22
30
15
26
24
25
33
31
33
36
31
31
35
22
21
30
21
19
21
18
20
23
27
17
32
22
24
14
20
21
20
31
26
25
24
17
20
29
33
25
34
17
27
20
16
26
27
17
29
34
25
24
22
25
24
23
15
25
13
16
18
26
12
18
18
16
16
26
14
22
30
38
32
42
70
94
106
114
153
201
173
209
209
181
156
141
100
68
47
37
46
35
29
14
21
27
15
15
23
22
32
23
20
29
24
17
26
15
19
19
14
23
19
24
21
23
25
24
31
29
30
29
25
25
32
23
33
17
28
22
15
25
25
16
30
20
21
28
15
15
22
12
16
24
9
17
27
21
14
23
19
20
19
14
21
18
18
16
17
22
21
13
17
23
22
21
12
18
23
21
13
18
20
13
24
24
20
21
23
17
19
15
19
17
21
18
7
15
22
20
18
24
19
21
13
10
13
24
20
22
18
21
15
17
17
20
20
25
14
19
14
21
20
17
12
9
22
16
17
23
29
13
17
14
13
18
15
23
20
19
13
12
21
23
28
23
18
23
19
21
21
21
23
19
25
37
34
36
66
56
74
61
59
61
54
57
51
33
39
41
27
20
17
9
15
25
23
20
21
20
17
18
14
28
19
24
21
18
21
17
18
23
15
13
20
17
14
11
24
12
21
18
23
21
17
20
20
24
20
19
20
16
18
15
27
21
18
15
15
24
14
23
16
15
13
14
17
31
23
17
17
20
18
20
16
22
26
28
16
17
12
24
24
22
25
20
27
19
21
13
16
10
12
24
24
16
17
25
26
12
20
25
25
15
18
19
14
14
14
18
13
22
16
21
17
21
17
20
15
11
14
16
12
21
28
10
14
14
18
21
10
16
22
23
20
15
17
20
13
13
13
16
19
23
20
15
16
17
20
16
21
13
22
21
21
13
27
17
16
19
14
14
16
17
19
13
17
14
22
24
17
12
13
17
22
15
18
14
16
11
19
22
16
12
16
18
18
19
23
17
13
17
12
9
18
28
14
15
19
17
14
15
13
17
15
17
22
16
18
18
18
20
17
18
22
22
11
22
12
14
17
21
11
22
13
12
8
8
17
10
17
18
17
14
12
15
13
15
15
12
19
20
20
9
15
18
17
14
18
16
19
25
10
16
23
20
20
22
24
23
18
28
20
15
17
20
13
15
20
17
11
21
15
21
14
18
17
14
12
10
17
17
21
14
18
16
20
13
21
21
18
28
32
26
28
33
26
39
22
22
18
27
24
19
15
17
12
19
23
14
16
12
23
22
19
16
20
15
13
21
18
12
18
17
18
19
15
21
21
18
24
21
21
13
9
13
13
18
10
15
25
13
21
14
10
19
13
19
17
21
18
12
13
22
13
16
17
18
11
14
11
18
12
21
22
32
16
15
19
22
17
27
27
26
19
21
22
20
23
21
22
13
16
24
13
15
29
16
18
11
18
14
23
19
19
22
22
16
14
14
26
10
14
18
17
18
15
15
17
11
24
20
17
17
16
19
17
13
22
16
14
19
19
11
17
17
12
15
14
17
23
14
12
13
11
22
15
17
18
23
20
24
18
17
14
15
14
16
13
12
10
19
13
20
20
14
17
10
19
15
10
13
22
10
6
13
12
14
17
19
16
23
26
24
20
14
26
15
17
13
19
15
11
17
11
12
21
13
20
15
13
17
17
20
15
13
16
24
21
14
19
10
15
16
15
16
7
18
20
10
18
13
25
19
14
20
17
17
15
7
15
13
14
20
9
11
10
17
17
11
26
20
28
21
29
17
27
23
26
20
15
22
28
20
17
13
6
19
19
10
11
15
12
12
15
13
13
20
13
18
13
13
15
16
11
16
14
9
15
17
13
10
12
16
16
11
13
21
19
21
20
14
21
26
12
18
16
11
20
15
14
16
21
20
14
7
16
16
16
15
15
11
15
13
10
16
11
20
16
12
14
20
14
24
15
16
13
9
19
16
13
16
18
21
18
19
9
12
11
14
12
13
12
10
12
15
18
15
11
16
13
16
18
9
10
19
14
17
12
16
15
18
10
13
12
15
12
13
11
16
14
20
16
19
19
20
8
15
14
16
15
15
16
17
12
16
15
15
15
12
22
11
12
10
12
6
18
15
18
7
22
13
15
15
20
15
14
19
20
18
15
19
16
13
17
14
22
20
19
11
19
13
20
17
30
13
16
18
21
19
13
20
16
12
15
10
14
17
15
10
14
14
9
11
14
11
19
10
14
21
9
17
13
18
11
11
14
11
10
17
16
19
21
14
16
29
17
8
14
13
18
16
20
16
10
21
14
15
13
12
23
25
14
21
17
11
16
14
15
12
10
23
21
23
13
25
21
17
14
12
19
14
11
24
11
13
17
14
19
13
21
20
18
18
14
14
17
15
20
15
18
11
16
22
20
16
8
27
12
17
12
13
19
17
18
17
12
20
13
12
13
12
22
20
12
18
12
19
16
19
18
10
18
13
17
18
15
13
16
14
13
14
11
6
16
18
14
13
10
11
21
15
15
15
18
13
18
16
15
12
20
13
11
14
18
17
14
19
15
8
20
22
14
17
20
20
19
17
20
20
22
18
26
17
18
29
16
20
32
20
24
24
26
16
15
16
14
13
16
8
11
7
8
9
12
14
17
11
8
18
7
12
14
13
11
13
8
12
5
17
21
16
12
15
20
15
24
13
14
14
15
15
9
14
9
17
13
17
16
8
20
18
14
10
17
13
6
18
14
14
17
10
20
18
12
11
9
15
22
7
16
16
15
21
11
15
12
12
16
15
15
15
5
13
17
18
11
6
13
19
6
13
10
19
15
22
18
23
17
15
12
16
14
4
18
13
14
14
16
12
11
19
16
12
10
11
14
16
16
14
12
14
13
13
11
10
13
12
13
22
22
15
15
21
19
17
18
21
17
13
18
13
11
15
13
18
11
13
14
22
15
21
22
18
7
16
22
15
12
11
5
10
20
16
23
17
24
18
18
15
16
17
10
16
18
18
13
15
19
14
15
15
18
10
12
17
15
15
26
21
16
14
19
11
14
22
10
11
11
18
21
13
13
14
14
18
14
14
11
14
19
15
16
18
15
21
17
22
19
17
22
11
11
11
20
12
12
12
5
18
19
4
12
14
13
12
11
16
11
9
11
14
10
16
17
21
19
11
13
16
17
18
17
15
14
12
14
11
13
15
18
9
18
10
5
18
14
19
9
10
17
10
12
13
15
14
9
11
16
12
11
20
12
13
11
13
18
13
12
5
13
20
11
11
18
16
10
16
10
15
18
19
17
16
16
17
30
19
14
20
15
21
9
7
16
18
12
14
8
12
18
15
16
18
14
14
20
15
14
14
13
18
25
15
16
8
18
19
17
7
14
13
15
9
9
12
12
11
9
18
15
10
11
14
13
11
16
16
7
12
12
9
16
11
12
14
20
21
15
16
21
19
18
13
12
18
12
22
15
18
19
10
20
13
10
17
14
21
15
7
18
11
17
6
10
14
12
11
14
16
13
17
11
10
6
21
14
8
14
12
11
15
12
16
17
8
12
14
16
18
20
13
21
13
14
17
14
12
18
12
11
7
13
13
9
14
16
7
13
21
14
8
12
13
13
11
15
18
16
19
20
12
17
18
17
19
20
12
9
20
16
16
14
14
8
8
11
11
13
10
10
9
10
19
19
11
19
18
12
12
16
16
22
14
20
15
21
20
18
7
16
15
8
19
17
21
11
15
16
15
11
11
14
8
15
11
10
16
8
18
15
10
10
14
15
15
17
12
13
10
14
19
15
16
21
10
10
17
15
14
14
12
14
12
11
14
19
15
15
20
14
13
15
7
17
9
12
13
9
16
11
17
11
11
16
15
5
13
14
12
15
12
11
11
6
11
15
12
16
8
14
10
12
15
10
11
14
13
7
9
11
15
5
16
11
9
12
12
14
16
9
12
18
19
11
19
9
11
18
11
16
22
9
12
16
7
11
17
13
11
14
19
10
14
13
11
23
10
13
19
12
15
13
12
16
24
15
13
6
22
14
18
14
17
20
12
8
14
14
9
11
16
13
13
16
11
6
7
14
10
5
16
12
10
15
10
15
14
11
13
13
19
21
20
21
13
13
15
21
14
20
15
15
15
19
15
9
15
14
14
15
11
17
11
11
13
14
18
9
14
17
14
9
6
6
5
14
15
12
12
6
10
18
11
13
13
10
14
9
10
13
15
8
9
10
13
14
19
10
20
12
12
15
9
15
8
13
9
11
17
8
12
19
12
11
10
14
13
19
12
6
11
11
11
17
10
12
15
16
9
10
13
10
11
11
17
10
15
17
9
11
11
11
9
16
5
14
16
10
11
15
9
14
4
12
11
14
15
8
15
12
16
10
9
9
12
14
15
12
15
11
18
9
13
13
12
11
15
11
12
10
7
4
13
12
11
16
15
16
13
10
18
12
10
13
13
8
14
8
11
14
19
13
15
16
10
14
11
9
12
12
14
9
16
8
6
8
16
13
6
6
17
14
15
7
12
12
14
18
10
11
8
11
12
10
14
8
18
16
7
12
12
6
10
14
9
12
9
11
9
7
15
7
20
12
12
18
10
20
11
13
7
12
13
12
11
13
11
12
9
15
11
12
17
8
8
13
4
12
8
14
12
16
10
11
13
8
17
11
18
16
12
12
10
14
14
4
7
14
6
18
11
8
6
8
5
13
9
18
9
7
8
14
7
14
7
12
10
13
9
9
16
12
12
9
11
15
11
15
14
10
11
8
14
8
16
9
15
17
7
11
11
11
15
14
9
9
9
12
18
17
20
15
8
9
10
9
9
18
6
8
10
9
10
17
12
16
9
15
15
16
11
12
11
11
7
11
16
13
14
15
12
18
9
12
12
11
10
13
7
7
8
12
7
15
8
18
12
10
8
10
12
14
14
17
8
11
13
7
13
10
10
12
11
10
11
13
18
10
10
13
10
9
9
10
10
15
6
8
18
12
11
8
15
12
14
18
13
15
9
11
10
12
8
12
14
8
9
11
7
16
15
7
10
12
10
9
12
13
5
10
10
8
10
15
11
9
12
9
5
14
11
25
8
12
15
9
19
17
9
13
13
16
17
17
10
17
16
12
12
10
17
10
10
6
13
11
12
13
13
13
10
10
23
12
12
14
9
18
13
12
17
14
8
11
11
9
11
13
8
14
7
6
10
16
12
12
9
10
6
11
13
11
10
10
9
17
13
12
12
12
16
12
9
11
7
10
9
14
12
10
19
7
5
10
9
8
10
14
9
12
9
8
6
13
12
15
13
10
8
10
7
11
4
13
13
9
10
12
6
8
5
10
16
7
14
8
10
7
10
12
5
6
14
9
8
9
9
11
13
11
7
11
9
7
8
18
10
10
9
14
13
8
5
4
10
12
4
9
12
9
20
9
8
17
13
8
14
5
13
15
14
11
13
13
17
18
13
7
14
6
10
8
10
10
12
11
18
9
12
13
17
15
8
14
12
11
7
10
13
11
13
8
10
9
8
7
12
7
13
13
11
8
9
16
14
17
12
6
10
11
19
6
14
11
10
13
12
13
13
9
10
9
13
11
11
15
11
13
9
11
14
13
11
22
14
14
18
10
15
11
12
10
15
14
7
16
5
12
17
13
10
12
9
12
12
12
6
7
9
7
9
10
15
9
13
8
17
13
6
19
10
10
10
9
13
6
13
11
14
8
8
11
16
10
9
16
11
15
4
9
10
10
9
6
7
15
12
11
8
10
12
10
12
12
10
7
14
8
7
10
9
12
10
13
11
11
11
11
8
9
12
9
16
8
11
12
11
10
18
12
10
12
13
14
10
13
14
11
11
5
13
10
7
7
9
12
11
11
9
10
10
12
6
6
15
6
16
6
9
9
10
16
12
10
13
13
15
9
8
10
9
13
8
21
12
7
8
10
10
9
11
9
8
8
11
9
12
16
9
5
6
11
11
10
8
5
8
6
6
10
14
11
13
13
9
6
5
9
14
7
13
7
17
11
13
7
7
11
9
14
11
16
12
12
8
14
10
12
13
10
11
15
9
9
17
16
11
8
7
12
15
8
13
5
9
8
9
8
11
6
8
14
8
12
5
16
10
13
16
8
10
5
5
13
3
11
6
7
7
16
4
22
10
8
15
10
4
9
16
15
8
11
14
8
9
7
10
8
9
13
9
15
8
8
9
7
16
15
24
15
14
10
10
13
6
13
15
10
10
8
11
20
10
14
17
5
5
13
10
9
7
16
11
18
16
14
17
6
15
8
10
6
12
12
10
9
10
5
7
6
10
4
7
4
10
8
10
10
14
16
12
11
14
11
9
7
8
10
9
11
8
11
12
10
8
7
14
17
9
10
12
8
8
10
14
12
6
9
11
11
10
5
12
5
7
10
7
4
11
12
11
13
12
14
13
11
9
7
14
18
10
15
17
14
12
18
16
10
11
6
19
8
13
19
10
15
10
12
9
11
13
6
7
7
5
10
14
14
10
11
15
11
15
17
14
11
15
19
14
13
14
13
15
14
16
18
13
8
17
6
8
11
9
9
13
9
5
9
7
9
10
12
6
13
5
6
6
2
8
6
12
11
10
5
6
11
9
10
8
12
9
9
16
16
14
16
9
8
6
5
8
6
5
10
10
13
12
11
11
11
10
11
13
12
8
8
8
8
11
8
10
9
9
11
7
10
13
5
9
8
11
12
8
8
13
15
11
6
2
12
11
7
5
7
9
10
5
12
13
10
6
12
6
5
5
8
4
11
7
13
12
10
10
9
13
11
16
6
12
10
8
9
8
7
7
10
3
8
9
7
14
12
11
10
13
7
10
10
11
9
13
10
13
8
7
12
6
7
12
7
12
16
9
7
10
9
10
13
6
8
10
12
9
12
7
6
13
10
9
8
9
13
11
11
7
8
11
10
8
11
11
11
11
12
11
4
10
7
12
11
10
7
11
13
10
13
11
12
13
2
11
12
7
10
4
7
11
10
10
9
7
6
12
9
17
8
9
3
12
8
6
11
9
9
6
4
10
17
9
13
11
11
13
3
9
11
10
11
18
8
15
9
7
5
2
11
11
7
10
11
6
10
8
11
7
9
7
7
5
10
8
13
14
9
9
8
11
12
13
9
6
9
7
7
5
7
18
6
9
8
9
9
10
7
8
14
7
11
8
7
5
11
12
12
6
5
5
8
9
7
5
8
5
8
10
13
7
10
12
9
12
10
16
20
8
12
19
17
15
10
20
11
11
15
9
6
9
13
10
9
11
8
13
10
7
9
8
13
9
11
6
5
16
16
6
13
6
13
12
11
11
12
12
5
7
9
6
8
10
7
10
5
8
7
14
14
10
7
11
14
11
9
9
11
7
6
7
9
2
5
7
7
7
11
9
8
4
9
6
8
12
11
8
6
4
5
13
9
7
6
7
7
9
13
5
15
10
7
14
9
7
10
10
6
2
8
8
11
9
11
7
12
7
6
12
17
11
10
8
10
6
8
6
14
6
7
8
6
11
8
5
4
13
11
9
10
12
12
13
14
14
8
11
12
8
11
3
9
5
11
10
6
8
5
18
7
4
16
6
5
6
14
12
12
12
5
8
10
3
10
13
10
13
8
10
14
10
13
4
9
10
8
13
4
11
7
9
9
11
15
6
2
4
4
6
10
8
8
13
5
12
5
6
9
9
7
9
14
8
5
10
12
9
7
8
7
12
9
12
5
8
8
6
10
8
6
6
10
6
8
6
7
10
8
10
6
6
9
6
26
11
12
12
15
9
8
7
8
9
10
4
6
10
10
6
7
15
8
9
10
12
7
17
9
5
12
11
8
12
6
8
11
13
4
9
9
12
10
9
10
8
13
8
8
16
7
10
9
11
11
5
13
9
15
9
9
11
15
6
6
8
10
6
5
8
14
10
9
7
7
11
7
6
11
4
6
4
7
9
6
4
7
7
8
5
10
11
7
19
8
9
17
5
5
8
10
10
10
8
10
4
8
2
11
6
9
11
6
13
8
11
13
3
7
2
9
8
6
14
8
7
10
8
10
15
13
6
12
2
20
9
11
6
9
8
5
4
14
5
8
6
9
8
5
7
8
6
11
8
5
11
6
3
9
9
5
8
8
7
7
10
11
12
12
5
10
6
8
13
7
8
10
4
11
9
5
13
7
5
10
7
10
11
8
9
11
9
10
11
8
8
15
6
12
6
2
11
10
4
5
9
6
10
9
9
11
7
6
7
11
6
14
5
12
8
5
8
4
8
14
9
8
3
6
7
9
9
9
10
10
11
5
7
8
10
10
18
8
10
12
14
10
4
8
7
10
6
4
9
10
6
6
6
4
6
7
10
11
6
4
8
9
9
4
18
9
10
6
7
5
7
9
8
9
12
9
6
13
13
7
9
7
9
6
12
14
12
5
8
12
10
9
10
8
8
7
10
14
12
8
7
6
10
5
6
6
3
7
5
8
6
9
10
10
13
12
6
8
14
10
4
7
8
10
5
9
12
4
7
7
10
6
8
15
13
8
13
6
10
13
4
13
8
11
3
8
6
8
6
15
3
8
5
7
4
6
10
6
4
3
6
13
8
5
13
4
7
11
3
12
9
7
7
6
9
5
6
5
9
5
4
7
8
5
8
10
7
9
13
5
8
5
8
11
9
7
5
10
7
9
9
9
8
9
10
12
4
2
9
11
7
3
6
9
5
10
8
5
3
3
9
3
7
3
4
6
11
4
10
7
3
6
12
13
4
4
11
5
7
5
4
7
4
7
10
2
8
4
6
4
7
6
3
4
8
10
6
3
4
5
6
8
7
7
9
7
5
6
5
11
4
6
6
6
5
4
11
8
7
7
8
9
10
5
8
9
7
4
7
7
5
6
12
6
5
6
14
8
4
11
10
11
13
14
19
9
16
10
16
10
10
7
6
11
11
6
3
10
8
5
4
5
9
2
5
3
7
12
4
7
13
14
12
8
6
5
3
10
3
7
7
10
9
9
10
5
13
6
12
4
9
5
5
9
13
4
8
4
3
12
5
10
5
11
8
10
5
7
9
5
9
8
9
4
13
5
4
9
7
8
10
12
8
6
6
6
7
8
7
6
4
9
5
8
10
10
8
9
9
4
8
4
10
7
4
8
8
9
9
4
7
13
8
9
9
6
7
4
3
4
12
8
8
9
6
3
7
7
6
10
7
6
4
7
8
4
7
7
8
3
4
11
11
8
11
8
9
9
7
7
12
15
10
11
5
8
12
9
10
6
5
15
7
5
5
9
4
11
6
11
6
4
11
8
3
12
7
7
4
8
8
4
10
4
13
2
5
7
2
0
8
8
8
5
6
8
6
7
6
3
9
7
10
9
8
5
11
8
7
8
9
5
8
7
6
5
8
7
9
10
10
6
8
3
8
7
7
10
10
8
3
4
5
6
8
6
6
8
8
9
5
4
7
7
8
6
11
7
4
11
8
3
10
4
5
7
9
7
6
4
8
5
6
3
11
8
6
5
6
8
12
6
12
6
6
9
8
6
6
10
7
11
4
6
5
8
7
8
8
6
4
6
3
6
7
9
12
4
12
5
9
7
8
6
7
4
5
8
10
5
9
6
5
3
9
7
11
11
6
13
15
15
14
12
4
8
15
13
14
12
12
14
12
10
11
13
9
9
12
7
12
10
10
5
7
9
12
6
5
8
6
6
13
12
9
8
8
7
7
8
7
6
6
4
9
16
4
9
8
9
6
15
3
7
17
5
8
8
10
6
6
5
7
9
8
2
9
2
4
6
5
8
1
7
10
5
7
8
9
7
7
9
6
4
5
9
5
6
9
8
2
6
5
7
7
2
3
3
7
7
3
9
7
5
6
9
6
9
7
4
4
8
8
9
5
2
3
4
3
6
7
8
9
5
6
5
6
9
7
5
5
4
4
9
6
11
5
8
5
5
5
7
9
5
7
3
0
4
2
8
6
4
12
2
5
8
6
11
7
7
6
10
7
9
11
11
2
9
9
8
8
8
8
7
6
5
9
3
4
4
9
8
4
3
5
6
7
5
7
4
3
8
7
9
4
6
2
3
5
6
4
6
4
6
6
5
5
7
4
6
10
4
8
5
8
13
7
6
10
10
7
6
5
8
9
10
9
7
11
10
2
5
7
4
11
2
3
3
4
5
4
7
5
6
7
8
12
6
1
8
6
6
7
7
4
9
4
2
2
8
9
10
11
4
5
7
12
9
9
15
12
7
8
11
9
7
12
7
9
7
10
7
12
7
6
7
5
6
2
4
7
7
4
7
9
7
3
9
5
10
10
6
8
10
7
2
9
2
2
8
12
4
12
5
4
7
8
3
6
7
4
2
8
7
10
7
7
3
10
7
6
6
7
13
6
2
7
7
2
2
6
4
3
7
2
7
7
7
11
8
10
8
4
4
4
6
7
7
6
6
5
7
5
9
5
6
2
6
6
4
8
5
4
8
7
6
3
6
6
5
9
9
3
7
8
5
5
6
8
10
5
4
5
8
4
3
5
5
6
5
7
8
3
8
3
7
4
8
6
4
5
8
10
5
6
6
5
5
4
5
6
5
6
8
7
4
5
4
5
5
9
6
6
4
5
10
7
6
6
7
0
10
5
2
7
10
7
5
8
4
9
8
5
7
7
5
6
15
8
2
4
7
9
8
1
5
6
5
4
4
6
8
7
7
7
14
13
8
13
13
6
9
12
11
6
3
8
6
6
9
12
9
11
11
7
9
4
4
10
7
14
2
6
5
7
4
3
11
6
4
5
5
14
7
6
5
4
6
5
4
7
2
4
7
6
12
4
7
8
9
5
9
9
7
6
5
7
5
4
9
9
7
6
4
1
8
5
4
7
9
9
5
3
3
0
7
5
6
4
4
4
6
8
6
4
2
6
6
3
3
8
6
7
8
4
3
5
11
7
4
6
10
1
4
6
8
5
9
9
3
3
5
5
9
5
9
10
10
4
4
5
3
5
1
6
5
4
8
1
6
6
4
6
10
3
1
6
5
7
6
5
4
4
11
7
8
7
7
6
9
3
9
6
6
1
4
5
6
9
7
8
4
9
6
4
4
3
4
7
7
4
4
6
10
2
5
2
3
4
4
12
5
11
8
6
8
8
6
6
6
4
4
8
10
3
8
3
4
10
9
5
8
4
6
4
2
5
9
2
4
4
4
5
4
5
6
6
10
9
6
8
7
11
7
2
9
6
8
2
5
8
7
8
6
6
8
12
4
5
11
3
11
5
4
7
4
8
5
3
6
7
5
6
3
6
10
4
4
3
8
4
7
3
8
4
8
5
7
4
5
5
5
5
6
5
6
5
7
3
5
4
3
5
3
5
9
2
5
6
4
2
6
8
5
6
5
2
5
4
2
3
2
3
5
4
8
1
3
4
3
6
3
2
3
8
3
4
2
8
0
2
3
7
5
6
6
2
5
1
5
7
3
6
5
2
5
2
11
5
3
5
3
4
1
8
5
5
8
2
7
9
1
1
7
8
9
5
8
12
4
2
5
3
4
3
3
6
2
4
8
4
2
5
6
4
6
1
4
10
8
4
6
3
1
9
9
4
5
2
5
7
3
5
8
7
8
7
4
3
8
2
2
7
5
5
3
5
10
6
3
5
5
5
2
3
8
6
5
5
6
4
10
7
5
9
6
4
3
6
7
5
6
3
10
8
4
8
13
9
5
7
10
11
10
12
10
10
8
7
6
12
4
4
5
5
4
10
8
4
5
7
1
5
3
3
8
7
6
2
4
3
11
7
9
4
4
6
9
5
8
8
6
6
6
6
9
2
2
5
2
5
7
5
3
10
2
4
4
11
5
8
2
4
3
6
3
5
2
5
8
8
5
5
5
4
8
8
3
5
5
6
11
5
8
4
2
1
5
4
9
6
5
3
6
4
2
5
7
12
5
4
6
2
3
5
5
7
2
4
5
6
4
4
7
6
6
6
6
3
4
10
3
7
3
7
3
5
5
3
4
9
5
9
5
4
8
12
5
5
6
4
7
9
8
3
7
4
4
2
3
6
6
4
4
6
3
3
5
7
1
5
10
5
10
6
6
6
2
6
3
5
3
4
4
2
5
5
4
4
3
2
5
4
8
4
2
3
9
4
5
7
2
1
3
8
4
4
5
8
7
0
4
8
7
3
6
6
4
3
9
5
9
6
2
11
6
6
3
5
5
8
9
5
4
3
2
7
7
3
7
2
5
5
4
9
3
5
6
6
2
4
4
2
6
5
5
5
6
5
9
3
5
2
4
5
3
3
5
3
11
4
4
5
6
2
4
7
4
13
3
6
5
2
8
5
5
2
7
1
5
4
8
5
7
8
1
3
8
2
4
2
7
5
9
5
5
6
3
8
5
5
8
5
3
4
3
3
7
4
2
6
5
6
3
5
2
7
5
4
3
11
2
8
4
3
4
5
2
2
7
3
5
9
5
7
4
4
2
5
8
4
3
7
3
0
5
3
8
5
7
7
4
10
4
7
3
4
7
2
5
2
6
7
7
6
9
4
4
5
5
2
3
3
5
1
6
4
4
6
1
5
5
4
4
3
4
6
9
4
3
4
5
5
5
4
5
4
0
5
4
7
3
7
4
4
3
1
3
2
4
4
1
7
6
1
2
5
1
5
4
10
10
6
6
3
3
4
4
2
4
5
4
4
2
8
7
5
2
5
2
3
7
4
7
5
3
4
3
4
3
4
1
5
6
6
3
4
4
8
4
7
5
6
4
7
5
10
6
5
4
7
2
6
4
2
8
6
5
6
6
1
4
6
5
7
5
2
5
4
6
7
4
5
6
3
6
2
5
2
5
6
2
2
3
4
6
6
4
6
4
8
4
4
1
0
5
7
2
3
3
7
4
5
0
10
5
2
9
3
6
2
5
4
5
6
4
2
7
1
2
7
4
4
5
12
8
7
9
11
8
5
10
6
9
4
8
6
5
0
2
2
3
6
5
2
1
3
3
2
1
3
5
4
2
8
7
1
5
2
7
2
6
3
9
2
2
1
3
6
5
4
2
5
3
2
8
6
5
9
2
4
4
6
4
6
6
3
2
6
1
2
1
5
4
4
3
5
4
3
2
1
11
3
3
2
6
0
5
6
3
3
3
1
4
5
2
5
4
5
3
6
0
7
6
2
6
3
9
5
5
1
4
5
3
4
14
3
7
6
5
14
7
13
10
5
6
7
5
5
5
1
4
3
6
5
8
6
5
2
5
6
2
2
3
2
7
2
4
2
7
5
4
4
4
7
2
3
4
3
4
4
4
4
4
4
3
9
4
1
4
2
2
4
5
7
5
5
8
7
8
5
6
2
2
6
4
4
3
4
5
5
4
3
4
3
2
3
5
5
4
6
5
3
4
5
7
8
6
3
5
1
2
6
2
1
4
9
5
7
7
8
6
11
7
11
11
12
15
4
15
11
13
7
8
9
4
4
3
4
7
5
4
1
2
3
2
2
3
2
5
5
5
3
2
6
8
2
2
4
5
10
3
6
6
1
10
4
5
0
5
1
3
3
3
3
2
2
7
7
8
5
2
6
2
5
1
2
7
8
2
4
6
5
2
3
2
2
2
8
5
8
10
7
5
6
3
4
4
8
7
7
4
6
3
5
5
6
0
6
4
2
2
2
7
4
6
5
6
2
2
4
2
3
4
3
1
3
4
7
4
2
7
5
2
5
2
2
6
2
3
2
4
2
5
7
6
5
2
6
6
2
7
5
4
2
4
3
1
3
2
6
4
2
2
3
3
6
3
6
3
3
2
3
4
5
3
6
5
5
4
3
7
6
5
5
2
5
2
4
3
3
1
3
5
1
4
4
3
4
3
4
3
3
1
3
3
4
5
3
4
2
4
6
1
0
10
2
1
3
2
1
3
1
4
2
3
6
4
5
2
4
3
3
2
2
3
2
5
5
5
3
3
4
6
2
3
3
7
3
3
4
3
3
0
2
3
3
7
1
4
3
1
4
5
1
6
5
4
4
4
6
6
6
3
6
7
10
6
11
16
7
8
7
8
6
9
4
3
4
5
4
7
4
5
3
2
4
5
3
3
3
3
2
4
3
3
1
5
4
3
3
6
6
0
1
3
2
0
4
3
5
4
5
2
4
1
4
4
3
1
4
3
2
1
3
4
2
3
3
2
1
3
1
9
4
5
3
3
0
4
5
5
3
4
4
4
3
3
3
4
4
7
6
5
3
7
7
9
6
11
12
7
4
8
4
3
5
4
4
0
8
5
6
4
2
1
4
5
3
6
1
5
5
3
5
2
2
4
8
1
5
4
6
0
3
5
4
6
4
5
8
4
7
5
3
8
4
6
7
1
7
5
4
4
1
4
2
2
6
2
5
4
1
5
4
4
3
2
9
1
8
2
4
2
4
1
4
2
2
2
7
3
3
1
5
4
3
5
1
1
2
4
5
5
3
7
1
5
0
2
2
4
4
2
3
4
3
4
3
3
2
0
3
4
2
4
1
4
7
7
4
3
1
4
2
4
0
6
3
2
3
3
2
3
3
2
6
2
2
5
8
2
3
4
2
3
4
4
5
2
5
1
2
5
1
8
2
5
1
6
10
4
3
4
3
9
9
4
4
5
2
2
5
4
1
3
4
8
2
3
3
5
3
2
5
3
3
2
4
4
4
2
3
4
2
3
4
3
6
6
1
1
2
5
4
2
5
2
2
1
5
6
2
4
4
6
1
2
2
1
2
5
3
5
4
2
3
3
5
2
5
3
0
2
3
7
2
3
5
3
1
3
3
2
3
1
3
1
4
3
3
4
3
6
4
4
6
4
2
4
5
2
3
5
0
3
2
3
4
3
1
4
1
2
3
3
4
2
3
7
4
1
5
0
1
8
2
2
8
7
3
1
5
3
5
4
1
5
6
1
5
5
1
3
0
1
0
3
5
4
1
2
3
4
1
1
2
2
8
1
4
2
3
3
2
3
1
2
3
2
1
4
3
8
2
8
1
2
0
6
2
4
5
3
3
2
2
2
4
5
3
1
1
2
3
3
5
4
6
2
2
3
2
6
2
3
1
7
5
8
8
3
5
1
5
5
2
3
2
6
3
5
5
4
3
2
8
4
4
0
3
2
3
1
5
4
5
2
2
4
8
2
5
2
1
3
2
1
4
2
1
3
1
8
0
3
2
0
2
4
2
2
1
0
4
5
2
3
4
4
0
1
6
2
5
5
5
5
4
3
3
3
2
3
4
3
3
2
0
3
0
5
1
2
3
4
4
1
3
1
2
1
4
4
5
2
6
4
0
1
2
4
1
9
1
1
4
6
4
2
4
3
8
2
6
4
2
5
3
2
3
3
2
4
1
4
1
4
6
4
3
1
5
6
3
7
4
1
6
3
3
1
4
0
3
2
3
3
4
5
4
2
2
3
3
3
2
2
0
0
7
1
3
5
5
4
3
6
2
2
2
4
5
2
2
7
6
2
4
5
3
2
1
4
4
2
1
3
1
0
2
2
1
3
1
2
3
1
3
2
3
5
2
3
2
5
0
4
3
4
3
1
1
1
2
3
6
5
0
0
7
1
0
6
2
4
4
1
2
3
2
2
3
4
5
5
4
4
6
7
4
1
9
3
6
5
7
7
10
3
6
5
11
7
4
8
6
7
10
6
6
11
9
7
7
5
4
1
4
8
2
4
4
7
7
2
1
4
5
3
2
1
4
2
4
4
3
2
4
5
3
2
3
6
1
0
2
2
6
3
5
2
2
4
5
3
4
5
3
9
1
2
2
0
2
2
1
5
0
3
1
0
0
3
4
2
3
2
1
5
4
2
2
0
0
4
0
2
3
2
3
2
3
3
1
3
2
2
8
4
0
6
2
6
1
2
3
3
3
3
5
2
3
6
2
2
5
1
4
4
0
4
3
2
5
3
1
2
3
2
2
1
2
3
2
6
3
4
2
3
3
3
5
4
2
2
5
1
3
3
5
1
8
2
5
4
2
6
2
4
4
2
1
4
3
4
5
3
4
2
4
4
0
3
2
0
1
2
4
4
2
5
4
1
2
4
1
4
3
3
2
3
7
2
5
6
4
3
2
2
1
2
3
5
4
4
1
4
4
1
3
6
1
3
3
2
4
2
2
2
3
2
5
3
6
5
1
1
5
1
3
3
1
4
2
4
4
2
4
3
4
4
4
0
4
3
3
1
3
2
1
1
4
1
3
4
5
0
3
4
4
0
3
5
1
2
1
1
2
4
2
3
1
1
3
3
2
1
5
2
0
3
3
2
1
3
0
3
3
1
4
3
1
2
3
0
3
2
2
2
2
2
3
3
3
1
2
1
1
1
2
4
3
1
1
4
1
4
3
3
0
5
1
4
0
1
3
4
2
4
2
1
2
3
4
2
2
3
5
1
3
5
1
2
3
3
4
1
0
1
4
2
2
2
4
3
3
5
0
2
1
1
2
1
3
1
0
1
1
3
0
3
2
2
3
2
2
3
2
2
3
3
2
2
3
2
1
3
0
1
6
2
2
5
4
2
4
6
1
4
0
1
5
4
1
2
3
3
2
2
3
0
5
6
1
4
3
2
1
4
3
1
2
2
3
1
3
3
1
4
1
1
5
2
3
2
4
1
4
1
4
3
2
4
2
2
2
0
2
3
3
1
4
6
3
2
1
2
3
3
4
2
0
2
3
1
2
1
1
3
4
1
3
3
1
2
1
2
2
4
5
5
3
2
1
5
5
2
1
4
6
1
1
2
2
3
0
4
1
0
1
5
2
2
5
6
2
3
6
5
7
7
3
3
5
4
3
3
2
4
1
2
1
4
2
1
1
3
5
0
0
1
2
1
1
2
6
1
1
5
4
1
2
5
1
2
2
4
3
3
1
6
4
5
4
2
3
0
3
1
2
5
1
3
2
2
2
5
4
6
0
2
2
1
2
4
3
6
1
0
4
1
5
2
1
1
5
2
1
3
2
4
4
3
1
1
5
3
6
3
4
1
4
2
10
6
3
5
2
3
0
2
5
4
1
4
6
3
1
0
1
4
1
7
2
2
4
1
2
5
1
3
3
2
1
3
1
5
5
0
4
1
1
0
2
3
3
1
6
2
2
3
1
4
2
1
6
3
3
5
4
1
2
2
1
2
6
3
6
4
7
5
1
4
1
3
0
1
3
1
2
2
4
4
5
3
3
0
1
2
3
0
0
4
2
2
2
1
4
3
1
1
4
5
3
2
2
2
0
2
2
2
0
3
1
4
4
2
3
1
1
0
3
0
7
4
1
1
3
2
2
1
2
2
4
5
4
2
5
1
1
1
0
5
4
1
3
3
0
3
3
1
1
1
3
2
1
4
5
1
1
2
3
2
3
0
3
2
2
2
3
0
3
0
2
4
4
2
4
1
2
0
2
1
5
5
0
3
5
3
5
3
6
1
3
1
5
1
5
4
4
2
0
1
6
1
2
1
2
0
1
0
0
1
2
0
1
6
2
3
0
2
2
3
2
2
1
5
3
3
5
4
3
3
2
4
4
0
3
4
3
0
3
0
0
1
4
1
2
5
3
5
3
2
4
6
4
0
0
2
4
1
3
0
2
4
0
4
0
2
2
1
3
3
0
1
2
3
2
7
1
1
3
4
6
1
5
5
5
2
4
4
5
4
3
3
4
2
4
3
5
4
4
3
4
1
6
4
3
4
2
4
1
2
3
3
2
4
0
0
3
0
6
4
1
2
6
6
2
7
5
4
2
3
2
3
1
2
2
5
3
2
5
1
0
2
3
2
2
3
3
1
6
3
2
0
1
2
1
2
1
2
3
1
6
6
2
6
4
2
3
1
3
3
1
0
4
1
2
2
3
1
1
0
2
3
3
2
2
4
2
1
3
3
0
4
3
3
6
1
3
2
6
1
1
2
0
8
1
1
2
5
0
1
3
2
1
3
2
2
0
1
2
2
2
1
0
2
1
2
2
3
1
3
2
3
0
3
3
1
1
2
0
2
1
1
3
4
2
3
0
3
2
2
1
1
3
1
2
1
1
4
5
2
3
5
4
0
2
1
1
1
3
2
2
3
1
2
3
2
2
2
1
1
4
1
6
1
2
3
3
2
1
1
3
2
4
3
1
3
2
2
3
1
5
3
3
1
6
1
1
1
4
2
3
3
1
2
6
0
1
3
1
1
6
3
2
1
1
2
5
3
0
4
2
2
4
0
3
2
3
1
2
4
1
3
2
4
3
2
1
1
3
1
3
1
3
2
4
2
1
3
1
3
2
2
2
0
2
3
0
3
0
1
1
4
4
3
1
4
3
4
1
5
0
3
2
1
2
3
1
2
1
6
1
1
2
2
6
2
0
2
0
2
4
1
2
1
1
4
1
4
3
3
1
1
2
2
2
1
3
2
2
0
1
1
4
1
1
1
2
3
3
0
0
2
0
0
2
4
1
2
4
1
1
2
3
3
2
3
4
1
3
4
1
1
0
1
3
2
2
3
4
2
0
3
2
4
2
3
3
2
2
1
2
1
3
1
2
2
4
2
3
2
2
2
3
1
1
2
0
3
2
2
2
3
4
2
1
1
3
2
3
0
3
3
5
8
2
2
2
2
2
0
3
2
2
2
1
2
3
1
3
4
1
0
2
3
0
1
3
2
2
0
0
2
1
1
1
0
2
1
2
3
1
1
2
2
3
2
2
1
1
1
1
2
3
0
5
2
2
1
2
0
3
4
1
0
2
3
0
1
3
1
3
2
3
0
2
2
3
1
0
0
0
2
2
1
4
2
2
1
2
1
1
1
3
1
3
2
3
4
1
0
4
3
2
4
3
1
1
4
2
1
2
0
2
0
2
0
2
1
0
1
0
1
1
0
0
1
0
2
1
3
3
2
0
1
5
1
1
3
0
2
3
1
2
1
3
1
2
2
1
2
3
3
1
2
7
1
0
2
0
2
0
1
1
4
0
4
0
2
4
2
4
2
2
2
2
2
0
0
4
4
3
1
0
1
1
2
4
2
2
3
0
3
1
2
2
1
4
1
3
3
1
2
4
3
0
1
2
3
0
1
3
0
2
2
1
1
3
1
2
5
5
1
2
1
2
2
1
2
1
1
4
2
0
4
3
2
0
0
1
5
4
2
3
2
3
6
2
3
3
3
2
4
1
1
2
2
2
1
2
2
2
2
2
3
1
2
3
6
3
3
2
2
2
2
2
1
3
2
1
2
1
1
1
2
1
1
2
2
0
1
2
1
3
2
1
0
5
2
5
2
0
3
3
6
3
0
4
3
3
3
4
2
3
6
1
7
4
5
1
4
3
1
3
4
2
1
0
3
1
1
1
1
3
2
0
2
4
0
1
4
2
2
3
2
1
0
3
2
1
3
1
6
1
2
2
1
2
2
2
3
1
3
1
1
2
2
3
2
2
2
0
1
6
0
0
0
1
1
0
3
3
2
2
1
1
1
1
3
2
3
1
2
2
4
1
2
2
2
1
1
1
2
3
2
0
1
1
2
1
2
2
2
2
1
1
2
0
2
2
3
3
3
2
3
1
7
3
7
2
4
1
1
3
2
3
2
1
5
1
0
2
2
1
4
7
0
2
0
2
0
4
4
0
0
1
4
3
3
0
1
1
1
0
1
1
1
0
1
1
3
0
4
2
2
3
1
1
2
1
0
6
5
3
0
4
1
1
2
1
2
4
4
3
1
3
1
5
0
2
1
2
1
3
3
1
0
2
4
0
1
1
0
1
1
3
0
0
2
0
4
2
3
2
3
2
4
1
2
1
2
1
4
0
0
4
4
3
0
0
0
3
1
3
3
0
0
2
0
0
2
4
4
3
0
1
5
1
1
4
3
2
1
1
2
0
2
2
4
4
0
2
0
3
3
3
2
0
4
1
3
2
1
2
0
4
1
3
2
3
7
4
1
2
4
0
3
2
1
1
1
3
4
2
0
4
2
3
2
1
0
2
3
0
2
1
5
1
2
1
1
1
4
1
0
7
0
4
2
2
1
1
0
0
2
1
2
0
0
4
3
1
1
1
5
2
0
1
2
0
1
0
0
0
1
1
3
1
1
4
2
0
4
3
2
0
1
1
0
1
1
2
5
3
1
2
1
1
1
2
1
1
2
0
3
4
0
3
2
2
4
4
1
0
3
0
3
1
2
2
1
2
2
2
6
1
1
1
3
1
2
1
2
4
1
0
2
1
1
2
3
0
3
1
2
2
0
1
4
0
3
1
1
2
3
1
2
4
0
3
1
1
1
3
3
1
1
1
3
1
1
2
1
2
2
1
2
1
1
0
0
1
1
0
3
1
2
1
0
1
1
2
1
2
3
3
0
4
1
1
1
3
1
0
2
1
1
3
1
2
2
2
1
3
1
1
1
1
2
2
2
4
0
3
0
1
0
5
0
0
3
2
1
2
1
2
3
3
1
4
2
0
1
2
1
3
2
2
1
0
2
0
3
2
1
1
1
1
1
5
4
3
0
1
4
1
4
2
2
0
2
2
2
0
2
2
0
2
2
5
1
2
1
2
2
0
1
2
1
3
2
3
1
2
4
0
4
1
2
1
2
5
2
1
1
0
3
2
4
1
2
1
0
0
$ENER_FIT:
0.5378 0.193834 1.990134e-08
$MCA_CAL:
3
0.5378 0.193834 1.990134e-08
$SHAPE_CAL:
3
0.0000 1.000000e+00 0.000000e+00
$ENDRECORD:
