$SPEC_ID:
Shots [107, 108, 109, 110, 111, 112, 113, 114, 115, 116, 117, 118]
$MEAS_TIM:
289.00000 326.00000
$DATE_MEA:
08/26/2021 13:15:23
$DATA:
0 16383
0
0
0
0
0
0
0
0
0
0
0
0
0
0
0
0
0
0
0
0
0
0
0
0
0
0
0
0
0
0
0
0
0
0
0
0
0
0
0
0
0
0
0
0
0
0
0
0
0
0
1376
1389
1409
1312
1296
1305
1234
1171
1257
1260
1292
1134
1131
1151
1210
1140
1109
1101
1100
1046
1072
1034
1106
1053
1038
1020
1002
983
974
1004
983
962
961
920
935
908
870
910
936
877
871
864
894
866
918
862
833
820
817
810
793
825
801
775
797
830
803
820
766
807
759
772
802
793
743
774
736
760
729
731
699
729
680
727
731
705
701
713
668
688
676
657
697
680
612
666
648
655
645
646
661
654
619
683
657
622
628
642
616
703
573
627
639
618
613
612
616
607
566
609
576
642
587
617
579
577
548
578
622
548
603
547
547
586
578
598
562
518
565
554
501
530
566
544
615
543
562
563
620
525
584
557
572
580
538
506
566
547
530
565
534
548
557
533
536
535
502
540
553
503
506
522
485
490
534
512
514
485
518
513
488
504
485
504
497
514
498
514
495
506
533
487
522
493
523
487
491
505
455
481
480
500
457
494
492
477
496
523
476
525
455
485
454
520
478
499
517
488
461
523
522
477
499
485
465
488
478
451
509
434
429
468
429
442
460
431
432
430
479
452
482
530
523
455
475
440
469
444
457
425
441
447
483
436
458
425
439
483
436
411
445
396
462
484
448
444
475
463
449
479
470
469
449
442
424
425
440
441
454
489
528
553
496
473
458
432
430
445
443
487
469
474
443
425
425
432
485
477
476
429
449
471
524
466
429
488
423
491
502
612
791
1061
1110
892
754
612
647
705
657
608
553
534
515
468
464
470
399
434
468
425
446
434
443
403
471
430
434
451
443
458
421
439
430
462
493
521
463
493
454
414
457
504
575
542
508
546
519
554
579
527
486
446
429
379
454
551
609
684
621
616
580
582
549
491
483
476
450
451
470
449
473
489
466
491
482
454
556
548
536
474
483
464
441
449
450
499
664
725
709
678
610
562
453
459
441
477
486
521
453
438
419
452
427
408
416
412
412
451
434
436
421
425
427
415
471
493
525
472
452
457
456
442
410
473
485
468
565
713
948
1156
1110
927
656
542
436
455
442
486
428
430
435
449
402
434
417
454
381
538
551
724
879
959
865
683
600
485
520
511
471
448
442
430
404
375
424
416
468
482
412
465
472
435
421
414
398
441
466
541
568
624
725
758
680
664
566
517
528
471
459
462
476
412
401
443
453
424
413
387
396
395
406
433
498
535
545
598
620
560
584
514
462
408
469
419
434
422
432
405
411
415
425
459
419
415
450
534
575
532
501
457
407
441
401
426
409
453
452
420
465
457
483
424
452
405
405
362
422
426
477
464
447
425
410
435
466
517
592
603
593
516
481
422
400
391
425
419
415
429
437
469
521
535
597
620
615
602
566
464
443
407
415
388
423
387
396
400
355
379
353
318
386
372
393
405
373
373
392
390
376
390
404
427
430
447
482
472
412
430
366
383
393
393
429
424
409
391
402
418
408
407
408
398
375
408
372
395
381
371
371
362
355
364
404
426
417
424
407
393
400
380
393
402
408
460
498
519
638
733
816
653
551
462
527
646
940
1113
1257
1239
992
767
576
493
472
476
430
378
383
412
406
479
535
495
482
450
422
410
385
375
381
381
399
393
446
478
525
521
416
406
371
397
371
382
427
435
397
415
393
371
404
399
400
393
409
420
431
428
488
520
529
564
513
418
391
430
393
487
652
846
837
759
666
605
648
648
595
486
445
412
357
357
332
371
379
355
309
360
383
370
395
428
378
362
395
354
384
376
350
343
367
396
419
417
446
414
457
471
386
449
441
385
406
336
405
352
403
442
525
488
541
496
489
461
515
496
501
374
327
372
322
353
315
378
354
377
364
381
349
357
338
361
349
348
343
354
430
422
493
519
520
607
609
655
543
453
412
357
386
365
349
355
367
429
498
670
685
672
564
463
390
331
338
328
355
333
362
346
341
324
316
351
332
331
309
368
402
410
432
433
415
377
324
335
420
472
588
776
860
1049
1014
921
772
602
507
389
416
351
346
380
396
360
333
353
387
366
378
346
357
312
320
344
312
331
338
338
381
385
454
551
587
512
449
386
406
420
474
518
504
467
371
380
278
363
302
330
345
306
368
354
288
338
331
315
322
311
301
323
325
291
319
297
315
315
297
330
297
330
353
339
332
350
387
363
393
433
562
737
857
839
673
508
433
415
447
527
734
827
865
737
616
497
380
332
331
312
333
315
353
331
378
374
328
319
303
325
359
350
362
343
369
359
365
436
426
408
386
411
355
380
365
350
304
326
320
329
299
307
316
283
315
311
323
384
336
384
351
336
341
323
288
287
273
284
294
288
307
309
309
291
311
316
307
306
284
278
299
278
320
315
326
307
300
315
311
295
361
308
333
314
320
294
265
331
301
319
269
301
363
495
594
674
728
655
631
566
576
576
587
528
438
381
374
302
310
348
323
340
341
339
302
341
317
311
323
303
280
284
278
292
295
254
278
295
310
297
338
330
379
487
668
1075
1620
2123
2360
2204
1645
1146
738
511
366
341
313
311
318
301
293
285
289
281
315
288
282
286
288
266
269
269
277
304
292
288
251
292
299
259
311
352
383
414
400
357
301
306
268
295
267
267
262
262
351
307
334
366
366
382
408
378
384
354
321
293
270
252
256
277
285
307
299
355
392
410
352
360
314
321
282
315
235
263
270
280
269
272
284
275
269
258
272
251
284
242
266
248
266
247
270
263
253
255
280
270
257
267
266
283
327
320
303
312
265
271
252
251
271
273
239
274
276
265
277
281
276
354
318
322
304
349
262
283
256
255
258
228
226
270
260
243
269
246
217
254
242
268
233
268
295
343
385
343
307
267
255
238
234
237
248
278
256
263
323
321
355
431
488
625
705
730
586
420
373
284
246
268
237
282
273
271
266
257
284
285
299
332
277
299
319
251
304
295
387
448
477
466
378
346
290
244
213
195
251
210
237
225
261
332
441
489
535
494
407
373
288
263
304
287
326
295
347
308
288
280
236
270
282
269
276
259
239
243
250
218
252
235
241
233
246
256
247
301
265
282
236
214
259
223
213
222
249
260
263
267
276
243
235
229
249
243
258
281
279
322
348
386
405
424
458
524
514
498
362
324
283
233
226
263
215
263
239
288
272
287
225
215
226
243
261
268
254
276
268
251
250
227
253
275
314
333
376
378
390
409
408
442
403
363
366
355
357
379
388
305
257
247
235
225
230
224
204
252
226
227
228
261
263
211
220
216
205
216
238
199
224
209
213
230
190
238
232
199
230
249
268
255
246
242
235
232
215
222
226
237
244
230
240
222
222
258
224
239
232
215
221
250
230
269
303
411
500
506
504
460
372
308
295
314
334
349
364
356
335
270
258
245
248
268
280
247
270
240
223
239
228
225
206
238
246
218
280
282
345
435
619
720
817
779
605
480
348
283
267
238
242
242
212
225
209
234
232
200
222
206
214
213
220
244
226
267
350
403
509
477
423
365
298
304
305
266
262
275
303
339
373
437
401
363
298
228
225
191
203
221
238
324
414
639
776
847
728
611
391
289
279
234
224
245
240
227
225
216
252
221
195
207
197
202
184
216
214
265
278
382
485
537
576
480
387
286
212
214
219
192
227
257
255
279
295
266
263
251
189
211
244
215
256
313
359
436
434
419
311
272
229
202
194
183
180
200
174
192
197
190
197
172
185
205
187
186
197
217
214
278
271
258
246
226
222
216
201
184
166
176
190
155
201
175
207
237
221
232
225
201
213
186
197
194
205
199
229
245
250
254
224
204
203
205
172
196
193
186
189
198
194
204
190
168
197
205
198
193
229
245
246
247
248
250
249
232
288
265
254
231
230
195
204
220
212
197
197
217
205
200
200
198
192
196
175
184
185
189
196
178
196
195
188
219
179
195
214
199
178
202
207
194
180
183
212
215
249
312
317
232
212
205
191
168
193
167
173
183
202
200
252
236
313
310
314
292
291
295
244
259
302
259
356
341
359
399
409
484
480
431
353
303
239
192
170
172
157
168
161
150
197
186
204
206
180
183
164
149
199
192
200
242
219
235
238
256
256
225
220
181
166
174
174
175
176
175
155
168
174
163
167
169
199
180
182
194
206
206
205
228
268
210
233
242
322
417
505
521
562
470
348
308
226
181
187
170
182
181
178
176
172
156
162
169
184
161
180
137
160
159
174
159
156
158
180
157
202
197
228
224
218
222
189
203
167
176
151
160
174
178
166
162
153
151
180
190
180
188
182
182
184
145
166
138
179
182
179
157
158
167
169
149
155
161
179
170
160
168
172
163
134
148
156
162
170
165
168
169
150
168
177
207
199
184
195
185
169
155
173
185
195
191
183
188
168
180
175
180
162
169
154
141
155
163
168
166
190
166
185
159
170
176
162
158
184
199
214
252
240
224
194
185
186
228
184
202
204
158
163
180
167
185
149
149
169
157
172
144
146
148
154
150
147
164
162
150
190
166
141
179
172
191
219
228
207
216
218
193
174
184
170
172
192
170
164
172
156
161
143
178
181
163
159
162
201
161
206
205
246
336
405
387
389
311
288
219
197
180
158
158
142
171
148
158
161
226
268
362
484
572
665
627
570
417
326
238
186
182
153
174
171
157
157
173
212
197
205
232
198
196
176
154
170
172
162
154
174
158
154
148
191
171
171
151
172
171
169
180
161
171
169
157
180
190
162
143
185
188
188
230
306
395
453
440
396
374
251
201
164
177
146
166
180
159
173
181
182
172
161
148
157
147
144
161
138
147
150
170
160
170
147
144
145
162
141
156
144
173
145
147
137
126
132
135
141
138
142
142
130
130
134
160
148
189
164
157
144
131
170
135
154
113
133
154
140
138
126
124
139
141
137
149
181
159
172
175
161
170
178
173
140
152
156
156
161
173
215
224
219
194
184
175
203
181
174
147
150
158
164
154
152
162
122
145
133
139
121
139
153
135
152
149
140
138
132
157
173
151
185
166
189
196
192
173
165
209
191
180
189
206
186
202
192
193
175
177
203
182
183
241
208
241
260
282
301
252
236
187
164
171
139
163
164
157
150
129
125
130
110
159
162
169
174
176
169
159
163
169
161
181
192
139
166
153
178
162
149
170
132
138
150
141
130
142
128
120
141
112
127
123
138
126
150
147
142
157
150
129
147
156
135
163
144
159
142
153
155
178
155
138
134
130
140
109
129
134
127
138
167
182
179
187
195
206
168
162
164
169
157
131
166
166
149
177
177
167
149
166
167
191
200
210
198
178
177
225
251
302
361
372
390
363
287
198
155
141
136
133
158
119
140
134
157
144
130
145
128
143
125
122
145
125
123
128
135
139
159
161
173
141
158
156
149
190
196
176
184
182
170
169
129
124
142
135
136
152
149
161
138
170
177
184
193
166
168
175
176
175
174
174
228
203
187
171
156
151
136
163
144
169
151
143
143
126
157
122
122
110
115
119
112
133
148
116
105
132
123
126
134
119
135
122
100
137
145
130
136
146
149
166
180
155
147
138
136
129
148
121
125
128
120
122
144
140
118
139
135
131
106
117
114
137
123
114
115
108
119
130
108
111
107
112
128
150
131
146
143
154
146
165
137
125
117
155
128
143
131
125
134
105
97
106
124
100
119
103
119
110
125
109
105
122
139
126
134
101
110
117
110
136
143
113
118
120
121
110
124
131
148
151
171
166
174
169
154
170
189
146
134
129
141
113
148
112
137
128
118
123
113
116
114
114
117
108
117
126
102
117
118
114
125
140
132
126
142
130
130
110
107
127
129
112
117
113
115
135
131
131
116
127
130
118
111
125
131
126
124
131
112
96
130
124
121
134
114
121
142
171
161
207
201
170
164
142
144
124
182
184
200
199
167
183
189
158
139
130
131
137
145
156
138
145
163
158
200
212
248
274
307
326
348
407
440
454
428
408
429
399
369
368
303
308
269
248
216
180
204
208
210
168
181
147
158
194
192
204
221
203
209
155
133
139
129
130
135
129
126
127
108
131
113
134
135
114
122
118
133
119
119
117
110
103
114
123
119
121
128
98
91
118
148
108
137
135
127
117
125
132
112
125
113
89
121
113
112
137
121
106
119
107
115
126
116
118
110
119
90
111
144
123
136
147
163
152
158
160
141
146
173
205
213
235
269
249
243
233
174
143
128
117
117
135
112
108
103
113
107
111
112
125
96
108
122
120
137
119
137
213
224
239
256
227
226
165
159
130
121
115
96
110
95
96
115
114
123
109
112
125
116
140
146
153
147
129
176
143
184
217
213
255
249
236
203
173
142
144
109
109
125
122
107
128
106
111
111
114
100
111
127
125
135
128
147
131
133
136
121
128
104
121
120
106
111
104
107
97
135
115
120
124
127
90
93
138
112
102
114
109
110
109
129
131
138
106
104
105
110
112
91
98
107
103
96
114
107
117
144
123
142
135
137
140
133
170
133
162
128
135
108
135
128
132
136
151
139
148
130
106
96
109
110
115
105
115
125
118
101
109
113
112
108
108
129
150
116
119
105
144
136
175
144
134
164
144
133
123
94
95
102
100
89
103
102
125
135
141
152
157
170
139
106
95
110
114
112
99
106
99
97
101
97
99
97
97
108
108
108
130
104
117
102
102
119
100
98
85
116
111
97
85
111
101
108
118
106
91
97
99
82
81
113
94
86
97
100
110
84
89
98
106
91
96
106
103
116
118
98
120
143
147
116
152
139
138
127
126
122
97
110
119
109
102
103
102
119
106
102
88
87
85
111
108
97
110
145
124
140
142
127
115
107
96
149
135
137
133
119
125
109
99
101
93
99
117
101
94
102
86
98
118
106
100
110
117
116
143
177
212
222
282
351
448
446
447
398
320
234
194
158
112
116
99
113
105
96
112
116
99
93
87
109
114
116
94
90
120
116
107
129
109
123
126
111
97
102
91
115
95
94
104
109
110
114
73
89
112
114
96
110
87
116
105
114
125
109
106
127
122
170
204
305
412
575
684
670
659
537
415
334
278
218
178
148
166
134
117
121
126
118
133
85
107
79
108
92
88
93
97
83
107
101
113
116
139
115
118
119
115
120
119
110
138
122
107
106
101
104
96
115
83
117
97
94
97
137
111
136
156
145
149
127
129
126
102
115
112
90
105
87
104
82
103
84
103
88
106
96
98
97
110
101
115
90
105
109
98
82
116
96
108
103
111
117
109
104
82
91
119
93
120
136
155
160
197
171
171
180
150
153
96
116
76
94
91
86
90
88
92
91
89
98
101
100
99
106
105
96
101
93
130
107
107
126
114
130
104
95
107
104
76
89
84
93
82
91
107
128
96
104
128
112
97
97
120
124
103
100
87
90
90
88
97
95
86
92
102
93
103
106
99
111
76
73
103
94
95
101
107
97
94
117
81
92
78
90
92
80
88
93
87
115
87
89
93
79
107
113
101
112
100
124
131
168
151
151
163
161
133
169
141
134
153
126
103
94
98
94
95
106
112
102
141
131
138
154
134
117
147
106
99
104
101
125
108
132
129
132
157
126
101
117
111
108
94
101
94
82
76
83
88
100
78
91
79
89
104
107
84
97
101
105
99
101
129
115
133
112
111
103
128
96
122
116
99
111
89
107
100
100
100
89
85
101
86
69
104
113
136
136
157
161
162
151
123
128
110
77
89
58
87
83
90
99
99
78
97
87
95
100
106
100
87
100
73
92
72
90
99
96
106
102
89
75
109
83
97
93
88
89
100
75
106
89
104
89
117
92
98
117
89
108
96
117
92
82
90
72
75
85
103
74
81
88
94
73
72
78
98
106
86
96
79
91
103
84
110
88
83
96
73
87
90
77
94
79
85
95
72
93
87
88
89
96
82
92
89
88
98
93
105
101
89
90
72
83
91
76
74
84
87
87
83
79
94
93
91
101
84
84
78
76
67
65
72
82
92
96
73
83
82
72
84
78
76
76
85
91
109
115
159
149
189
179
161
150
132
124
103
105
88
110
103
88
94
97
117
94
82
85
79
68
79
78
82
97
75
97
85
113
86
72
87
78
98
83
87
90
88
89
82
81
81
79
83
88
83
89
89
74
104
105
88
118
124
126
136
164
196
270
261
284
299
238
207
160
158
112
121
99
82
83
87
86
75
68
81
86
69
83
86
86
79
54
104
80
82
72
86
69
69
116
95
93
75
95
99
89
75
86
84
90
93
74
89
74
94
89
103
73
95
92
74
89
73
84
84
69
81
75
82
91
70
74
88
107
132
124
142
161
163
132
126
122
99
90
85
70
82
72
85
86
76
93
116
81
88
97
73
86
81
86
72
88
79
75
79
69
81
93
75
66
80
67
73
97
74
64
72
72
73
74
70
104
107
82
100
100
95
124
94
105
85
96
96
69
77
94
82
90
81
76
76
79
85
104
123
150
195
222
263
262
253
234
163
170
119
102
89
74
84
76
73
81
92
78
95
97
63
78
78
61
59
79
64
73
81
70
69
68
79
57
73
94
87
81
70
81
72
80
86
96
100
96
118
119
95
101
106
87
88
65
77
98
99
96
109
84
117
99
82
100
90
69
91
77
81
81
68
74
75
75
68
76
73
92
84
89
95
95
95
71
66
90
79
67
72
75
60
74
72
96
85
90
117
135
170
183
209
156
154
144
144
122
105
75
81
73
89
77
77
80
71
78
55
72
47
57
68
81
77
66
69
46
58
70
60
75
76
91
76
90
86
86
72
81
70
84
75
81
89
78
73
89
69
84
78
68
63
102
81
91
87
96
81
76
83
71
74
78
75
91
80
71
68
72
71
70
84
64
78
67
65
54
65
77
81
66
99
75
77
68
68
82
80
97
83
78
68
75
73
85
67
59
61
71
75
75
69
72
84
95
91
91
60
60
63
71
67
64
66
71
72
68
79
65
65
93
98
108
131
135
133
157
135
111
121
96
83
73
75
67
70
83
61
80
72
79
87
58
58
69
78
72
71
78
71
64
83
94
93
81
87
100
83
78
95
90
92
100
70
85
87
81
101
97
75
92
83
71
65
58
71
75
67
70
73
71
75
70
76
90
71
63
88
85
106
101
118
96
90
87
66
79
57
58
55
65
82
77
67
68
70
83
69
68
67
60
55
62
71
93
58
84
88
69
74
67
63
78
99
101
88
125
132
137
136
127
145
109
103
99
75
79
82
79
58
77
67
62
63
55
69
57
69
72
69
65
66
83
88
83
90
122
113
126
156
133
129
124
115
84
109
96
62
69
55
63
60
76
76
62
61
58
72
60
74
69
75
99
104
104
100
97
108
122
102
75
84
98
73
72
72
85
66
74
76
62
75
81
80
85
74
81
63
73
72
72
70
73
72
57
66
70
93
113
126
114
160
140
137
114
108
87
87
80
63
71
58
59
48
63
77
75
57
60
69
67
55
56
56
61
49
68
73
52
70
60
58
66
69
61
72
78
61
82
68
71
52
64
71
56
62
64
73
71
57
70
67
69
62
73
78
87
110
127
101
94
111
78
100
95
78
69
52
79
70
74
54
55
56
54
53
55
50
60
70
68
64
50
54
47
52
68
81
71
47
68
70
65
56
78
68
70
88
74
59
71
67
69
46
68
57
62
68
64
72
69
63
62
58
74
64
63
59
61
84
54
65
53
48
49
66
47
73
52
61
102
115
147
156
162
185
202
147
148
102
103
76
69
52
76
48
68
58
75
71
68
72
82
85
72
68
63
67
64
66
63
82
92
103
79
65
81
64
73
69
70
79
104
111
119
136
129
149
112
110
103
71
85
77
69
49
59
53
59
62
70
77
59
67
74
64
72
69
64
80
103
111
105
116
110
108
87
89
82
73
98
121
148
157
199
193
175
160
129
121
93
69
64
58
60
60
61
64
49
34
58
68
62
65
66
61
53
63
58
63
57
50
66
64
57
68
67
55
75
68
50
64
56
40
69
74
60
61
55
57
70
57
67
68
63
52
67
73
74
61
54
65
73
61
53
58
50
68
57
62
70
63
77
52
51
65
59
55
69
59
66
64
65
56
62
54
53
64
59
75
52
62
67
59
51
59
53
51
51
52
64
63
61
56
58
55
52
52
50
47
56
61
59
68
56
69
66
43
64
58
65
61
49
66
78
58
63
55
60
57
52
71
44
70
50
51
51
73
55
53
61
54
55
50
54
60
58
65
65
73
93
120
117
140
116
114
109
112
86
83
69
71
65
56
57
56
61
66
39
54
59
53
82
61
61
78
78
60
62
72
77
81
75
83
77
77
69
70
70
62
83
82
103
111
135
146
129
124
134
116
93
73
76
72
50
49
59
61
47
49
40
69
74
94
99
114
140
127
114
119
97
79
78
75
73
56
58
55
55
55
58
46
51
67
49
55
66
53
66
55
62
72
61
65
52
60
64
64
63
71
92
75
85
93
92
88
59
68
61
60
41
52
46
51
51
57
59
61
77
84
80
80
82
70
55
68
63
54
49
63
53
59
54
64
56
60
62
64
48
66
59
47
64
64
42
53
37
54
53
54
50
69
60
55
52
56
62
57
61
46
53
63
61
50
75
62
86
94
102
107
86
95
99
86
82
74
55
58
50
57
53
71
59
58
79
76
65
73
80
103
80
83
105
108
93
100
71
68
63
64
64
86
79
74
69
78
61
49
58
60
56
61
53
60
49
55
62
66
80
91
129
136
156
153
169
140
127
116
72
65
70
52
56
62
57
66
53
53
47
41
61
51
67
62
48
43
53
47
61
63
64
68
54
59
74
57
66
53
66
68
59
47
61
45
51
59
58
65
53
51
66
67
54
52
60
53
72
67
57
54
40
59
63
64
73
40
52
56
71
64
65
66
67
78
73
106
89
95
82
77
54
75
78
72
71
62
59
73
63
68
47
43
55
61
51
52
69
65
61
48
56
62
69
59
51
55
51
52
61
49
55
59
53
45
51
40
54
59
43
54
48
48
59
69
58
67
93
113
103
99
110
110
101
100
70
69
69
51
45
49
62
52
45
59
49
47
53
64
45
57
43
60
49
77
72
65
75
80
90
74
68
63
56
48
57
49
48
44
48
43
54
42
59
61
61
58
84
84
78
87
84
99
112
117
98
85
97
73
58
70
56
54
44
50
56
44
49
57
46
47
44
49
47
40
48
39
48
53
56
37
43
59
51
57
51
47
46
50
41
45
48
56
45
58
44
58
45
56
51
44
38
43
47
53
38
50
51
49
52
44
53
54
57
46
40
48
55
47
51
59
47
44
50
57
57
49
51
62
58
68
56
54
56
58
70
52
65
46
59
50
54
54
47
54
52
61
53
65
53
57
57
59
74
80
102
137
174
172
206
214
205
200
132
110
72
81
57
48
38
58
54
44
53
56
30
41
45
56
47
50
40
55
50
45
44
55
50
62
74
67
66
68
66
56
55
66
70
54
49
47
40
49
57
40
45
59
48
46
36
44
59
41
45
48
51
41
46
38
52
49
68
59
53
42
46
47
51
52
61
56
54
50
48
67
70
64
78
77
81
78
64
69
54
58
64
51
46
52
58
63
68
52
59
56
55
50
34
42
54
51
64
52
44
55
31
55
50
42
40
57
56
59
54
45
52
44
47
53
49
62
39
58
46
49
48
47
49
39
55
50
49
50
55
69
76
79
72
70
64
77
45
60
59
58
41
33
47
50
46
40
46
41
37
40
38
41
52
39
49
49
44
35
61
47
41
56
51
56
62
59
49
49
49
38
54
42
65
47
48
71
79
71
57
74
64
66
70
57
66
54
74
56
76
67
63
65
70
81
79
55
49
47
41
52
52
43
44
51
49
47
41
36
51
52
49
46
32
42
57
67
64
66
61
47
47
43
59
54
49
37
44
45
41
51
55
51
45
51
70
61
61
49
52
51
50
64
65
49
65
65
67
73
68
65
65
67
60
59
53
60
45
38
43
50
57
64
57
48
63
48
41
46
54
46
42
53
52
42
48
44
40
38
47
41
53
56
57
53
45
55
43
53
53
54
53
43
55
62
44
39
56
48
60
50
45
37
33
39
46
54
41
59
37
55
48
51
50
50
43
49
43
52
52
53
43
52
41
48
41
53
35
59
50
40
47
69
57
71
77
58
58
64
56
57
68
82
54
37
54
46
57
55
46
54
43
45
40
43
52
58
57
47
40
40
45
45
43
29
52
37
57
43
31
39
55
49
59
50
43
46
56
50
42
59
42
29
50
47
48
48
58
53
48
49
45
39
55
46
45
48
47
49
49
63
43
47
49
39
38
46
44
43
33
55
35
40
36
38
53
49
43
45
32
36
45
46
33
48
33
39
47
41
34
32
37
50
49
46
42
47
47
55
63
47
49
55
57
44
49
55
52
39
45
40
45
50
42
49
36
60
47
43
47
61
46
45
48
49
49
39
46
47
41
35
24
52
42
34
43
46
35
45
57
45
48
65
42
48
36
41
37
39
38
35
39
60
47
51
41
49
56
48
49
64
47
54
52
57
52
43
52
34
50
34
51
39
45
39
43
48
46
32
34
46
55
46
47
49
38
40
56
57
68
64
62
65
51
67
55
60
49
42
39
40
53
44
49
44
48
44
51
54
39
25
43
41
38
38
31
33
48
44
34
42
56
45
39
36
40
45
59
40
49
39
35
39
47
41
40
41
42
40
42
38
40
38
41
46
37
43
37
38
38
37
42
42
48
47
45
42
47
40
40
53
48
47
54
49
47
47
55
52
56
46
46
42
55
51
61
57
65
67
77
93
105
99
88
97
83
60
64
50
41
58
37
40
50
43
44
37
40
42
49
44
41
45
34
50
46
43
42
39
43
44
48
51
48
44
33
44
41
37
40
48
41
33
26
47
42
41
31
40
48
43
62
47
39
36
46
38
43
44
37
46
42
51
41
54
34
41
39
40
54
41
37
44
55
47
47
52
51
49
41
49
41
46
39
39
36
51
43
41
46
53
35
53
47
41
49
64
47
52
34
44
54
37
49
46
46
36
40
56
42
39
35
48
39
51
56
57
65
61
79
56
39
38
51
40
51
48
45
48
40
63
63
40
37
33
51
51
47
47
54
47
56
57
55
50
50
38
39
56
50
45
45
51
46
38
22
37
45
35
48
38
46
48
39
53
36
58
35
47
40
43
48
52
46
48
49
54
53
71
51
39
65
50
47
60
43
52
56
65
58
55
47
39
62
50
48
57
40
35
42
46
37
42
53
52
47
44
67
53
59
41
66
58
71
67
49
43
39
43
51
41
35
40
47
33
52
47
48
40
43
41
50
53
51
34
57
33
42
43
48
42
50
36
37
37
28
39
42
36
41
35
41
39
43
38
37
40
37
33
47
50
33
44
55
52
49
63
45
47
63
52
63
53
48
47
40
39
30
45
40
42
39
37
41
35
49
50
51
52
34
24
37
45
42
42
40
32
37
36
48
43
44
52
41
47
35
47
29
43
36
32
38
33
46
40
41
37
44
47
53
42
45
40
40
48
35
37
49
39
41
41
36
45
31
59
37
59
49
56
40
44
39
33
46
41
41
31
44
40
31
24
39
47
40
35
48
36
43
39
38
35
56
31
42
38
38
51
45
47
38
52
41
39
41
59
54
34
45
44
49
34
38
34
45
34
44
46
44
50
37
37
54
40
30
26
48
45
48
35
40
44
40
42
30
32
47
37
41
28
41
38
41
29
47
40
48
35
35
41
52
45
39
34
45
41
53
35
35
44
34
35
44
47
30
31
41
35
33
43
47
33
33
45
40
39
33
40
38
53
26
44
31
32
38
38
46
36
40
42
34
44
45
36
46
35
33
32
37
37
39
41
32
29
29
35
38
38
35
39
31
35
32
45
33
34
41
41
35
39
36
21
40
38
40
35
37
36
34
52
47
30
43
40
38
37
38
39
43
40
33
49
39
45
40
47
47
42
49
67
44
57
44
43
42
53
45
55
28
35
32
38
43
39
43
65
46
61
45
60
59
54
36
45
44
43
44
48
40
49
50
52
65
40
50
55
74
49
58
61
72
75
63
47
32
28
36
41
42
44
33
32
42
36
39
45
48
47
48
44
37
44
40
36
34
51
51
29
43
47
34
41
33
43
32
36
32
28
31
29
38
33
31
33
38
34
44
32
35
37
47
37
42
33
50
52
35
46
41
27
49
48
34
38
45
36
44
42
42
43
34
36
36
32
40
47
38
36
33
37
34
42
35
27
38
46
36
53
41
40
40
26
37
50
49
33
38
36
38
23
38
24
30
40
43
40
38
49
50
59
56
59
52
53
41
54
42
40
39
41
40
39
35
33
30
48
33
39
42
55
39
37
41
41
30
27
35
22
37
33
38
23
37
24
29
40
33
33
38
36
28
32
32
37
29
31
38
32
29
39
29
40
46
37
28
35
25
37
43
34
38
34
41
34
42
36
40
35
50
46
48
39
38
39
41
33
39
36
38
40
28
32
25
31
31
29
42
37
37
41
45
33
40
45
30
33
42
33
34
37
36
35
31
36
36
24
35
30
33
38
38
40
44
50
45
41
37
37
38
46
32
40
33
31
37
48
34
29
34
45
28
36
32
32
36
43
35
33
42
29
29
24
25
29
32
29
30
25
26
29
31
26
23
33
38
33
32
38
27
32
35
39
23
33
34
33
34
38
32
21
40
38
26
42
46
42
46
46
44
40
40
31
27
48
45
30
23
40
24
38
23
33
32
20
28
36
25
33
34
44
36
41
39
27
34
59
56
63
75
85
89
103
82
99
96
74
65
64
54
45
40
49
36
48
32
43
50
33
28
39
30
37
30
26
46
29
42
36
37
35
30
35
38
43
45
32
44
20
36
35
32
24
34
40
31
38
27
41
24
33
36
39
37
34
40
48
42
38
28
42
41
53
33
37
35
28
46
41
26
42
31
38
28
34
32
26
42
30
55
37
49
52
54
59
49
43
52
37
47
42
32
30
34
29
31
28
26
36
33
23
28
29
29
22
23
30
24
32
26
22
33
29
26
19
30
32
37
29
32
30
23
27
26
34
22
29
34
31
28
26
26
26
33
36
24
29
28
26
26
47
36
35
39
37
39
45
28
41
31
29
34
29
23
31
35
28
36
30
39
31
25
27
26
30
33
34
36
35
34
27
32
33
32
41
36
30
31
32
18
37
26
27
26
34
29
43
28
33
31
34
38
28
35
38
40
31
43
30
33
35
34
29
33
31
36
28
34
31
38
28
30
40
36
38
37
37
36
40
50
45
38
33
37
34
33
19
32
28
27
32
56
34
40
59
58
79
95
93
81
87
79
66
72
53
47
61
48
51
48
42
50
44
36
36
29
34
22
28
30
33
34
25
32
24
29
27
38
29
33
29
27
32
45
28
47
38
43
39
47
58
45
55
33
48
40
33
30
35
38
35
37
41
41
47
34
38
35
34
30
26
19
31
26
33
33
30
32
22
21
20
24
26
23
33
33
33
31
21
28
25
34
27
24
30
33
32
24
36
25
28
28
27
31
18
31
42
33
36
33
53
43
24
40
29
44
34
30
38
24
31
27
27
30
25
17
26
31
21
33
21
32
21
25
24
24
23
39
22
27
37
26
25
25
24
38
29
34
17
25
26
29
32
29
32
24
27
41
32
23
22
29
24
22
22
25
26
25
33
32
32
26
24
28
19
35
30
22
30
20
38
29
23
26
14
29
26
27
16
27
31
30
33
28
35
34
27
15
35
30
28
22
18
18
32
28
21
25
26
31
25
21
20
25
25
19
25
23
31
45
26
21
22
20
31
35
24
34
31
28
30
35
27
25
22
20
29
27
37
24
31
26
30
34
30
27
25
34
20
35
27
24
26
29
26
37
43
20
39
29
31
24
37
29
32
30
22
31
27
32
26
28
22
25
26
22
19
28
31
28
37
25
23
34
36
32
25
30
31
28
36
26
28
20
29
25
21
28
22
37
23
21
32
15
35
30
32
26
15
30
28
29
24
25
28
26
26
20
19
30
25
21
22
32
27
37
30
36
20
30
38
19
36
19
22
26
32
34
23
23
34
25
28
24
27
29
33
27
21
22
35
17
28
21
33
24
29
31
23
36
29
18
35
29
41
31
30
47
46
60
63
66
76
68
67
61
55
42
34
35
29
34
25
26
29
24
29
41
34
22
28
24
30
20
29
31
19
28
24
27
36
21
30
23
28
33
39
30
23
33
23
22
27
20
30
22
35
17
29
18
24
27
28
25
26
38
23
28
38
27
21
21
35
29
32
23
27
27
24
32
22
25
27
32
16
27
22
27
28
19
29
19
30
27
26
24
23
32
24
19
21
26
20
29
30
28
29
16
27
26
20
28
30
22
23
27
21
23
17
14
17
24
29
20
24
31
21
21
23
20
29
16
26
24
22
29
23
20
22
24
30
34
24
28
16
28
23
24
31
28
26
34
16
25
23
17
19
27
31
27
25
37
42
62
64
50
54
61
49
42
31
36
27
36
30
28
23
22
20
16
17
28
25
32
20
27
28
23
20
24
31
30
22
27
37
19
38
27
33
32
25
27
31
25
24
19
31
50
26
31
30
26
24
18
26
27
29
21
29
23
34
20
24
29
27
27
31
35
31
49
52
89
105
126
186
231
219
215
258
221
206
172
137
88
56
50
46
30
34
33
27
23
25
21
22
25
31
21
28
26
36
30
29
28
37
39
36
19
21
17
16
23
27
20
34
35
48
41
45
34
37
38
47
28
37
25
27
24
19
24
16
38
25
18
18
25
25
17
13
28
26
19
18
16
21
26
14
32
17
22
19
22
29
24
18
31
21
20
17
30
30
18
19
19
24
14
21
21
18
27
22
24
20
17
15
11
24
17
21
30
29
25
18
20
21
25
28
20
29
33
26
25
26
31
17
22
22
19
32
18
21
18
27
28
24
22
24
19
24
24
20
20
30
22
26
27
33
33
28
27
23
34
20
13
25
22
22
26
27
37
22
25
31
18
20
30
31
21
28
31
37
41
40
60
49
82
62
83
66
81
59
51
44
45
37
20
20
17
25
20
26
17
17
17
30
22
23
30
23
30
18
26
26
18
19
7
22
22
28
21
28
18
24
24
15
24
26
17
22
29
24
17
28
16
36
18
21
15
21
26
21
20
22
29
26
15
20
18
27
23
27
32
24
20
20
15
23
22
23
26
28
24
20
30
28
28
22
28
24
30
18
23
24
15
23
29
23
28
27
21
30
22
17
17
18
30
24
29
28
19
29
26
18
22
26
19
22
21
22
36
23
27
19
22
23
22
26
21
18
26
24
21
24
14
18
17
26
17
27
24
22
13
16
24
14
14
17
22
15
22
22
21
19
21
23
24
28
25
23
17
29
22
24
16
25
29
21
25
24
27
26
16
18
18
24
29
22
22
17
17
24
21
19
19
17
17
11
20
17
22
18
24
25
24
18
21
32
17
17
21
29
25
18
19
20
23
16
21
16
15
15
29
23
24
20
24
30
24
24
21
30
26
28
13
28
30
19
22
16
23
23
17
18
16
24
16
23
17
27
22
25
21
24
20
25
18
19
21
15
18
20
17
16
18
23
27
15
20
26
24
15
24
29
29
30
23
24
28
24
22
18
21
21
14
27
28
29
26
22
26
19
21
26
23
20
21
23
29
22
22
17
26
33
34
32
59
60
64
59
75
72
59
49
36
41
21
23
29
17
18
28
36
17
22
27
17
22
25
14
22
21
15
31
18
23
25
25
24
16
25
23
29
23
26
21
31
16
26
28
26
23
25
22
23
23
19
22
20
23
26
18
14
23
23
23
16
20
21
18
25
26
15
29
13
15
18
18
20
26
19
20
20
24
24
31
30
28
25
20
20
22
20
22
24
28
30
24
26
17
22
23
26
24
18
13
13
21
22
20
21
34
20
26
17
25
17
24
22
27
18
28
27
16
23
20
19
23
19
22
25
30
18
19
19
26
21
23
20
26
17
21
18
21
32
16
20
21
22
17
21
20
19
22
21
20
23
16
22
17
20
25
22
25
23
20
19
18
17
14
21
22
22
16
18
23
14
20
21
26
16
18
13
26
27
21
24
21
21
22
20
30
20
20
15
10
19
17
27
22
17
28
20
20
26
21
26
28
17
23
13
21
28
21
17
22
16
30
19
19
12
20
24
20
15
13
14
20
26
19
14
20
19
18
23
18
15
23
21
22
17
11
22
16
25
23
24
40
31
40
34
53
39
31
33
36
40
28
20
31
15
21
18
19
18
16
17
20
26
20
15
10
17
19
22
19
21
21
23
21
12
20
24
20
17
17
17
16
19
16
17
21
17
16
26
20
19
20
16
22
23
20
20
24
27
17
21
22
18
20
18
37
18
29
19
19
17
23
21
21
23
26
21
27
19
17
27
20
20
19
22
16
22
15
16
19
14
18
18
17
17
20
12
14
25
24
21
16
12
20
22
19
18
23
23
18
12
15
17
15
21
16
17
13
28
11
19
13
24
22
16
17
26
14
21
18
16
26
16
25
15
19
29
19
29
15
21
17
15
18
13
19
23
17
15
28
19
17
20
21
17
16
21
19
21
20
12
21
10
23
16
23
19
14
21
24
23
20
23
14
17
28
15
14
16
18
26
24
19
22
17
20
18
24
12
19
20
23
30
16
17
18
15
13
28
15
24
14
19
30
11
20
21
18
15
13
15
13
24
19
18
12
24
22
18
22
21
7
17
19
16
16
16
13
16
19
28
19
27
19
23
20
18
26
18
33
25
22
15
23
14
20
27
15
21
16
16
22
20
22
21
17
27
34
30
29
18
13
27
20
26
24
27
20
24
20
23
20
20
18
24
20
15
19
22
27
15
14
18
19
29
21
18
24
21
13
14
19
19
11
12
15
24
20
18
11
19
21
10
27
12
19
24
21
20
19
18
20
23
23
19
19
21
18
17
10
21
18
14
18
17
20
19
14
18
17
23
17
19
19
19
17
17
18
17
14
23
16
22
21
11
18
14
15
19
16
21
14
16
15
20
19
21
21
21
31
27
20
23
28
23
22
20
23
29
18
23
23
18
26
14
24
21
15
26
18
22
24
15
14
12
24
22
29
12
24
22
19
11
15
20
22
14
20
21
18
21
19
32
23
17
17
23
15
17
22
18
26
19
20
25
14
11
28
19
23
20
15
14
20
17
20
16
21
19
16
22
18
14
17
22
20
21
13
11
23
16
18
14
20
14
17
19
14
16
15
8
14
14
17
22
13
19
22
13
14
20
14
20
24
19
19
16
22
20
21
16
16
13
15
20
16
18
13
18
14
16
9
17
20
19
14
19
19
25
29
16
21
13
16
20
24
18
16
20
19
18
30
16
21
23
15
14
24
13
17
20
16
18
13
23
20
25
20
24
15
15
19
25
20
16
20
28
20
22
20
21
17
19
15
21
18
18
21
24
15
20
16
18
18
16
19
20
22
20
17
23
23
28
19
17
13
24
19
20
12
16
23
25
23
24
20
22
22
17
18
10
21
19
19
20
22
25
22
16
22
17
13
23
23
25
28
19
28
24
20
22
21
21
17
27
19
18
14
20
12
16
22
26
24
18
14
18
12
15
14
20
26
24
17
15
21
15
16
19
25
20
19
15
22
15
18
20
14
18
14
14
19
13
18
12
17
13
11
13
19
14
12
19
16
16
14
17
13
15
16
17
19
19
9
23
18
20
16
12
15
24
16
22
17
23
16
23
16
22
14
16
20
18
24
18
18
24
17
18
25
20
18
11
19
15
25
25
19
25
15
14
23
28
18
21
20
25
16
20
13
23
21
11
21
20
18
16
14
14
15
21
16
14
16
22
14
20
15
19
12
18
13
17
14
19
15
26
17
18
16
18
13
16
18
19
26
17
19
30
21
23
23
27
13
22
19
19
18
16
20
25
13
20
23
14
22
16
17
10
22
15
21
19
13
16
19
16
20
24
18
17
28
11
16
15
16
16
21
14
16
16
16
21
13
18
16
22
16
21
13
17
17
21
16
13
17
16
15
23
20
10
16
14
11
14
8
12
18
20
13
18
14
17
13
18
26
23
19
13
19
15
20
12
12
17
16
19
13
21
14
26
14
18
14
22
20
16
16
13
8
20
15
18
16
9
16
24
12
25
24
16
25
22
20
16
16
18
26
14
23
18
16
13
17
14
19
14
19
17
23
16
12
20
19
19
20
15
17
16
16
24
26
16
17
14
16
17
13
16
23
13
11
12
20
19
13
16
13
15
21
21
19
14
13
19
27
11
24
12
26
12
26
24
12
12
15
18
18
20
18
14
15
16
11
15
16
8
11
15
18
17
18
9
17
14
22
17
16
14
13
18
15
14
18
21
13
22
16
16
16
13
17
13
19
21
20
16
21
18
12
22
27
29
12
27
21
20
20
15
18
13
10
15
17
14
21
13
20
17
13
17
19
11
14
13
13
19
17
18
18
19
17
19
15
15
31
20
11
12
12
21
12
11
11
14
24
12
15
17
19
11
21
13
23
19
14
16
10
19
19
11
15
8
15
18
17
19
20
11
20
23
23
37
32
26
16
8
24
20
12
16
12
12
16
23
13
24
25
22
28
21
32
21
21
24
14
20
19
13
26
19
16
18
21
18
17
15
14
15
22
19
9
16
17
11
13
19
20
12
21
21
15
11
12
13
12
17
15
16
10
18
14
15
20
18
9
8
19
13
16
5
21
15
14
14
16
17
16
6
28
27
22
19
24
25
17
21
17
9
16
19
7
20
19
11
18
8
15
18
14
16
14
13
10
21
17
16
15
14
15
16
8
15
13
16
8
13
13
17
15
23
21
15
17
25
15
17
16
17
15
17
21
13
16
18
16
14
21
20
13
19
18
22
13
19
18
16
15
13
17
10
16
13
12
16
16
13
13
17
15
16
13
17
16
9
11
15
21
16
16
14
9
16
19
15
22
12
10
15
21
21
15
11
12
19
13
21
13
6
10
15
15
14
12
14
9
15
16
12
17
15
14
19
15
10
15
14
17
19
14
13
16
26
20
22
18
29
20
26
15
19
16
28
23
9
14
23
21
12
16
12
16
9
14
18
16
12
18
9
12
24
12
16
20
18
26
17
25
21
15
21
10
16
18
21
12
18
26
23
17
13
11
13
16
13
14
13
12
15
10
8
10
10
25
23
19
12
9
11
6
11
17
14
18
13
16
22
15
12
25
13
13
14
10
11
11
20
24
19
15
20
10
19
10
14
16
16
15
13
10
13
16
15
14
8
14
14
18
17
13
10
9
21
16
14
12
14
21
12
18
13
15
17
8
11
14
12
12
18
14
20
16
12
9
11
18
16
9
16
13
17
16
21
10
19
16
18
14
11
20
7
20
11
12
17
20
14
10
15
19
14
11
21
13
10
24
8
12
12
14
9
16
8
16
13
9
14
11
13
15
12
15
8
15
12
19
10
16
14
8
7
12
18
12
10
18
16
19
22
14
12
8
16
19
15
11
20
9
11
12
10
15
17
13
15
21
11
13
10
20
19
10
13
17
28
13
19
16
15
16
19
17
17
25
18
25
16
15
16
13
15
14
9
15
22
12
22
21
16
16
24
21
18
20
18
19
18
14
15
15
19
22
14
17
16
12
15
11
19
10
15
13
21
17
12
20
16
8
17
10
16
16
16
13
11
9
13
13
16
12
9
11
10
15
18
16
12
12
10
15
18
15
10
14
10
17
19
13
17
9
10
24
18
19
7
6
15
14
24
5
8
11
14
9
18
11
16
12
11
11
7
13
20
19
20
11
17
16
8
19
7
8
17
19
12
12
18
18
13
13
14
16
15
12
19
15
11
12
16
15
10
12
16
17
16
12
14
11
16
14
10
16
21
11
21
14
18
12
20
17
17
10
16
9
9
8
16
13
12
16
18
13
14
12
18
13
13
10
13
12
13
15
18
13
8
17
16
8
16
20
15
11
9
19
21
10
17
12
16
17
11
22
13
9
15
13
20
18
8
14
20
10
19
16
16
15
8
11
13
15
18
14
16
9
9
11
16
16
12
7
18
14
14
10
14
13
20
21
8
12
11
12
16
12
11
30
16
13
21
17
18
13
15
13
16
22
19
15
18
10
15
12
15
12
10
15
13
10
14
10
12
16
11
8
14
16
9
12
15
14
15
19
15
8
11
12
12
21
16
13
9
18
17
10
17
15
17
4
14
10
13
15
19
10
14
10
11
9
9
13
10
13
12
8
11
9
12
21
9
9
12
13
12
9
14
13
7
13
11
11
13
15
9
11
19
15
10
7
12
11
11
12
10
11
10
9
12
11
18
21
15
14
16
17
18
16
14
13
14
10
19
12
7
13
10
20
12
18
10
18
18
10
13
13
12
11
16
13
16
14
10
16
14
14
9
10
13
8
8
10
14
13
7
13
8
17
15
15
17
13
10
14
16
16
10
11
11
15
14
9
7
10
12
11
9
7
15
18
18
22
14
11
11
12
10
14
20
15
13
16
17
17
18
13
16
13
22
6
14
10
16
17
16
10
17
9
18
12
11
11
14
11
14
14
15
11
11
5
8
16
11
16
14
12
13
18
12
14
18
12
18
10
8
15
17
16
14
14
18
12
11
11
13
14
15
20
15
10
12
18
13
12
13
16
19
8
12
17
16
19
14
9
15
13
14
12
13
13
9
11
12
11
8
10
9
11
12
13
16
9
7
13
9
13
5
15
13
13
8
10
13
9
11
17
12
9
20
8
11
14
13
8
13
11
8
13
8
11
9
17
14
8
10
11
12
6
13
19
15
13
11
11
12
13
16
6
14
7
9
9
10
12
13
17
15
17
12
8
10
14
10
14
15
16
10
16
5
14
11
12
9
19
7
11
9
13
16
16
13
5
14
8
9
16
14
13
10
10
13
15
10
13
16
10
9
5
13
11
12
20
17
12
10
9
16
18
16
21
17
20
21
36
16
25
26
22
20
22
23
12
14
9
5
12
14
12
13
16
17
8
12
10
17
18
11
13
6
12
13
13
14
17
16
18
21
13
15
12
12
13
11
6
14
12
15
9
14
9
13
10
9
18
15
11
13
10
22
18
13
14
14
15
13
7
13
8
5
8
8
12
9
13
7
15
12
11
23
7
15
13
16
16
9
8
9
13
18
6
10
12
17
7
6
11
7
18
12
15
16
10
9
16
7
15
7
8
15
4
8
10
15
8
15
14
8
9
14
14
15
15
10
14
16
14
13
15
15
13
10
15
15
15
11
14
10
14
15
15
13
23
13
15
15
16
18
15
11
7
10
11
12
6
10
8
10
11
14
12
12
11
8
13
18
9
19
11
10
12
13
16
17
12
10
11
14
18
15
21
13
18
11
22
12
15
14
17
14
11
18
11
16
9
13
11
11
13
14
13
15
6
14
9
17
11
6
7
11
8
9
10
12
9
11
14
13
10
14
13
12
11
18
10
19
9
6
17
17
11
9
14
12
16
18
11
22
18
16
19
15
14
13
20
21
7
7
8
7
8
11
13
16
7
12
13
15
9
15
15
12
8
15
12
9
10
7
11
14
14
14
12
13
10
13
5
16
12
17
13
10
12
14
16
10
8
17
12
12
10
11
9
14
10
20
9
11
16
12
13
13
13
9
13
11
11
8
8
10
12
11
10
15
9
15
11
13
23
14
8
17
13
27
17
14
18
17
9
11
16
11
7
12
15
11
16
12
10
6
13
5
8
12
11
9
13
11
14
10
13
7
17
8
12
9
12
12
13
11
17
13
15
11
7
11
17
17
15
6
11
15
12
16
19
16
13
9
6
9
24
10
12
14
11
9
9
8
6
11
10
14
8
10
10
8
9
11
7
17
8
8
15
11
12
14
10
8
12
7
14
6
8
17
10
8
8
17
10
14
15
12
17
7
11
12
13
8
20
16
15
10
15
5
12
7
19
15
11
16
14
10
14
14
8
7
10
6
9
9
7
15
8
10
17
11
9
12
10
9
10
8
16
12
11
11
11
14
14
9
12
12
8
11
13
11
10
19
12
14
9
10
15
14
15
13
23
10
16
7
8
16
11
11
11
19
14
11
13
12
16
8
12
10
15
8
11
5
7
8
9
10
11
11
11
6
15
15
4
8
8
8
17
16
11
15
11
16
8
6
12
15
7
11
7
15
10
10
11
10
19
10
7
6
12
9
11
5
6
9
14
13
13
11
15
16
11
15
14
17
10
9
6
11
8
11
10
9
10
10
8
14
17
15
17
14
12
11
10
12
12
8
11
6
9
13
11
7
8
16
11
17
13
9
6
11
9
6
12
12
11
12
17
14
11
8
13
16
13
5
11
10
13
5
8
13
9
10
15
11
16
12
11
11
9
7
9
10
3
8
12
8
3
9
8
8
9
7
17
10
13
12
10
8
12
8
9
11
7
10
9
9
12
14
8
11
10
9
11
8
7
9
6
15
14
11
17
17
9
8
13
17
18
13
17
18
18
19
21
18
16
20
9
9
10
9
14
11
14
12
12
13
13
10
11
9
8
2
11
9
4
9
7
14
4
9
7
9
8
11
13
11
11
9
21
8
10
10
5
9
10
12
19
9
9
9
12
11
7
8
18
4
8
20
4
4
7
15
9
13
16
6
6
15
5
8
6
11
9
13
9
9
10
12
11
14
7
11
9
12
9
10
16
13
8
13
14
11
5
7
15
8
4
11
5
7
14
15
6
6
9
6
13
11
12
13
13
11
15
13
8
10
13
10
13
12
16
9
10
10
11
12
10
13
14
12
10
8
11
9
13
17
6
13
15
10
12
7
13
13
11
8
22
5
11
10
10
8
12
12
6
12
5
8
9
6
8
7
11
9
6
12
16
7
10
8
15
8
9
6
15
15
6
1
13
5
22
15
8
11
13
6
13
11
9
14
10
7
19
5
10
8
11
10
17
10
9
9
9
10
10
8
6
8
9
15
15
9
10
12
7
11
13
10
6
7
13
11
11
8
7
8
8
11
8
10
9
15
5
6
13
10
7
13
9
11
13
9
13
6
7
9
6
16
7
13
7
14
7
11
14
8
6
13
8
14
7
6
9
10
13
11
11
12
10
7
11
18
13
6
8
8
18
11
8
12
11
14
10
16
8
6
6
11
14
12
8
8
7
11
5
8
3
11
2
10
8
11
8
14
12
9
5
6
10
16
9
6
9
7
17
7
8
10
4
8
12
7
6
4
11
8
12
8
9
10
7
6
10
9
11
11
9
9
11
17
9
6
8
13
9
10
10
4
15
3
8
5
12
9
9
10
11
8
12
13
8
3
11
14
8
15
13
12
11
13
11
7
10
8
15
11
12
10
19
18
12
10
12
13
12
20
13
14
11
7
19
9
8
9
7
10
5
8
14
7
9
2
8
11
10
10
8
6
10
11
10
12
10
8
13
7
12
11
7
14
5
12
11
8
5
4
14
2
7
8
8
8
8
14
5
8
7
8
10
8
10
10
7
11
8
8
17
5
9
6
10
7
15
9
18
13
12
7
10
9
5
15
12
7
9
9
14
10
7
9
12
11
8
10
9
14
14
5
10
9
5
8
11
10
9
6
5
7
7
7
9
13
6
7
11
11
3
8
3
11
9
7
9
8
13
13
4
10
5
8
11
9
9
6
9
6
7
10
11
7
3
9
9
8
9
9
6
10
15
12
11
5
4
13
14
9
7
5
11
8
8
9
13
11
15
8
7
14
9
16
11
8
10
8
7
7
8
9
6
10
4
3
4
14
12
8
7
10
5
5
9
8
11
8
11
8
13
7
13
11
10
7
7
7
7
5
10
15
10
12
6
10
9
10
9
7
12
9
7
15
12
10
13
7
12
7
12
8
6
9
9
12
14
7
8
8
9
8
6
9
4
10
8
8
10
12
11
5
8
6
7
10
7
10
11
9
10
6
6
9
6
15
10
14
17
6
7
8
3
12
13
9
9
14
7
11
11
9
11
13
9
15
10
10
18
12
5
8
10
6
9
18
9
13
12
5
5
9
2
8
4
11
8
15
9
13
10
8
3
14
9
11
17
9
12
16
14
14
7
10
16
13
16
11
10
10
13
15
13
11
17
10
13
13
12
15
7
10
7
9
7
12
6
12
14
6
6
6
14
11
12
10
9
16
5
11
6
8
9
8
10
14
11
14
10
3
15
19
12
12
13
13
16
10
11
11
15
10
9
9
16
10
6
13
10
8
10
9
11
9
10
7
7
11
9
10
11
11
8
12
8
14
11
12
8
11
5
9
8
6
7
9
8
12
6
4
11
7
13
6
7
9
13
10
5
5
8
7
7
11
12
12
12
11
5
6
5
7
10
10
7
8
11
7
8
6
11
8
7
10
5
7
5
11
9
7
5
13
7
8
9
10
9
8
7
10
7
8
12
7
7
9
6
7
6
6
15
7
11
10
4
4
7
10
10
11
8
8
6
12
7
7
5
13
5
10
10
15
11
7
6
7
5
11
6
7
1
6
9
4
7
6
8
11
9
10
11
7
13
14
8
10
12
11
7
8
7
9
10
12
7
9
3
10
4
11
9
3
8
7
7
8
11
11
11
10
8
9
16
8
7
12
7
7
8
4
7
7
15
6
13
11
8
11
6
13
8
12
5
11
12
6
8
8
5
9
10
9
5
9
8
10
22
9
13
16
6
20
12
9
19
6
14
10
14
8
9
7
6
11
9
4
8
10
10
6
11
8
12
7
13
8
11
11
8
14
11
5
5
10
6
9
7
14
13
6
4
12
7
13
5
7
11
7
6
7
8
3
5
9
7
7
14
8
8
12
9
14
7
9
5
7
9
8
7
10
8
8
10
7
11
8
8
15
12
9
11
16
7
10
10
8
7
7
3
5
7
5
10
12
8
6
8
7
10
5
8
6
10
10
9
8
8
5
8
11
7
8
7
9
8
11
6
7
6
9
8
8
7
8
2
9
8
7
11
4
4
5
7
7
6
6
8
6
5
10
5
7
5
6
11
6
9
10
7
5
11
4
5
9
9
5
4
7
4
12
2
10
10
6
9
5
6
9
9
7
9
9
10
10
11
4
16
6
7
10
10
6
5
11
9
10
4
8
6
10
7
7
5
9
9
7
8
8
7
10
14
14
16
4
10
8
14
18
12
17
12
10
6
17
11
12
11
9
10
8
10
5
7
4
6
10
5
8
9
10
6
9
10
8
9
10
6
9
6
6
7
7
5
6
9
7
9
6
9
5
5
6
3
10
10
9
5
11
9
11
7
11
6
12
15
6
5
14
3
12
5
12
7
8
3
5
13
9
7
4
5
5
7
6
2
5
6
13
6
8
7
8
7
2
7
9
11
8
7
13
6
7
6
8
12
10
5
13
5
9
12
12
7
7
9
15
9
12
6
3
7
6
8
12
12
9
10
6
5
5
7
7
9
8
12
12
5
9
12
4
14
7
8
8
6
10
5
5
9
8
6
6
11
5
13
9
5
5
8
8
4
7
7
9
15
9
7
9
8
9
15
5
8
3
8
9
8
8
10
7
9
10
6
4
7
8
6
11
11
14
10
10
7
10
7
6
6
9
3
9
1
8
10
4
6
3
7
6
5
10
10
6
12
9
8
6
5
7
5
7
10
10
16
10
9
3
13
9
7
5
4
7
7
7
7
15
7
7
10
2
10
11
8
13
3
7
6
9
9
7
7
6
10
3
3
12
4
10
11
5
2
7
5
8
11
5
4
5
4
6
8
3
6
7
8
5
5
3
5
6
6
5
12
11
5
7
9
4
7
6
9
9
9
5
10
9
9
4
8
12
3
6
9
6
4
8
7
14
7
7
11
6
7
6
7
4
12
8
6
6
10
6
8
13
6
8
5
5
5
7
5
4
5
7
6
3
6
4
7
5
2
2
4
9
3
4
11
9
7
15
10
5
5
5
9
6
10
10
8
12
9
12
10
5
9
11
5
6
4
7
8
12
12
8
6
5
8
7
8
8
6
3
7
9
2
8
9
3
6
6
2
12
8
6
7
8
4
10
8
5
5
6
6
8
4
5
8
5
6
4
9
6
6
11
10
9
5
5
9
7
5
9
7
6
7
2
12
8
5
3
7
8
8
5
4
7
6
6
12
5
8
9
5
7
8
11
13
7
6
14
18
20
11
8
8
12
8
10
12
11
4
7
6
9
8
5
7
10
8
4
3
5
2
6
5
5
7
8
5
12
6
4
10
4
10
5
4
9
5
8
6
5
8
8
2
6
5
9
7
6
4
8
6
9
12
5
7
7
8
11
6
8
9
6
3
6
8
8
6
10
14
14
9
8
8
6
6
7
8
5
16
4
8
5
6
7
6
7
8
7
5
4
11
7
4
9
7
9
5
10
8
9
3
6
14
5
12
6
7
12
4
10
9
4
12
0
10
5
9
10
6
7
4
8
7
9
9
10
8
6
11
4
8
8
6
12
14
10
12
12
5
5
8
14
10
4
13
4
6
7
7
6
5
7
6
5
3
10
13
5
4
9
10
8
7
11
3
4
5
5
7
3
7
9
1
6
7
4
3
5
5
5
4
4
9
5
5
6
9
8
10
3
6
7
7
8
6
6
4
2
12
7
9
6
6
5
0
2
2
3
12
11
4
6
11
8
4
6
6
5
9
9
3
5
1
6
6
7
12
8
11
5
9
5
2
9
10
5
6
8
6
10
8
9
5
7
2
7
5
10
8
6
6
3
6
6
5
3
6
4
6
6
5
9
6
3
5
3
7
12
4
7
2
4
6
3
4
2
5
6
5
8
4
8
5
6
4
7
3
7
10
5
4
6
8
6
5
3
8
9
4
5
6
5
3
6
7
5
6
6
2
13
12
4
4
8
12
8
6
9
9
6
8
7
5
5
8
7
7
4
11
4
4
12
9
5
6
8
6
7
6
7
5
4
5
7
7
8
9
8
7
8
11
7
7
4
8
3
8
6
3
11
6
8
5
4
8
6
3
8
6
4
12
3
7
10
8
9
8
5
9
4
5
4
4
6
5
5
4
9
4
5
8
5
2
9
6
3
3
2
4
3
5
4
9
6
7
5
5
7
2
4
10
9
8
10
6
6
6
5
11
8
6
4
7
3
7
2
8
7
6
4
7
7
5
5
6
6
8
6
3
3
5
5
5
3
5
5
7
7
5
1
7
7
10
6
2
6
7
5
8
7
4
11
6
15
7
4
4
4
4
3
6
6
7
6
5
5
8
6
8
3
10
5
4
7
3
3
6
6
11
6
3
10
3
6
6
6
4
5
10
7
8
10
6
6
8
9
3
5
7
8
6
8
9
8
2
6
5
5
5
7
6
7
7
6
7
5
8
5
6
7
6
4
11
9
7
3
2
10
9
10
5
12
11
18
15
7
15
13
13
10
8
11
11
4
5
5
5
7
5
2
10
5
6
9
6
2
12
9
2
2
7
5
4
6
12
9
3
8
9
7
6
2
7
2
9
5
2
10
7
6
1
8
9
7
3
5
2
7
4
4
3
5
5
4
6
5
9
7
3
8
9
3
5
6
6
5
7
6
8
4
6
6
7
3
3
8
8
5
1
6
6
3
5
5
4
5
4
7
3
3
5
5
8
2
5
8
6
10
9
4
9
9
9
10
14
10
11
12
10
6
6
12
5
8
10
8
7
4
7
8
7
4
7
1
7
5
7
6
7
3
4
4
9
4
9
6
5
8
5
4
4
4
6
7
5
4
6
5
2
2
3
5
7
5
6
5
3
9
6
11
7
6
7
8
6
11
4
4
6
2
4
6
7
6
5
4
8
2
10
3
10
3
7
6
6
9
5
6
5
2
6
2
5
4
6
2
3
5
7
10
4
3
12
11
6
11
14
18
10
12
8
19
21
17
10
13
10
14
8
4
3
3
8
6
4
5
8
5
4
8
6
5
7
9
5
5
5
6
7
10
7
5
14
8
3
9
9
6
6
9
6
1
8
5
4
5
8
4
6
4
3
8
3
9
6
6
2
5
8
8
3
5
4
4
6
6
5
8
9
8
3
8
9
9
3
3
8
11
6
4
4
9
6
6
5
4
5
7
4
10
9
6
7
3
3
4
5
5
4
5
8
9
7
10
3
6
9
5
2
11
2
5
11
4
5
5
5
5
5
6
2
4
8
4
6
5
8
4
10
7
1
5
7
4
5
12
2
0
9
8
6
5
6
6
5
7
3
6
7
3
4
1
4
6
2
4
4
5
5
7
4
2
5
6
9
3
5
9
2
6
3
4
4
6
7
10
6
6
1
2
5
5
3
6
5
2
7
6
3
6
8
3
5
10
10
4
8
5
3
8
4
6
8
2
5
6
4
3
7
9
4
4
5
1
7
6
2
3
7
6
6
5
7
4
5
1
4
3
4
3
4
8
6
4
4
5
6
2
1
3
3
4
5
4
7
6
8
6
3
4
5
2
10
9
11
8
10
6
11
13
11
10
11
6
8
8
10
8
8
13
10
8
6
8
11
4
4
4
6
6
5
3
4
0
0
3
6
1
6
1
10
6
6
6
4
3
6
7
3
6
3
4
1
6
6
4
2
7
3
3
5
3
3
3
5
1
2
6
3
4
2
3
1
6
8
5
4
6
6
4
6
6
3
2
5
6
4
5
4
5
7
2
8
7
5
7
4
11
3
8
3
9
11
11
12
9
11
4
7
10
8
7
5
6
8
2
4
6
7
8
5
6
3
3
4
9
2
2
5
1
5
7
8
5
4
7
5
2
5
7
9
7
5
12
5
10
5
10
11
10
6
8
5
6
7
3
3
10
5
4
1
4
0
6
3
5
6
5
4
2
3
5
7
2
2
4
3
5
8
2
6
7
6
4
3
4
8
3
2
5
7
6
4
3
4
3
3
3
2
5
6
6
5
3
5
2
5
5
6
2
4
4
2
2
5
5
4
3
5
5
1
1
4
2
6
6
2
1
6
6
5
5
4
6
5
4
3
4
6
5
3
4
9
4
5
4
9
3
5
9
8
7
5
5
6
6
7
4
3
7
5
6
6
9
8
8
2
3
3
6
7
3
5
2
8
3
6
5
7
5
4
2
4
8
4
5
5
1
7
5
5
6
2
6
2
3
4
3
6
3
2
1
5
1
8
10
3
4
4
6
5
5
5
3
3
6
2
2
4
3
4
5
4
3
6
1
2
1
5
4
2
6
5
4
2
2
5
7
5
4
7
3
4
6
5
4
4
4
9
5
3
5
2
4
3
6
2
2
4
4
4
4
3
1
3
6
4
2
4
7
6
6
5
5
10
5
9
2
2
5
4
1
2
7
4
6
7
6
5
7
8
7
4
6
8
2
6
10
6
4
7
2
2
4
5
5
5
2
2
7
3
1
3
6
6
3
2
5
4
5
4
8
5
2
3
3
4
2
1
6
4
6
5
3
4
0
3
8
7
4
5
1
4
4
4
1
5
3
4
6
4
7
2
3
3
6
4
9
5
4
8
6
3
6
9
6
5
1
5
6
7
6
6
8
5
1
9
4
6
7
2
5
3
3
7
3
7
2
4
3
1
0
3
4
3
0
2
6
5
0
2
3
7
4
5
5
2
6
3
3
6
4
5
5
7
4
3
8
7
4
7
6
2
5
4
5
4
5
8
3
8
8
11
10
6
6
7
4
8
4
2
8
1
4
2
4
7
5
1
5
5
4
4
6
4
2
2
4
2
3
2
1
4
8
2
4
2
6
3
6
3
1
4
4
3
3
10
2
5
4
4
6
4
3
6
6
6
8
5
2
1
4
5
2
4
7
8
3
3
1
3
3
4
6
6
5
6
4
5
4
4
1
5
5
5
3
4
7
8
2
3
5
2
10
4
7
6
5
4
10
3
5
6
3
6
9
5
6
6
3
3
7
5
8
2
7
4
4
5
4
2
2
3
6
3
4
3
3
4
0
6
2
1
5
3
2
4
3
4
5
7
2
3
4
6
3
7
2
2
4
3
4
1
2
4
0
3
7
2
5
6
5
3
3
2
3
5
5
4
4
6
5
4
2
0
5
5
5
4
8
6
5
9
9
10
15
8
7
5
9
9
7
10
10
5
7
9
7
10
10
11
10
6
9
10
11
8
4
7
6
3
5
5
3
5
3
2
6
2
7
5
3
3
4
3
3
7
3
5
3
6
5
2
5
3
3
5
4
1
3
4
2
2
3
3
5
1
6
3
4
7
5
1
6
7
5
1
5
3
2
2
4
1
4
2
5
9
8
2
7
5
6
4
3
5
6
5
4
4
2
1
4
4
2
5
6
3
6
2
3
5
0
0
3
5
2
5
3
8
5
1
4
6
2
2
2
3
5
2
4
10
4
6
5
3
6
3
6
2
5
5
7
4
3
4
2
2
3
8
1
2
3
4
4
4
3
7
3
6
9
5
5
2
3
2
4
2
7
3
1
2
1
3
6
7
4
5
2
2
4
5
5
5
6
4
2
3
2
4
7
5
5
9
6
4
17
3
5
2
5
6
1
4
4
9
8
9
3
6
2
4
4
3
0
6
10
3
5
6
3
4
5
2
3
5
6
3
3
1
2
2
3
6
6
5
4
2
5
3
4
4
2
4
2
2
1
6
4
6
5
4
5
4
2
2
0
1
3
6
7
2
2
8
7
4
3
8
5
7
5
4
3
7
4
4
4
1
4
3
4
1
3
4
2
0
4
7
5
4
6
4
4
3
5
1
4
5
4
4
2
0
4
7
5
2
4
3
0
3
2
3
5
5
2
1
4
0
4
4
3
6
2
3
4
5
4
5
2
9
5
5
1
2
6
3
2
4
9
6
2
6
3
1
1
2
4
4
3
2
4
4
8
3
3
4
2
6
5
1
2
5
3
5
5
5
3
1
7
5
0
4
5
4
4
2
1
6
2
4
4
2
5
4
6
1
3
2
2
3
8
7
3
4
6
2
3
5
5
3
6
0
6
3
3
4
4
6
2
1
4
2
5
3
4
7
7
4
3
4
2
2
5
2
4
2
4
3
4
1
5
0
3
5
3
2
4
2
2
8
5
3
2
4
5
3
4
1
3
3
6
8
1
1
4
2
4
3
2
3
2
3
1
6
2
4
1
5
2
3
5
6
5
3
3
3
4
3
4
1
8
3
6
7
1
6
2
1
3
2
3
0
5
4
1
6
2
6
9
5
5
5
10
4
2
3
5
4
2
4
5
4
4
4
3
4
2
6
2
8
5
5
7
8
2
5
4
2
6
2
3
5
6
2
1
4
2
6
3
3
3
3
4
1
4
2
4
5
2
4
2
3
3
4
4
2
0
5
3
4
3
2
7
5
4
0
6
5
4
4
3
2
4
5
4
1
5
5
1
5
5
2
1
1
4
7
3
2
3
5
2
3
10
5
5
3
1
5
4
5
7
4
6
3
3
4
5
6
5
3
2
5
3
8
5
4
2
5
2
6
5
4
5
3
6
3
4
2
2
4
4
1
5
5
5
5
2
7
1
1
4
6
5
3
5
2
1
2
8
5
3
7
3
1
3
4
3
6
6
5
1
3
2
0
6
6
3
0
5
1
0
1
1
1
6
3
2
2
6
4
4
1
4
3
2
2
5
3
3
4
7
4
1
6
3
5
1
7
3
2
3
6
3
6
3
1
4
2
4
1
1
6
2
3
5
1
3
1
0
2
7
4
6
1
3
2
2
6
4
1
1
3
2
5
1
4
4
6
2
6
1
3
3
3
4
1
3
5
5
2
3
2
2
6
4
3
1
1
4
5
4
6
1
4
4
3
1
2
7
2
5
4
4
4
2
2
5
2
2
3
5
5
4
4
4
4
2
2
3
7
3
6
3
2
5
4
4
6
9
3
3
2
2
6
5
2
1
4
0
1
0
5
7
4
1
4
4
6
1
5
3
1
5
3
3
7
3
4
2
4
1
2
7
6
2
1
5
1
6
4
8
1
3
5
2
0
3
4
4
8
2
1
2
4
0
4
6
3
2
6
3
4
6
3
1
3
6
2
4
2
2
3
6
3
6
1
7
3
3
1
1
5
5
1
4
3
4
4
5
3
4
2
3
0
2
5
3
6
2
10
3
4
4
5
3
4
7
4
6
2
6
6
3
3
2
3
5
2
0
3
4
0
5
2
2
3
5
4
3
2
7
6
4
3
6
5
6
9
4
9
5
4
10
5
2
0
7
2
2
4
3
5
6
2
2
1
3
5
4
0
6
2
3
4
2
1
3
5
4
0
3
6
5
3
4
4
2
5
2
1
1
2
1
3
3
0
2
4
1
4
3
3
5
3
2
5
1
0
7
1
1
6
2
2
2
5
3
7
4
2
2
3
3
2
4
3
3
4
1
5
2
1
8
2
3
5
1
3
4
6
1
2
3
5
4
5
1
1
5
2
1
4
2
3
2
6
0
2
3
0
4
5
3
2
1
2
6
3
2
2
3
2
2
2
4
2
2
2
5
1
1
1
1
2
4
4
7
3
2
2
4
4
3
4
1
7
1
3
1
1
3
4
4
4
4
3
4
3
5
3
2
1
6
3
1
3
2
1
7
1
2
0
5
3
3
5
1
2
5
2
4
3
4
4
2
3
6
5
5
4
3
5
2
4
1
3
5
6
3
1
3
3
1
2
3
2
3
2
6
1
2
3
4
2
3
3
3
3
4
3
5
3
6
2
3
2
1
1
3
2
7
3
4
1
4
2
6
2
2
4
3
0
2
2
5
3
2
0
5
1
0
3
5
2
2
3
3
7
2
2
2
1
5
6
3
2
4
4
1
4
3
2
3
1
0
3
5
5
5
2
3
4
4
3
2
3
5
3
5
3
7
6
3
5
2
2
3
7
1
2
1
0
3
2
2
2
3
3
1
1
2
2
1
5
2
2
3
3
5
2
1
3
4
3
5
2
3
5
5
2
5
2
2
4
1
4
2
4
7
0
1
2
3
3
2
2
4
4
4
2
6
3
5
3
2
1
1
2
3
3
2
2
4
3
6
5
5
4
2
2
3
2
4
1
3
3
5
1
3
1
3
2
2
4
3
3
3
4
2
6
1
1
4
5
2
2
5
2
2
1
6
1
4
2
3
5
7
2
1
3
3
4
3
1
3
1
3
4
3
4
1
5
1
1
2
6
3
3
0
7
1
1
1
3
3
3
0
1
4
1
1
3
3
3
2
5
6
1
2
3
0
2
2
2
4
3
5
1
2
6
2
5
2
5
2
1
4
1
1
2
2
4
2
2
2
5
4
2
1
3
3
4
1
4
4
1
5
5
4
1
2
1
6
6
1
2
2
3
4
6
0
4
2
1
2
5
5
1
0
1
0
2
2
4
3
4
2
4
6
2
2
5
5
4
2
2
4
3
1
5
5
3
2
1
2
3
4
8
4
6
3
3
2
1
3
2
3
3
2
5
1
3
5
3
6
3
5
2
2
4
5
1
0
0
5
1
5
4
3
2
5
4
0
1
5
5
2
1
0
2
4
1
3
0
5
2
4
3
1
5
2
3
4
5
4
3
4
1
6
2
2
3
2
7
2
2
3
2
6
5
2
5
6
1
5
2
7
2
3
4
4
5
6
3
5
3
1
3
3
4
3
8
3
2
1
6
1
5
3
1
1
1
1
5
5
3
3
5
1
1
4
3
3
5
6
2
2
2
4
2
4
4
3
5
6
4
4
4
2
5
5
4
1
4
5
3
8
6
2
4
5
4
4
3
4
2
1
4
2
4
1
2
4
0
1
2
4
2
2
4
2
5
3
1
3
3
5
0
1
5
3
3
4
4
1
4
4
4
2
3
3
2
1
1
1
1
0
7
3
3
1
2
2
3
2
3
3
3
2
3
6
4
4
4
1
1
1
1
2
3
3
3
2
2
3
0
3
3
0
0
6
4
5
0
3
5
2
1
3
2
0
1
1
1
1
0
3
2
3
4
2
1
2
8
2
6
2
4
7
4
3
2
8
3
2
2
5
7
6
4
4
5
5
3
2
3
2
2
3
4
4
5
2
3
2
4
2
4
2
1
5
5
2
2
1
1
3
4
6
2
1
4
2
7
3
2
1
3
1
3
2
1
2
3
6
1
3
1
4
1
3
2
2
1
4
1
2
5
1
1
4
3
1
3
5
4
3
1
0
4
0
3
2
6
4
4
1
4
3
4
3
1
3
4
5
2
2
1
4
5
1
3
4
1
1
2
2
4
4
4
1
0
4
2
2
2
2
1
3
5
1
3
2
2
3
1
4
4
2
6
1
4
5
2
2
6
3
4
3
5
8
6
4
5
5
2
6
3
0
8
3
3
1
1
4
4
1
1
2
1
3
4
1
3
1
0
6
2
1
1
4
1
4
5
1
0
1
2
5
1
2
3
1
1
3
2
4
1
3
1
4
1
2
2
0
2
1
3
2
3
4
4
2
7
4
3
2
3
4
3
1
4
4
3
1
3
3
2
0
4
6
2
3
2
1
2
2
0
4
4
2
4
5
1
3
4
4
3
3
4
1
0
3
4
4
3
2
1
0
0
0
0
2
2
5
6
4
1
1
1
0
2
2
3
1
1
1
4
2
3
2
2
4
6
3
2
6
3
4
4
4
1
2
4
1
1
3
4
1
2
4
2
3
2
2
0
3
0
2
3
3
1
3
4
2
4
4
4
3
2
1
2
7
3
2
4
0
1
4
1
2
3
3
3
2
3
2
0
1
5
4
2
1
3
3
3
3
3
1
3
1
1
1
4
2
1
1
2
2
2
3
1
5
0
3
0
1
2
2
0
4
0
1
3
5
4
3
1
1
4
3
4
2
2
3
5
3
1
1
1
4
3
2
2
3
2
0
2
1
2
3
2
1
0
4
4
2
4
4
1
2
2
1
4
1
1
3
5
3
3
2
5
0
2
2
1
0
1
2
2
4
1
2
1
1
1
3
2
3
2
1
2
2
3
1
3
2
2
2
3
2
4
2
1
3
3
3
1
0
2
1
2
5
2
2
0
2
2
0
3
7
5
2
5
0
4
1
1
4
0
2
2
3
4
1
5
3
3
2
1
7
1
4
3
1
2
2
0
2
1
5
2
4
3
5
2
3
5
4
3
4
3
1
3
1
1
5
5
4
3
5
4
2
4
4
5
1
6
3
3
0
0
$ENER_FIT:
0.3734 0.194568 6.573033e-09
$MCA_CAL:
3
0.3734 0.194568 6.573033e-09
$SHAPE_CAL:
3
0.0000 1.000000e+00 0.000000e+00
$ENDRECORD:
