$SPEC_ID:
Shot 104
$MEAS_TIM:
276.00000 315.00000
$DATE_MEA:
08/26/2021 12:27:31
$DATA:
0 16383
0
0
0
0
0
0
0
0
0
0
0
0
0
0
0
0
0
0
0
0
0
0
0
0
0
0
0
0
0
0
0
0
0
0
0
0
0
0
0
0
0
0
0
0
0
0
0
0
0
0
767
755
744
711
649
680
680
668
663
671
623
646
634
639
625
584
599
603
536
578
558
545
539
529
547
501
555
492
498
514
508
527
510
518
516
456
480
491
505
449
433
429
426
463
476
436
427
450
434
434
458
441
418
362
403
416
390
446
409
462
409
414
375
439
421
385
377
388
340
417
364
392
357
409
382
368
341
357
394
361
376
365
364
341
368
352
350
329
338
335
341
356
351
311
344
337
357
352
315
312
334
337
341
336
333
315
317
337
304
317
339
319
300
289
330
279
291
311
317
293
295
295
333
317
316
337
303
321
337
320
301
314
317
290
277
292
275
328
279
274
289
274
297
302
265
266
294
297
310
299
279
308
275
265
288
315
280
263
280
282
268
274
290
308
286
254
261
259
281
266
244
258
251
279
248
291
262
269
269
267
253
255
234
258
255
289
275
243
296
268
250
262
271
270
248
256
257
239
276
274
275
249
257
269
248
259
246
254
233
272
232
254
264
228
232
248
247
248
218
246
218
222
231
228
229
265
244
250
223
251
234
253
264
257
249
242
228
247
250
245
248
242
249
254
244
243
235
217
237
233
233
226
241
245
235
256
265
206
209
235
222
220
249
265
261
235
224
228
262
285
306
296
267
248
228
244
260
270
225
259
235
240
246
239
259
236
229
250
247
227
247
236
240
268
213
244
275
252
276
350
454
592
638
525
425
365
364
400
429
358
326
286
304
239
212
237
215
232
236
265
225
225
258
217
235
254
219
221
233
225
252
241
224
251
262
255
244
231
232
216
254
279
318
321
312
275
249
283
278
284
263
253
227
231
234
243
258
324
309
289
269
249
240
285
240
249
245
233
276
250
260
267
244
248
242
255
278
303
276
274
234
240
252
259
236
290
356
409
410
363
257
285
249
241
236
278
259
210
236
268
242
212
235
229
217
218
239
231
193
198
208
215
256
257
282
284
301
265
255
236
256
237
256
229
266
272
307
355
496
516
571
420
321
277
259
258
227
250
253
210
223
222
222
230
250
237
255
279
353
469
553
579
447
411
330
294
317
300
254
260
235
245
213
242
229
202
221
233
234
247
246
246
219
236
253
259
245
273
306
358
442
420
344
331
313
286
273
254
272
246
259
254
243
230
229
226
194
215
230
202
213
246
262
280
292
272
299
297
266
253
241
233
232
216
216
223
223
214
237
225
236
239
232
222
275
251
228
274
240
220
228
231
227
235
254
238
232
249
261
274
229
236
241
227
237
232
237
231
293
272
223
228
227
226
276
278
264
273
264
267
234
223
227
228
240
242
199
231
221
220
283
325
313
276
255
272
231
220
239
186
209
236
194
215
183
173
199
230
207
212
216
196
216
222
214
234
207
184
197
184
223
241
217
240
239
244
239
234
220
204
225
208
192
226
204
243
243
246
231
259
236
229
187
228
227
228
224
196
192
194
209
225
201
222
236
227
210
221
208
223
234
228
216
266
264
306
356
441
420
383
331
303
337
483
617
820
809
760
578
467
341
297
274
229
249
228
218
212
216
236
276
281
249
249
183
219
180
196
227
214
212
234
232
251
246
236
218
213
193
186
209
213
231
239
233
207
215
198
192
211
225
250
219
255
209
232
264
286
317
299
245
231
209
216
219
262
254
283
275
300
258
300
331
309
310
236
211
213
193
165
195
190
183
180
210
203
210
201
200
197
217
202
182
182
189
180
176
195
192
201
221
219
279
267
292
232
250
252
219
232
193
200
239
205
186
262
301
311
317
317
272
218
254
250
236
205
207
194
214
191
154
201
196
200
191
225
201
177
165
203
196
195
184
213
219
213
280
257
251
256
250
271
207
210
210
181
180
180
198
200
174
237
268
328
336
305
259
250
179
187
181
207
177
172
191
171
191
165
171
203
164
181
186
200
240
285
289
258
247
213
185
205
233
247
286
363
337
380
379
341
287
286
199
172
184
204
194
217
198
193
205
173
198
210
230
196
180
209
156
167
172
167
195
189
187
210
273
243
254
237
216
200
214
195
199
251
261
223
192
194
178
201
174
171
210
185
172
187
200
174
174
162
189
185
157
173
172
171
162
177
169
157
172
183
159
173
191
191
183
162
169
175
188
232
283
372
380
371
312
204
207
213
238
296
389
426
410
389
315
260
179
186
154
156
162
194
177
170
175
162
167
156
184
168
190
235
187
205
187
200
203
233
213
206
240
187
188
168
181
185
175
158
198
163
171
170
155
161
175
152
169
169
175
157
167
186
165
169
138
163
162
164
139
171
175
167
152
151
141
125
148
172
146
151
148
154
185
182
163
172
175
166
177
180
189
201
191
185
158
169
152
150
150
164
165
176
220
285
311
326
343
335
327
302
351
388
305
286
223
220
181
165
166
174
164
186
176
197
189
154
193
179
142
168
162
162
158
146
180
153
151
180
168
172
181
170
206
232
349
480
619
673
686
574
472
366
278
173
197
183
154
186
152
162
159
158
189
145
153
164
135
153
162
154
136
147
148
163
155
167
157
140
151
151
163
199
193
178
185
187
166
150
152
152
135
155
154
148
145
160
177
181
206
181
199
204
194
169
181
167
176
134
148
132
164
160
185
189
179
204
209
197
148
162
145
139
138
154
154
154
135
127
136
127
140
119
141
136
153
142
130
139
146
125
136
155
179
133
146
135
123
153
153
162
144
157
153
145
137
137
129
125
117
153
153
140
133
142
143
158
135
144
159
158
156
159
142
142
158
158
127
116
121
127
150
140
128
125
153
136
131
137
162
191
221
204
222
220
178
147
181
127
110
152
125
156
135
154
165
202
222
212
260
334
380
342
286
262
147
151
137
143
149
155
160
144
166
122
169
161
160
159
162
150
154
140
165
197
204
251
235
212
190
166
140
152
124
116
114
125
141
138
170
192
253
261
294
231
205
196
164
164
157
173
176
165
165
154
139
139
125
134
124
150
139
131
121
132
131
140
121
120
119
152
127
152
149
151
139
141
128
142
135
133
132
132
122
140
159
144
163
141
124
131
135
125
141
139
187
206
219
247
261
282
328
327
308
262
211
176
107
123
132
123
129
149
149
123
136
136
128
138
135
133
138
137
148
155
127
155
135
135
189
179
196
217
239
244
229
219
238
228
200
168
201
158
177
187
174
143
124
125
117
113
106
119
96
106
110
132
135
120
139
131
130
101
109
114
115
103
121
117
130
107
140
111
120
117
139
139
141
147
135
141
125
121
139
123
107
104
111
116
125
121
108
123
108
125
126
114
106
124
139
153
171
209
209
189
194
169
172
181
172
174
198
215
207
229
197
168
136
141
129
145
132
131
142
140
132
129
119
143
128
147
135
167
158
187
219
221
246
283
268
266
206
202
141
164
128
128
125
106
129
131
111
126
104
117
119
123
112
128
113
135
123
141
182
228
242
244
201
202
164
147
155
122
128
141
148
188
193
204
184
175
163
137
131
107
104
105
131
150
219
268
289
335
293
224
132
118
106
115
142
128
108
122
110
113
112
115
107
110
116
115
109
113
132
136
162
202
231
259
228
195
166
140
120
91
108
117
127
123
131
126
126
117
115
119
103
116
108
127
143
153
197
199
220
179
167
119
101
110
116
95
115
86
95
94
103
119
115
101
96
117
100
98
115
106
106
113
127
154
130
131
99
120
109
107
97
98
88
99
99
118
100
111
114
106
118
126
89
105
89
106
105
117
137
149
140
127
120
118
107
111
90
92
115
103
117
96
109
110
107
97
102
119
107
124
95
115
137
137
120
108
147
149
169
171
142
146
115
127
130
129
105
122
104
114
112
103
109
109
114
122
109
110
106
92
109
104
80
96
98
88
95
112
93
110
97
112
116
108
90
97
143
147
149
157
148
113
130
107
112
117
97
85
100
94
123
104
123
132
158
163
153
141
139
108
137
146
155
173
179
165
189
209
247
272
242
247
189
144
122
100
88
98
100
107
83
85
85
98
87
99
97
93
95
97
100
106
108
124
125
123
110
107
123
121
110
102
103
84
104
90
77
85
98
108
83
101
94
97
104
105
114
96
115
133
118
115
115
104
124
152
151
189
221
258
237
195
171
121
122
100
97
84
98
98
108
83
81
69
88
98
80
84
92
98
88
91
82
79
99
104
94
102
106
107
126
112
107
86
98
104
85
107
103
77
62
96
92
109
88
91
99
91
89
107
113
88
115
90
98
89
95
90
76
95
100
97
67
93
74
80
81
90
71
85
100
96
103
64
104
81
93
80
106
108
110
97
98
110
96
102
96
93
87
86
95
92
125
96
90
99
89
87
98
83
82
76
83
82
98
68
114
88
86
98
80
93
79
74
87
93
108
96
132
112
126
130
126
95
97
92
107
86
104
80
92
108
71
92
93
79
84
87
99
85
82
90
71
70
76
74
77
119
93
82
101
96
108
141
132
112
131
131
120
105
93
106
86
80
87
95
83
67
85
93
90
80
86
93
70
65
98
89
109
111
145
156
141
139
124
127
107
91
109
87
84
66
69
85
89
92
88
141
196
273
343
446
464
395
321
261
163
116
105
97
87
70
80
90
107
110
127
134
130
145
101
114
108
90
100
92
90
79
78
96
79
92
100
91
102
98
89
95
99
82
71
93
94
82
77
89
83
80
83
99
102
138
192
210
248
198
169
162
105
100
88
92
90
98
101
92
118
119
109
106
80
79
79
92
77
69
97
89
77
74
69
92
84
84
75
85
83
85
86
67
81
63
92
85
83
78
78
80
74
70
80
68
82
85
81
95
93
83
92
97
81
85
102
65
76
83
73
66
75
82
68
75
98
78
104
103
88
92
86
87
94
83
78
93
97
112
123
127
128
143
137
118
84
109
105
73
93
70
76
68
77
91
78
98
70
72
76
66
65
72
88
88
69
72
74
70
78
75
105
102
107
108
120
124
91
96
97
99
112
95
115
99
111
93
123
90
93
91
94
99
98
92
95
109
130
117
116
101
111
87
86
86
78
83
77
74
79
81
70
83
84
66
85
80
99
78
87
102
84
112
92
91
93
79
99
89
93
90
75
89
68
82
58
81
65
70
69
82
69
73
68
78
73
65
78
67
64
77
82
72
71
81
96
72
88
99
79
96
107
88
78
84
68
64
90
75
61
78
75
81
93
109
129
127
135
95
91
101
92
86
78
84
92
80
88
93
84
65
70
80
79
111
82
97
97
78
82
87
94
113
150
118
113
97
84
67
78
55
71
74
70
70
70
74
69
91
72
60
70
87
67
82
71
62
74
71
75
74
70
84
108
91
83
73
80
102
95
95
96
82
90
84
70
78
70
71
76
72
77
87
83
95
77
88
111
85
116
90
107
103
107
87
102
80
91
108
100
84
80
103
89
92
72
77
93
69
70
76
73
77
73
78
71
70
62
73
73
61
69
68
72
72
73
61
68
82
68
86
82
70
84
80
89
88
80
64
84
72
49
57
50
53
62
74
66
60
54
63
63
67
51
67
73
62
76
76
76
85
61
59
63
72
71
62
69
76
62
62
76
72
84
62
75
66
46
79
78
91
67
66
83
55
67
79
45
69
74
50
77
67
64
55
82
73
54
55
68
63
66
50
69
74
66
57
69
69
66
54
59
58
77
87
92
81
97
91
83
85
77
76
74
65
61
71
64
69
51
57
57
61
59
51
65
63
54
61
59
62
62
59
49
51
64
58
62
56
72
74
68
54
63
70
71
63
65
65
73
75
59
73
78
60
67
63
71
76
71
70
76
66
91
68
68
63
81
64
83
103
113
138
122
131
119
115
89
89
97
82
66
98
101
72
90
74
80
75
65
75
69
62
78
68
78
90
101
91
84
132
150
126
190
159
182
226
210
204
195
212
173
189
180
166
169
153
131
125
90
122
101
84
93
99
72
93
94
102
73
110
99
80
95
86
81
68
62
61
70
70
77
69
74
64
63
71
59
62
71
69
94
56
69
62
70
50
64
56
75
59
64
65
49
51
72
63
47
66
70
63
70
67
63
56
56
63
59
56
61
73
68
62
62
65
56
69
45
58
61
59
64
62
69
60
97
93
93
84
87
88
74
80
100
114
105
105
106
90
110
85
70
83
60
52
62
68
55
52
65
63
59
60
59
59
64
63
69
58
70
89
116
146
153
167
170
151
139
102
87
71
62
63
54
74
63
50
55
59
78
68
69
62
68
80
65
57
69
90
79
86
99
145
162
162
180
148
96
95
79
66
59
62
66
61
64
69
70
63
57
58
50
81
69
83
59
72
62
77
82
70
81
73
56
67
57
63
65
62
58
66
74
67
77
68
47
53
59
48
55
56
45
64
61
62
53
64
45
52
54
39
66
51
53
66
45
48
52
63
63
68
59
50
84
69
74
84
81
91
78
66
66
68
69
84
71
72
67
67
63
73
59
50
47
47
65
56
55
56
63
58
71
60
49
55
63
60
65
66
53
74
63
78
86
72
95
92
72
89
64
69
65
62
46
45
63
52
68
47
59
59
65
65
65
60
45
56
53
52
47
57
45
48
49
55
45
57
59
64
66
71
60
65
53
54
53
60
58
52
60
50
64
59
52
44
46
53
47
53
54
55
46
38
42
62
62
45
55
45
51
44
49
59
47
64
59
55
60
48
70
49
64
64
81
74
80
74
75
67
62
71
68
66
47
56
56
57
60
47
47
52
60
56
66
60
56
49
67
60
73
63
73
68
55
66
65
53
52
60
71
74
75
56
62
47
65
56
52
45
67
46
51
50
52
69
61
62
59
65
73
93
96
132
142
187
210
217
173
211
157
128
114
89
49
54
59
58
75
52
59
62
46
57
64
83
52
58
56
49
63
67
66
55
57
59
46
55
50
39
50
61
52
61
57
51
41
63
55
59
63
55
67
53
51
62
51
74
63
57
55
51
69
87
111
136
202
273
333
351
355
301
226
180
127
127
104
100
88
85
64
65
63
59
71
67
51
69
55
58
65
45
41
57
52
49
49
65
66
47
64
72
56
64
64
79
68
60
60
43
47
62
54
42
57
53
38
64
58
47
77
61
76
53
58
62
67
74
49
50
46
52
49
49
61
57
51
38
41
44
52
50
63
60
59
64
56
72
53
45
61
52
46
59
54
62
59
57
49
50
63
59
80
64
55
72
61
72
83
70
93
78
58
53
52
62
59
54
51
40
54
48
50
56
50
58
40
59
40
39
47
50
48
44
54
55
58
66
53
53
55
51
57
51
50
41
39
53
54
44
43
62
46
52
60
59
58
63
57
56
56
43
69
60
52
55
47
49
47
61
57
59
41
38
47
43
49
56
53
59
65
54
48
48
67
42
49
53
54
40
51
59
45
44
52
54
49
47
58
44
52
51
42
45
49
47
73
61
71
80
70
83
68
59
60
75
63
54
59
44
53
42
61
63
61
59
84
83
83
69
83
87
66
72
66
57
44
47
62
62
48
63
77
62
52
49
53
48
59
40
39
27
50
47
59
36
67
42
45
47
55
45
55
39
55
40
64
49
60
57
54
65
48
65
58
53
65
62
65
57
49
63
52
42
45
60
59
49
53
48
50
42
58
75
60
60
70
73
67
61
57
54
34
49
44
51
39
60
54
45
42
42
45
39
50
33
35
42
45
42
48
48
48
45
37
54
55
44
46
37
43
40
35
44
53
60
61
55
40
53
60
48
55
56
65
55
55
43
48
51
54
55
41
44
56
42
43
38
45
40
48
35
48
50
52
48
40
37
49
52
38
49
47
54
43
52
48
44
46
55
40
45
57
43
47
45
63
35
50
37
35
49
52
49
50
37
43
44
35
52
36
41
35
52
29
49
40
36
39
52
43
36
39
39
43
37
33
35
59
50
28
51
53
43
47
44
49
48
49
47
51
68
57
68
73
108
94
107
103
94
105
78
62
54
52
60
56
54
58
48
54
51
45
35
43
48
34
38
42
34
46
43
49
47
49
49
50
61
57
58
55
41
41
54
53
57
49
37
56
33
46
41
58
45
55
52
41
74
67
56
84
89
116
134
141
164
141
154
111
106
70
66
47
47
45
57
45
50
29
39
25
50
41
50
47
52
44
29
59
44
39
46
51
43
40
45
41
55
46
44
62
56
51
49
52
47
48
39
36
52
49
45
50
52
36
60
46
48
42
43
43
40
49
54
51
52
54
42
55
45
60
68
68
65
79
84
76
50
49
47
48
40
36
37
57
39
43
48
52
50
50
42
38
39
35
42
44
36
45
30
35
48
34
41
40
41
38
38
30
49
39
51
45
31
40
53
48
49
58
51
59
53
58
57
45
59
47
34
52
49
46
54
48
42
42
43
33
55
57
47
64
74
105
114
133
145
132
138
102
80
73
48
36
49
52
37
35
54
54
49
41
52
35
34
41
40
45
31
47
37
40
42
31
39
30
29
35
40
38
48
38
37
45
33
49
43
55
33
53
46
48
51
45
46
38
42
43
50
61
65
63
55
49
55
60
71
33
60
37
45
39
45
34
44
45
45
31
43
47
42
49
51
53
53
39
42
37
36
41
59
38
40
30
34
45
37
48
59
49
73
81
78
67
87
66
66
53
35
32
37
48
53
38
34
40
53
47
41
39
29
51
32
37
44
38
30
30
41
35
38
35
38
45
42
52
39
48
44
42
46
36
37
47
36
33
39
31
39
32
35
45
42
45
55
41
33
52
41
38
46
40
44
31
47
47
43
41
37
32
36
38
28
44
34
29
30
36
41
37
37
45
34
41
41
42
38
47
42
40
44
49
37
56
32
32
38
48
38
38
32
33
38
30
37
46
47
40
38
36
40
44
40
45
47
47
43
36
34
39
36
36
44
51
52
50
61
65
67
53
55
46
59
37
39
37
45
55
46
39
50
38
29
32
33
40
35
35
31
33
44
37
37
43
37
50
38
36
47
37
56
38
48
40
49
61
47
45
58
48
60
44
48
38
34
37
39
50
29
34
37
54
44
40
40
33
38
42
46
43
42
58
58
59
61
57
49
37
37
37
42
38
38
33
38
43
45
36
40
37
36
34
36
37
36
39
48
45
44
30
38
41
38
61
40
48
52
58
87
72
77
56
76
56
69
48
41
55
38
38
47
45
34
36
42
35
41
39
32
40
38
39
44
37
34
39
55
37
54
63
68
62
61
52
49
44
41
37
30
30
44
23
42
29
35
31
31
37
42
33
43
35
36
56
40
51
67
63
65
65
69
48
48
65
39
36
38
42
32
32
30
35
42
40
36
41
49
39
46
27
27
35
36
33
41
38
34
47
54
42
44
66
62
72
72
66
56
69
46
39
37
41
43
37
38
46
27
52
33
41
36
37
30
38
39
36
27
33
37
33
37
37
32
30
36
29
38
39
28
42
33
44
38
37
34
38
35
49
39
33
29
36
27
38
37
35
38
48
53
51
56
65
56
55
63
54
47
36
31
45
24
37
39
28
28
42
37
37
40
26
41
43
38
31
30
24
30
33
28
28
29
35
26
27
36
24
31
45
34
41
32
41
39
35
38
35
29
33
36
35
35
52
35
37
45
34
29
24
38
28
30
22
25
34
18
36
22
33
31
26
29
41
47
42
68
79
78
86
68
66
74
47
40
33
39
31
33
32
27
28
34
39
44
31
37
30
31
41
25
31
48
42
37
40
57
57
56
41
42
31
32
49
37
39
39
57
41
67
61
64
71
61
45
53
40
35
27
32
47
31
40
36
46
38
35
45
51
30
45
44
39
58
41
59
74
60
57
67
70
32
47
44
38
41
58
50
51
69
54
50
60
46
48
37
35
29
17
42
34
36
29
31
24
39
29
25
32
25
24
36
26
45
41
29
40
29
48
36
34
49
36
48
30
33
49
41
28
29
39
20
33
30
28
39
28
32
35
41
32
35
31
36
36
35
32
39
32
27
35
38
30
26
33
21
36
24
30
39
28
32
23
22
32
19
22
37
43
40
24
31
34
29
29
30
33
34
29
38
34
31
27
29
34
41
29
31
23
25
39
36
28
25
26
43
29
27
31
33
30
24
39
28
37
39
37
46
43
48
31
37
37
37
29
42
40
33
30
30
28
36
28
41
32
37
29
33
36
36
31
42
36
54
51
51
81
68
68
55
65
49
37
40
52
30
32
34
20
31
41
26
42
32
36
40
37
27
25
43
34
39
33
31
29
37
28
35
26
25
23
28
27
36
34
34
35
49
43
54
42
40
49
47
51
49
46
41
26
32
35
35
35
29
25
31
47
56
69
65
54
58
63
58
57
53
29
32
28
28
32
30
43
33
40
26
29
32
33
26
32
35
39
35
27
42
41
46
36
43
43
34
36
40
45
47
47
39
41
33
35
39
34
32
41
27
41
29
41
37
35
39
42
60
45
41
41
34
35
41
32
35
32
35
35
27
30
30
29
31
30
31
41
28
32
37
29
40
28
40
43
34
26
24
19
36
34
31
29
26
29
27
34
33
25
40
34
28
35
33
55
42
44
62
41
42
47
46
46
39
43
40
29
33
39
36
36
35
45
37
28
39
43
47
48
53
36
39
37
37
27
54
29
36
48
50
37
40
35
24
40
26
38
41
35
34
27
29
27
28
35
39
37
53
34
65
75
84
82
54
59
52
44
38
33
25
32
22
29
27
31
24
36
34
26
34
23
18
32
19
35
27
30
28
24
40
33
36
31
38
39
47
36
38
35
35
42
33
42
32
27
36
31
31
33
27
39
30
27
34
26
32
33
33
40
34
30
29
32
24
31
23
31
27
37
27
37
36
39
45
35
47
54
43
30
44
37
36
30
29
26
38
26
29
21
26
19
28
31
32
24
24
28
29
33
26
22
29
15
41
29
25
30
24
35
24
22
34
21
24
27
30
33
31
41
24
28
38
38
35
41
46
51
52
52
42
57
44
34
31
31
35
31
33
25
26
26
19
36
28
26
41
30
33
31
30
34
37
35
46
30
40
34
47
35
34
24
34
37
34
28
25
41
34
33
30
29
26
31
37
28
44
41
30
42
52
49
51
57
33
42
39
29
32
28
22
30
26
27
20
27
29
28
26
29
25
20
34
29
23
29
38
24
33
36
20
24
29
18
28
24
26
30
23
24
35
30
30
22
33
23
33
21
18
22
18
28
29
28
30
33
35
23
25
27
22
21
23
32
21
18
26
25
24
31
31
23
30
27
24
26
26
30
34
36
30
32
41
34
40
26
35
32
29
31
39
37
33
32
37
25
36
41
37
32
30
44
55
77
74
103
111
135
129
106
83
76
62
53
35
39
28
34
28
37
27
28
41
25
18
28
23
25
28
35
34
30
30
30
35
30
48
37
37
42
28
32
24
32
34
39
26
28
26
29
36
28
22
19
27
23
34
33
27
28
31
27
28
27
33
31
41
35
32
40
27
35
35
21
37
25
36
27
23
37
33
28
40
34
45
40
50
30
31
35
28
28
24
28
36
39
29
31
38
46
31
30
33
26
26
28
29
32
22
35
29
22
28
20
27
24
31
18
28
33
30
28
33
17
19
30
28
23
20
27
20
26
37
30
34
25
20
26
22
35
35
21
38
32
39
40
37
39
30
29
29
24
34
31
26
27
28
21
15
34
24
28
19
35
29
22
27
25
23
26
17
22
26
43
29
31
25
25
23
25
18
28
27
33
24
23
19
33
35
42
45
40
38
39
40
34
41
35
32
31
21
41
37
44
40
44
27
33
31
24
29
31
30
24
25
28
16
26
21
27
24
16
28
24
20
27
25
29
29
29
37
29
31
27
15
26
36
29
25
29
33
25
35
23
30
15
38
25
28
24
38
36
31
29
38
42
48
29
38
39
37
41
42
31
36
29
24
26
27
20
23
25
33
26
24
35
29
27
37
26
18
28
31
15
33
25
23
29
30
30
28
23
20
23
24
23
28
17
35
33
25
17
32
30
32
29
22
25
22
20
21
21
22
24
21
24
23
28
18
27
31
24
23
27
32
24
27
29
25
19
32
27
22
21
24
28
22
28
30
31
27
18
34
33
36
32
43
38
42
33
43
30
42
41
29
30
41
35
33
28
32
26
25
31
23
35
24
30
23
16
24
27
20
31
23
29
33
20
27
33
23
25
25
30
24
34
32
16
17
26
30
24
33
20
17
30
24
23
23
23
22
30
27
36
27
17
28
22
19
21
23
28
29
31
31
20
27
25
16
26
15
17
24
25
23
20
23
28
27
21
17
22
25
24
26
29
23
19
14
28
23
30
14
22
27
28
32
18
21
22
30
28
25
27
28
20
31
23
24
27
28
30
37
29
24
27
26
27
21
39
28
35
37
33
23
22
21
33
29
27
29
27
22
24
27
25
20
22
27
17
21
26
36
18
20
21
20
23
27
25
23
25
21
20
21
26
22
25
19
21
30
18
24
20
27
22
28
25
20
24
24
27
24
27
25
26
22
29
19
22
25
27
31
23
22
26
32
24
25
28
21
36
22
31
30
27
32
30
20
23
29
25
23
31
31
29
23
34
25
24
26
21
15
25
31
29
25
25
25
18
22
25
19
19
26
21
20
25
24
26
21
21
26
20
21
30
25
22
26
21
24
16
19
31
21
31
24
31
24
25
21
21
24
26
21
24
31
25
26
24
29
18
35
25
30
26
18
27
41
28
33
34
32
31
23
19
24
25
39
39
37
48
49
63
46
55
38
38
37
38
25
19
23
21
24
24
25
24
30
16
29
13
23
25
21
24
24
22
18
17
28
22
20
23
35
27
17
25
38
31
23
26
23
29
20
22
20
25
20
20
18
27
33
20
23
21
34
30
27
26
25
32
33
26
23
11
30
19
21
28
22
35
22
24
22
23
24
22
20
13
25
23
22
25
29
24
24
18
23
17
23
22
26
20
34
18
18
28
29
30
24
27
26
22
30
22
21
15
27
19
18
26
33
20
24
27
22
25
24
27
29
23
26
23
20
25
29
35
22
21
24
22
27
24
15
18
33
22
23
36
36
32
26
33
21
21
25
22
24
25
26
20
21
23
25
22
21
15
26
23
13
27
25
27
17
21
29
27
25
31
35
22
20
20
35
26
38
24
25
37
22
26
34
23
27
32
23
24
29
18
25
27
32
35
24
30
32
25
23
39
20
24
15
16
24
16
23
24
27
32
31
25
23
38
44
27
28
30
23
31
25
29
24
20
28
41
27
20
27
28
26
18
28
25
15
35
20
34
28
21
31
19
20
33
15
22
14
22
15
21
28
29
20
21
20
19
28
21
31
23
32
24
33
33
36
28
29
33
37
33
42
26
23
24
24
17
15
19
15
21
25
22
22
19
20
22
26
23
26
26
27
14
27
25
19
29
25
16
22
16
18
22
24
21
27
19
22
20
22
23
18
34
18
19
14
14
18
30
16
18
36
22
24
26
20
19
21
28
24
27
21
11
18
24
27
35
23
35
34
28
24
31
28
21
23
24
24
15
18
22
19
12
19
25
24
21
21
34
26
28
20
25
18
17
21
24
18
30
20
19
21
25
21
15
22
23
19
22
22
20
29
23
25
11
17
30
30
23
30
23
27
22
17
24
25
20
20
23
28
28
24
24
22
16
19
25
17
21
15
25
23
27
23
21
25
25
22
23
28
18
17
26
15
24
14
24
33
19
28
36
19
16
21
28
19
30
20
20
22
25
30
24
23
28
28
22
18
18
26
17
19
20
16
21
25
16
17
12
27
33
26
12
27
18
19
25
24
22
22
23
16
17
26
16
21
24
27
22
15
18
24
27
17
24
20
13
22
17
23
29
21
28
18
18
17
23
19
18
20
8
22
19
18
34
26
30
24
28
15
30
20
26
25
14
23
19
21
26
29
30
25
24
26
29
27
22
21
22
24
15
22
23
15
19
30
24
27
25
33
29
27
25
22
32
27
30
21
25
41
28
24
29
23
18
38
35
29
32
28
32
23
38
24
24
22
26
22
21
25
24
19
22
19
28
27
23
30
9
21
25
15
21
25
23
26
25
15
19
27
20
30
20
25
21
15
21
26
21
16
18
20
29
20
24
26
15
24
17
19
25
26
23
33
29
28
20
23
13
20
23
26
16
24
19
27
21
21
19
32
19
29
23
25
21
18
15
23
21
20
21
16
20
28
23
26
20
18
20
17
23
30
18
28
26
19
23
23
21
17
18
13
16
20
21
15
28
23
25
29
44
39
39
28
40
23
36
27
21
19
18
17
19
22
26
21
29
24
31
20
15
22
18
28
19
26
17
20
23
16
16
15
16
18
19
12
17
16
10
16
24
22
17
16
13
20
20
27
13
14
18
26
18
27
19
16
13
19
15
9
12
18
13
18
21
20
17
29
19
16
25
16
22
20
22
17
12
16
15
14
15
14
25
21
18
22
21
19
13
16
19
17
18
22
6
14
18
17
10
23
9
20
17
15
15
23
15
25
17
25
19
29
30
19
18
28
27
23
20
16
19
18
19
24
21
16
11
20
18
15
28
27
20
22
25
23
20
19
21
14
21
23
18
22
16
17
24
17
25
25
19
11
19
14
18
18
27
23
17
25
21
19
11
16
27
19
20
19
25
19
17
16
13
18
16
19
35
22
22
18
15
14
21
19
13
13
19
14
16
7
24
18
14
17
16
11
28
27
31
16
23
16
26
17
13
24
29
27
38
35
32
54
48
45
50
37
41
28
30
23
22
26
24
23
18
31
24
21
26
18
14
17
12
21
23
10
15
14
19
24
23
19
23
14
14
19
24
17
24
14
19
19
16
19
15
21
28
23
15
16
19
13
17
24
18
33
23
25
27
20
15
19
24
31
26
19
24
18
20
18
12
10
18
27
12
18
20
22
17
30
12
17
25
20
25
19
23
17
24
22
17
13
21
21
12
16
17
15
14
17
17
25
16
26
11
16
12
20
23
14
8
11
16
11
19
13
22
26
10
19
16
11
17
19
15
24
19
19
12
13
18
16
24
21
18
14
13
20
20
31
18
27
26
24
26
17
14
20
27
18
13
28
12
14
12
19
16
21
14
20
13
17
15
17
12
17
13
19
15
15
13
20
16
20
17
19
15
16
18
19
16
18
18
15
10
17
22
16
9
13
22
15
13
17
18
22
22
22
21
13
22
30
11
12
19
19
19
9
15
10
19
22
27
25
17
26
23
27
18
28
23
21
24
15
17
21
15
16
20
18
18
25
21
33
29
28
55
61
67
62
51
49
65
32
24
28
30
27
21
29
21
28
19
21
19
10
20
24
14
13
11
14
15
18
16
13
15
21
15
15
12
8
16
15
31
18
20
28
21
34
29
34
18
27
27
29
23
20
17
20
18
25
15
19
16
19
18
23
12
11
20
12
23
19
22
18
21
15
14
11
18
16
13
15
15
17
14
19
16
12
10
10
14
13
19
15
17
11
8
16
14
14
21
15
11
17
24
21
16
26
17
23
22
12
22
21
26
14
12
20
16
16
17
16
15
16
13
13
6
10
19
18
16
11
14
8
15
20
11
19
10
10
19
16
13
14
9
20
15
14
19
16
13
10
13
16
12
17
11
9
16
14
11
19
10
22
16
14
23
11
19
16
21
16
16
10
19
12
19
18
18
15
11
19
9
16
15
12
17
16
23
18
18
19
20
21
12
15
11
13
15
13
13
20
7
12
14
15
10
15
11
21
20
9
10
14
12
15
12
15
17
8
10
11
23
20
20
12
18
10
14
19
12
13
12
14
13
19
14
14
11
14
20
11
13
16
18
23
22
14
24
18
16
16
22
9
14
22
14
15
16
16
9
15
10
11
20
10
10
16
13
19
15
14
14
16
12
14
21
12
11
13
18
14
21
11
13
17
15
9
20
15
18
20
17
7
7
17
16
10
5
11
15
15
8
22
13
13
18
16
12
21
23
11
15
14
16
14
29
14
12
16
16
18
20
12
17
14
15
23
13
11
18
17
7
18
14
11
18
14
15
8
16
12
15
9
23
15
15
16
19
12
10
15
15
16
17
13
12
20
18
14
14
9
9
21
13
20
22
25
25
27
19
19
30
13
25
20
17
16
14
12
21
18
12
11
17
17
23
12
21
24
15
14
20
16
13
25
13
17
17
15
25
15
17
18
15
18
17
20
15
10
11
12
14
16
12
11
13
18
18
19
12
16
9
16
12
20
17
11
21
20
13
14
9
14
19
7
19
17
11
13
16
14
15
14
11
12
15
14
14
12
21
10
12
17
8
17
14
12
15
11
9
14
23
19
20
9
9
8
12
15
18
11
18
18
17
18
11
17
6
12
18
8
17
11
12
13
13
18
15
13
12
19
10
19
13
10
13
11
12
15
9
18
15
14
12
14
15
10
23
16
10
10
12
8
11
13
19
23
16
21
16
24
22
16
29
25
18
23
17
14
15
18
10
15
22
17
15
12
18
15
11
16
10
14
15
19
11
16
19
17
10
19
24
20
15
25
18
15
24
16
16
18
17
11
9
15
12
11
12
14
15
16
10
20
8
11
15
15
16
8
9
20
14
13
16
18
16
41
36
48
71
91
123
152
169
157
151
143
93
78
78
58
37
29
21
18
17
9
13
12
23
17
10
11
11
22
20
15
17
28
20
15
17
18
18
16
13
13
15
14
8
13
14
20
16
19
15
15
22
20
20
26
24
17
19
17
9
10
11
15
6
11
16
7
12
18
13
15
14
13
15
9
10
12
8
9
14
16
18
15
10
17
13
9
4
6
16
18
14
7
17
18
7
14
6
9
19
12
14
14
10
4
12
11
8
17
11
12
12
19
18
15
13
19
13
17
15
19
12
16
8
10
7
9
15
8
12
15
8
9
5
17
14
15
11
5
12
11
12
8
10
12
14
11
17
18
10
20
13
18
19
15
14
13
7
7
12
14
10
16
12
7
19
10
10
19
14
15
20
22
27
35
28
36
43
36
43
40
30
34
20
15
13
14
14
10
8
13
8
12
8
10
11
14
11
11
13
13
12
9
12
13
22
19
15
19
5
9
14
8
14
13
7
16
5
13
9
11
12
14
13
14
13
12
10
9
10
11
13
14
10
9
7
10
10
12
10
12
8
19
13
11
15
14
11
12
10
14
12
13
11
14
18
12
20
11
12
14
16
9
13
10
17
16
13
14
17
12
16
10
11
18
8
8
15
8
18
14
16
17
10
8
12
8
13
11
15
13
13
6
8
17
13
13
9
18
16
9
17
16
8
12
16
17
14
10
17
12
10
13
8
16
7
14
18
10
10
14
10
17
18
12
11
9
16
10
14
14
13
8
7
15
12
16
8
10
13
10
18
6
19
7
10
9
8
9
10
13
14
13
8
9
14
12
11
9
18
12
11
11
9
13
11
7
11
15
14
9
8
11
7
12
16
12
11
9
9
16
8
17
10
12
14
14
20
14
13
18
15
23
17
17
14
20
9
9
14
13
13
12
18
13
11
9
14
11
13
12
4
9
13
11
11
7
11
4
12
8
10
10
12
13
12
6
13
12
6
16
12
14
13
12
12
14
22
10
17
6
11
12
13
9
13
13
13
13
19
12
14
17
12
16
7
16
13
20
5
13
18
14
20
17
19
38
28
38
23
30
31
35
21
21
16
15
14
15
12
14
11
12
11
14
12
16
20
10
14
15
9
11
11
12
9
11
12
16
13
14
22
16
14
13
11
15
9
14
16
11
7
11
12
16
10
8
19
11
6
7
9
12
11
12
6
15
9
15
9
10
20
15
11
12
9
11
10
10
15
11
11
11
11
13
15
19
14
11
11
11
6
15
15
9
9
18
10
13
12
9
9
14
15
12
18
18
13
18
15
14
12
16
9
15
14
10
20
8
11
11
15
15
8
5
14
18
16
12
17
10
14
11
11
7
16
12
12
15
3
16
6
20
20
13
9
17
11
12
10
8
16
5
9
19
6
12
7
13
9
12
10
16
20
13
12
11
20
7
8
12
10
11
11
11
15
14
13
10
11
8
9
8
11
16
14
16
15
13
18
16
13
8
15
9
12
2
13
10
12
9
9
11
7
8
6
18
18
8
16
12
6
10
7
14
10
9
10
8
7
13
17
5
8
8
9
14
11
11
12
9
9
6
11
10
6
10
16
13
11
4
11
6
16
9
11
18
19
24
21
21
20
22
29
19
21
14
16
14
17
17
14
19
7
9
14
14
13
8
12
11
6
12
8
13
9
9
7
8
8
15
9
13
12
10
9
11
12
10
6
10
15
9
9
7
12
8
8
16
6
11
10
17
9
14
14
11
9
15
11
14
7
11
12
7
3
17
13
12
9
16
13
10
13
4
13
12
12
5
6
14
12
13
7
12
12
12
12
10
4
11
8
13
9
9
6
10
9
12
19
8
13
13
10
8
11
8
18
8
12
5
10
11
13
9
10
7
18
7
9
13
12
11
11
10
17
8
9
5
11
7
10
15
12
14
9
14
8
13
7
10
5
11
13
7
11
17
11
16
10
15
9
19
15
11
11
14
9
8
10
18
7
9
8
5
5
7
14
11
13
8
13
7
7
12
6
13
13
10
12
6
13
16
6
14
7
10
12
13
13
8
10
4
12
15
10
9
14
8
11
15
14
7
11
17
6
15
9
10
11
13
9
5
5
12
6
18
12
9
13
6
13
14
12
9
6
9
9
12
5
10
4
12
14
10
8
8
11
9
4
8
10
11
14
16
11
10
14
11
16
12
18
16
13
10
14
12
5
15
10
8
6
9
13
12
8
15
11
9
14
10
10
13
9
12
10
5
8
0
11
11
10
13
14
13
13
5
4
9
11
10
9
11
11
7
11
5
5
5
8
11
10
10
10
12
14
12
14
9
8
10
13
10
13
15
13
12
13
14
8
12
11
8
11
10
7
10
8
12
10
5
10
6
13
5
8
7
14
9
6
8
12
13
12
6
9
5
18
11
21
10
14
21
19
13
20
17
10
13
12
13
18
15
16
4
15
13
9
14
8
16
14
6
11
10
6
10
7
17
11
13
12
12
8
11
14
9
14
6
9
11
13
10
16
16
10
12
14
15
12
11
10
11
19
6
12
11
10
7
14
13
10
9
17
6
8
5
14
10
11
8
8
7
9
12
7
11
11
12
13
16
6
12
14
11
6
9
11
10
14
12
10
10
9
9
9
11
12
6
9
7
5
10
9
9
12
10
8
11
16
12
9
15
15
12
8
12
17
13
9
10
9
10
5
6
12
8
12
8
13
17
13
17
10
12
14
14
8
11
9
13
7
12
15
14
8
16
11
11
13
12
10
8
8
12
13
12
19
6
10
9
11
10
8
11
7
8
9
12
10
12
11
13
8
11
11
7
9
9
9
10
15
13
9
12
8
8
6
10
12
8
10
9
10
8
12
13
12
9
15
5
10
7
16
13
12
10
8
15
11
14
12
12
10
15
4
5
11
10
16
8
12
6
5
9
9
8
9
5
10
9
12
14
7
11
10
15
7
8
11
9
12
15
11
9
9
6
11
11
11
11
9
6
10
8
9
10
12
7
11
9
12
9
16
9
5
9
11
7
12
11
8
14
8
7
9
14
17
5
5
11
7
11
9
15
6
10
8
12
9
11
11
6
10
10
11
10
8
13
7
7
6
21
7
15
10
19
6
13
7
11
8
9
11
14
21
15
20
10
14
20
9
11
9
13
10
10
11
14
6
13
9
15
9
7
13
7
9
14
7
8
6
16
15
12
8
13
9
8
11
11
8
10
8
9
11
8
7
5
8
7
8
11
10
10
5
11
14
10
12
10
10
12
12
6
11
11
2
7
7
7
9
12
15
3
11
10
10
10
6
10
8
13
19
10
11
11
8
4
15
9
10
9
9
3
15
11
11
17
7
8
9
7
11
12
16
11
8
5
16
8
8
10
14
7
3
9
13
4
11
10
7
8
6
7
11
12
10
9
13
7
11
6
8
11
14
13
4
7
9
9
5
11
10
9
13
5
9
7
16
9
8
15
14
7
10
10
13
9
9
9
10
7
6
14
10
13
7
12
9
6
14
13
7
10
6
5
11
5
13
12
11
15
11
13
20
12
6
12
10
7
11
8
2
7
9
7
8
20
11
9
9
7
8
10
16
9
18
7
9
12
6
11
9
15
4
6
10
11
11
20
14
5
9
8
11
8
13
9
8
7
7
12
9
4
10
8
6
8
11
9
9
11
12
8
12
8
12
8
11
13
18
7
9
8
7
7
9
9
6
7
6
5
7
13
11
12
3
12
12
9
6
5
7
9
7
13
8
5
8
5
8
10
5
4
14
8
11
9
8
7
7
14
6
16
10
16
13
19
13
16
19
9
6
6
9
9
7
12
5
9
6
7
4
8
11
13
9
9
17
6
7
8
11
3
12
9
11
8
8
12
14
5
5
7
13
11
5
13
16
8
6
8
10
16
11
15
11
9
7
5
10
3
7
11
5
4
6
8
11
8
8
8
11
15
9
11
10
10
13
4
18
11
10
7
16
13
7
9
9
6
11
10
14
9
10
10
8
14
11
9
11
6
12
8
14
11
12
9
13
10
3
9
9
2
9
7
7
8
7
12
8
10
5
9
11
6
6
8
9
9
12
12
8
13
13
7
9
9
9
11
8
10
10
6
5
10
9
7
8
7
4
9
4
7
11
10
7
7
10
9
11
11
9
5
10
12
5
5
11
6
14
5
4
14
11
12
8
9
13
10
6
8
8
5
10
7
1
7
5
8
12
10
6
14
8
8
4
9
16
7
14
8
13
8
5
5
5
6
9
10
10
7
11
9
11
10
11
8
11
6
10
9
5
8
7
7
15
4
10
9
13
10
3
10
11
7
6
12
7
11
8
7
10
13
11
7
7
2
3
13
6
5
12
4
7
10
7
7
5
6
7
3
11
15
9
5
9
8
9
7
9
5
3
7
5
9
2
8
8
13
13
7
7
9
10
9
10
14
12
12
7
5
5
6
11
7
8
6
15
6
7
8
13
12
7
8
10
3
11
6
5
8
12
10
8
6
12
11
16
6
11
8
10
6
13
11
10
5
6
8
5
14
9
12
6
11
6
7
8
3
9
6
7
8
5
12
7
9
9
13
12
7
11
8
8
10
7
10
7
7
5
13
7
12
13
8
10
9
13
10
4
8
7
5
7
10
4
8
12
7
10
14
8
4
8
5
6
4
5
6
8
9
6
12
10
7
5
9
10
4
13
4
8
5
8
4
8
7
6
14
11
10
9
9
8
2
7
6
10
13
9
13
7
5
11
6
8
2
8
4
7
7
3
5
12
7
16
9
11
11
10
8
11
5
7
7
12
8
4
3
7
6
10
11
8
15
8
8
10
11
10
12
8
8
3
8
12
10
9
11
5
9
4
7
11
9
13
6
5
6
7
4
6
6
6
9
15
11
4
7
7
12
12
5
5
12
5
11
9
7
9
8
7
5
7
13
6
7
11
8
9
8
8
6
11
9
9
13
7
4
5
13
4
9
10
11
7
12
5
4
10
16
11
9
14
10
10
15
12
11
11
2
14
6
7
7
7
9
10
5
9
4
8
9
7
18
3
8
10
8
8
8
8
7
10
8
9
7
3
8
17
9
6
9
4
9
8
10
6
7
7
4
10
11
9
6
9
5
10
8
6
11
6
8
6
9
4
6
9
5
11
15
10
7
10
8
11
8
11
3
5
16
10
9
12
8
9
8
7
11
10
5
9
8
9
7
9
6
9
11
9
9
9
3
8
6
9
8
5
8
10
10
8
6
15
11
8
5
7
14
7
6
7
7
5
12
6
6
12
10
10
7
9
5
5
13
3
9
9
6
13
13
8
13
6
7
8
8
11
3
9
10
5
8
10
14
12
7
4
4
10
9
7
6
12
14
9
13
6
4
6
9
9
7
8
7
10
6
6
12
5
13
8
6
7
7
11
11
10
5
6
9
8
11
9
10
5
5
8
5
10
6
5
6
11
15
14
11
8
5
8
12
9
10
14
5
9
9
11
12
5
11
12
6
7
8
7
6
10
10
5
12
7
8
7
3
8
6
6
8
9
4
6
6
9
3
9
5
12
6
8
7
9
4
7
8
3
12
10
10
9
7
6
5
3
5
4
8
9
9
9
11
6
10
9
8
6
9
8
6
1
4
11
7
7
4
8
6
6
8
5
8
7
4
11
8
5
8
5
9
8
12
9
8
8
8
12
9
5
11
6
6
8
6
6
7
10
9
8
9
10
10
9
11
10
6
10
7
7
12
9
8
10
10
6
8
8
13
6
4
12
9
9
6
4
5
8
9
13
7
6
3
10
7
5
11
8
10
5
6
11
8
7
4
6
8
11
10
6
7
7
9
10
6
5
5
7
8
13
9
8
5
9
10
10
7
5
9
16
8
5
14
8
12
12
6
9
7
8
6
10
3
3
13
11
9
7
7
8
5
9
4
4
10
7
9
8
5
6
3
9
9
8
4
9
5
6
4
6
2
4
9
10
7
7
8
9
13
4
8
7
9
14
8
4
7
7
6
9
9
8
5
9
7
6
11
9
7
5
9
6
9
9
8
8
13
9
9
7
12
6
11
6
8
7
8
4
10
17
4
4
7
7
6
7
9
10
11
10
8
7
4
13
6
7
9
4
10
2
10
11
7
9
9
5
7
8
8
5
7
4
5
10
5
4
6
5
9
6
5
2
5
7
7
8
4
6
6
8
5
15
7
8
11
7
10
5
10
8
4
6
8
3
13
9
4
5
10
7
7
8
10
7
4
8
12
5
7
11
14
9
11
6
10
9
6
9
8
8
6
4
9
6
11
5
8
9
3
12
2
9
5
7
11
8
10
7
14
7
9
8
6
7
15
12
7
13
12
13
9
10
8
11
14
13
18
14
9
5
14
9
15
11
6
6
5
6
6
3
2
6
8
7
3
7
4
6
4
8
7
2
7
5
2
4
7
9
11
1
7
9
9
5
11
10
4
10
6
5
5
6
10
7
9
9
7
7
5
8
4
6
4
10
7
9
7
7
2
9
4
4
7
4
7
3
3
12
3
5
2
4
4
8
8
5
5
8
15
8
6
5
10
6
7
5
7
6
3
6
4
8
7
8
8
5
7
5
13
5
5
7
10
2
10
13
12
8
5
4
7
8
4
9
9
8
10
4
7
12
5
6
11
4
8
7
14
5
8
11
7
12
6
4
6
9
5
8
11
10
5
6
8
10
3
6
11
6
4
12
7
2
8
4
4
5
10
3
8
3
8
6
12
4
6
10
7
7
6
3
10
10
3
10
11
8
8
9
9
7
5
12
2
8
9
8
8
7
14
6
5
5
8
5
7
6
4
9
10
3
13
3
6
11
8
4
6
6
5
10
4
12
6
12
9
8
11
5
4
7
4
9
4
4
2
9
8
13
3
12
12
5
8
5
4
4
4
7
6
10
7
3
5
3
5
6
3
10
3
10
4
4
8
5
3
5
7
6
6
12
9
9
2
4
2
8
7
3
3
9
5
3
4
4
4
5
9
7
11
7
11
7
4
6
6
8
6
9
6
6
11
8
7
4
6
10
11
10
8
9
6
12
8
9
12
8
6
6
12
4
6
13
9
9
8
7
6
6
6
14
8
7
6
4
7
10
4
9
9
3
10
5
8
6
3
10
4
7
5
8
11
5
4
5
5
9
4
6
8
9
5
5
7
8
7
6
5
7
12
6
2
7
7
9
8
6
9
3
11
6
5
8
8
6
4
4
7
7
4
4
7
10
2
5
5
6
7
6
6
5
5
12
6
10
8
6
7
7
6
4
9
8
3
3
5
9
5
7
5
5
6
6
4
12
4
7
9
7
4
5
8
6
5
6
9
7
9
4
6
4
6
6
7
4
7
4
4
7
11
4
6
3
9
8
6
8
12
6
5
2
5
6
6
1
6
11
4
5
4
6
8
9
5
6
7
6
8
9
5
11
8
5
6
6
3
7
7
4
5
7
7
12
7
6
2
7
7
5
6
6
6
4
13
7
5
4
7
9
7
3
6
11
5
8
7
13
4
4
3
2
8
2
7
5
4
5
9
4
6
6
9
10
5
4
6
5
9
8
6
5
1
8
5
10
10
8
3
9
3
9
4
6
12
9
8
8
8
5
14
5
7
11
9
5
6
8
8
7
6
10
9
7
9
9
3
7
5
9
6
5
5
6
6
3
6
8
14
11
6
5
6
6
4
6
6
11
7
10
5
11
8
6
11
3
6
7
7
5
1
8
5
4
7
13
5
7
3
5
8
8
14
8
7
6
11
5
4
6
5
4
6
3
9
3
5
7
6
6
10
6
7
6
7
9
3
6
4
7
6
8
7
4
5
9
6
6
4
11
2
4
3
10
4
6
3
5
1
7
4
3
5
7
6
9
6
3
10
8
7
8
10
9
7
5
8
13
9
4
9
9
4
11
5
8
2
2
5
6
8
6
4
4
6
2
6
7
2
5
4
5
7
6
7
9
6
4
3
5
4
6
4
7
10
4
5
8
10
2
5
6
4
7
3
10
10
5
11
6
7
5
5
6
8
5
5
5
5
4
8
7
4
3
2
8
6
4
2
6
2
4
6
5
6
3
4
9
5
7
13
8
4
8
7
5
6
5
2
8
6
4
6
6
5
5
6
9
3
6
9
9
9
8
9
4
7
2
5
4
6
4
7
1
5
6
7
4
5
5
7
4
8
3
4
11
13
4
7
3
3
4
5
3
4
8
7
8
10
5
9
5
5
6
5
4
5
4
7
8
5
15
7
5
4
7
9
3
8
8
8
8
8
6
6
7
5
10
11
5
6
11
5
5
2
4
5
10
5
6
4
5
4
4
4
8
5
4
4
12
5
5
2
5
2
6
2
5
6
5
9
3
3
4
7
6
12
7
5
4
2
5
2
3
9
7
7
4
10
1
5
6
5
5
6
3
7
4
2
4
3
4
5
3
6
5
5
3
1
8
3
5
5
4
4
9
4
7
6
1
4
10
6
8
4
7
7
6
6
6
4
3
10
2
6
1
3
4
7
10
3
8
7
6
8
4
4
7
2
10
9
3
4
6
6
2
6
7
4
4
8
4
4
7
3
6
8
10
9
8
11
7
3
4
5
5
3
7
5
3
5
8
10
1
6
4
2
4
5
3
6
8
9
6
5
5
4
4
5
3
9
5
6
6
5
5
14
3
8
5
4
5
5
10
5
7
5
7
6
5
4
2
4
4
1
1
6
7
9
4
8
7
5
6
6
4
13
11
4
13
9
9
10
8
8
3
10
5
5
3
6
5
3
7
11
4
5
2
1
5
6
6
4
7
5
5
1
4
5
7
6
15
3
3
6
8
1
5
5
9
4
3
6
5
10
5
9
4
6
18
4
8
6
7
4
6
10
4
7
2
4
3
9
7
4
9
6
6
2
3
5
4
3
7
4
2
6
5
6
6
7
4
6
8
3
7
5
3
6
7
6
6
7
5
5
3
6
6
5
6
5
4
7
6
0
5
2
5
8
6
7
6
6
4
6
6
9
4
8
5
5
4
11
6
8
2
5
4
7
6
5
2
7
4
4
2
10
7
6
0
10
7
8
2
1
8
8
3
1
4
8
8
4
4
3
5
6
6
8
8
3
2
10
4
10
5
2
8
7
5
4
5
3
7
9
6
3
6
9
7
3
5
6
6
5
3
6
7
2
5
13
9
4
1
1
5
9
6
3
5
8
5
4
2
2
5
6
6
7
2
5
5
2
5
3
1
7
4
6
5
2
3
2
3
6
7
4
7
8
6
4
4
9
4
9
7
4
8
9
3
7
3
4
1
10
2
6
7
1
4
8
1
3
5
5
4
6
6
9
3
7
4
8
6
1
3
6
3
5
7
5
5
5
7
4
1
6
7
7
2
7
7
6
3
5
5
6
6
7
3
5
5
2
5
7
6
7
5
5
6
7
4
4
4
4
5
5
9
4
7
4
5
10
4
6
6
4
9
4
3
9
5
7
6
7
5
6
7
7
4
7
10
7
11
7
5
11
6
5
5
5
3
7
6
10
2
5
4
3
3
6
2
6
6
7
10
4
5
6
3
9
3
1
4
4
3
7
8
8
3
6
7
4
4
5
3
6
4
4
0
3
5
4
3
1
3
11
8
8
4
7
8
6
8
3
11
4
2
6
8
5
4
6
4
4
5
3
7
2
4
6
6
5
3
8
7
3
0
3
2
6
8
3
2
9
3
1
5
6
9
8
10
8
1
3
3
2
8
4
8
5
4
5
7
5
9
3
4
6
3
4
3
3
4
6
9
1
3
5
3
2
4
4
3
6
4
6
3
4
6
5
5
7
9
8
5
5
6
3
7
4
3
10
4
3
3
6
6
6
6
5
5
5
1
6
4
3
5
10
9
2
4
4
4
7
5
4
5
6
7
3
2
4
1
5
7
5
4
5
6
4
7
2
2
6
6
8
3
3
8
5
3
6
4
1
6
4
8
3
5
1
5
6
4
5
6
8
4
1
6
9
6
2
1
8
6
3
8
8
11
3
1
3
6
7
6
6
2
4
4
4
5
3
2
4
7
5
8
3
11
11
5
5
7
8
6
7
5
7
10
6
7
3
7
9
4
4
3
3
7
8
2
4
6
6
1
7
9
7
7
3
4
2
6
9
3
8
5
8
6
5
6
5
3
2
6
2
5
3
8
9
5
3
2
2
3
2
6
1
3
5
3
2
4
4
1
5
4
5
2
6
6
6
9
4
4
8
2
6
14
4
8
5
3
7
4
4
5
7
6
3
6
5
5
3
3
5
4
5
5
3
1
3
5
4
6
7
5
3
4
5
3
5
4
4
2
4
9
5
6
8
4
4
2
9
4
5
3
7
9
5
5
7
9
4
4
6
9
5
6
3
2
1
8
1
4
7
5
7
6
6
5
5
4
2
11
4
8
4
6
4
4
8
6
5
5
1
1
2
4
3
3
3
3
3
9
1
4
6
3
4
7
5
2
2
4
3
5
2
5
4
12
10
5
5
5
5
2
5
3
5
3
1
3
4
2
4
5
4
8
3
5
6
9
8
6
7
9
7
6
8
6
7
9
3
7
6
5
5
3
4
7
4
5
5
7
3
4
2
9
5
4
6
3
3
6
3
5
4
2
7
3
4
5
5
7
3
2
3
8
4
6
7
5
4
4
7
2
4
2
6
5
3
4
3
9
3
1
2
5
6
5
3
5
3
4
3
2
4
3
4
9
3
4
7
2
6
3
1
6
10
4
8
6
4
3
5
3
5
3
6
6
2
4
6
6
4
8
5
7
4
5
4
6
4
4
4
3
4
6
2
6
12
4
2
8
1
5
6
2
5
8
1
5
4
1
4
5
4
6
5
7
3
2
6
7
4
4
8
4
4
4
6
5
4
3
4
5
4
5
5
8
1
2
9
2
1
5
5
4
4
0
7
4
0
3
2
4
4
3
3
5
4
6
2
4
3
4
5
5
6
5
3
5
6
6
3
3
4
4
3
6
6
2
4
2
7
5
6
3
1
2
5
3
2
5
5
2
3
2
6
7
2
6
3
3
5
6
5
4
2
2
5
1
5
6
2
4
14
2
2
3
1
4
2
7
7
6
5
5
0
5
4
3
5
3
5
10
4
3
7
3
3
6
3
2
3
9
4
4
7
9
0
1
12
5
4
5
2
2
5
4
4
2
7
6
3
7
7
3
2
5
6
3
1
8
4
5
3
6
8
4
5
8
5
5
3
1
5
5
9
2
3
3
10
5
4
3
5
2
4
4
5
7
2
2
4
8
3
5
3
3
9
4
4
2
3
4
2
4
4
9
8
5
3
4
5
3
1
3
5
3
6
5
4
6
3
1
2
3
1
5
5
4
2
5
1
2
3
3
9
4
4
5
3
1
5
2
3
3
3
4
4
1
3
6
5
6
4
1
3
9
5
1
1
7
4
4
3
6
4
4
3
3
5
5
4
6
3
5
2
4
8
6
2
6
3
1
3
4
3
2
3
3
2
7
1
3
5
3
4
5
4
6
4
3
3
3
4
5
8
8
8
8
8
10
5
7
3
4
7
8
4
8
2
3
2
4
3
5
4
2
1
4
8
3
5
2
5
6
2
4
3
1
5
3
4
4
7
2
1
1
1
3
3
6
2
8
3
2
6
0
1
4
1
5
4
1
2
3
3
1
4
6
4
4
5
7
4
5
7
2
5
7
5
6
11
3
1
4
5
6
6
8
4
3
4
5
9
5
3
4
5
6
4
3
6
6
6
3
3
5
6
3
5
1
4
2
6
7
4
0
3
2
4
4
0
4
5
6
6
1
0
5
3
1
3
7
0
4
4
2
2
0
5
2
2
4
5
7
6
4
7
7
6
7
11
8
6
8
5
3
4
4
4
2
5
6
2
2
4
5
3
4
6
8
4
3
2
4
3
6
2
6
2
4
6
2
5
3
4
4
4
1
3
4
5
6
4
6
7
3
3
1
3
2
5
3
1
4
2
5
3
6
2
6
4
4
8
3
8
0
8
7
3
4
7
4
1
2
2
4
4
1
8
10
4
6
5
2
4
0
5
3
3
5
1
4
2
9
6
8
3
7
5
4
4
6
4
2
5
2
0
5
1
1
3
4
5
2
5
3
3
5
4
2
4
5
4
2
7
2
3
2
4
3
4
3
4
3
3
6
2
3
6
3
7
6
3
5
1
3
5
3
2
1
4
6
2
3
6
5
5
2
7
2
6
3
0
4
2
5
0
2
1
6
3
6
2
3
4
5
2
0
6
3
4
0
4
1
2
6
0
1
6
3
5
3
4
2
3
7
3
6
1
5
4
2
4
1
0
4
3
4
6
6
5
5
4
3
4
2
3
3
4
5
5
2
4
6
2
2
4
2
1
1
4
6
4
4
7
6
2
2
2
3
4
2
3
3
5
4
2
5
3
9
3
3
4
5
3
6
2
4
2
2
2
7
4
2
6
4
3
5
3
4
4
5
1
3
3
6
5
4
4
4
1
1
2
7
2
3
2
6
2
2
2
3
3
2
2
2
6
4
7
3
1
7
0
2
2
3
6
3
3
2
3
6
3
2
0
3
2
4
2
4
3
8
1
6
3
5
5
2
3
3
4
1
6
2
4
4
4
5
4
4
5
2
2
4
1
4
0
4
5
2
3
3
4
4
6
3
2
4
3
2
3
6
1
1
5
4
5
3
1
2
8
4
3
2
5
7
3
3
2
1
5
2
2
5
3
1
3
2
4
3
4
4
4
1
6
4
5
6
2
3
3
6
3
9
5
4
3
8
9
6
6
12
5
3
1
5
5
4
5
2
4
3
3
3
5
1
6
4
3
4
0
2
2
3
1
2
5
7
9
4
2
1
2
3
2
5
0
4
1
2
0
3
6
4
4
3
2
1
2
4
3
5
4
4
7
4
3
3
5
8
2
2
2
7
4
4
5
3
1
5
2
4
2
5
6
3
1
4
3
3
0
2
4
4
2
3
4
1
1
6
2
4
2
1
1
3
1
3
7
3
4
0
2
3
4
3
9
5
3
4
3
10
1
1
3
7
4
2
4
4
4
2
7
2
5
2
4
2
0
4
5
2
4
3
3
1
2
1
4
3
6
7
3
7
3
8
4
3
4
5
5
1
5
6
4
5
2
6
4
9
1
2
0
2
2
1
5
0
3
3
4
2
2
5
5
2
2
4
3
2
0
3
3
2
3
6
3
5
5
4
0
5
5
7
2
2
3
3
5
3
1
1
5
4
8
6
4
8
10
10
8
9
9
8
11
9
10
8
6
4
6
3
2
3
4
6
2
4
3
5
2
8
7
2
2
4
4
3
3
5
4
8
5
4
7
3
2
6
6
5
2
6
3
3
0
4
4
6
6
2
5
2
2
3
3
2
3
5
3
3
6
5
4
3
4
1
3
4
5
7
3
4
6
5
5
2
3
5
9
4
4
2
7
3
3
3
3
5
4
3
6
2
3
5
5
1
0
4
2
2
4
4
2
3
1
3
2
2
2
3
0
5
7
2
5
2
6
0
5
3
1
3
1
4
2
2
4
1
2
5
3
4
1
4
3
2
7
4
5
2
3
7
3
2
3
5
5
4
3
2
6
4
4
3
3
2
3
1
2
3
3
4
3
3
5
1
4
2
1
4
4
2
3
2
7
2
0
3
2
1
2
2
1
3
0
3
0
3
4
2
4
3
4
1
5
3
2
3
2
0
2
5
5
4
3
1
4
6
4
2
5
2
2
7
3
0
1
0
2
4
5
3
1
2
2
6
3
2
3
3
5
2
2
1
6
1
5
3
5
5
2
3
4
0
2
4
2
2
3
3
1
2
6
7
3
3
3
9
2
6
8
8
2
5
5
8
7
8
5
2
2
3
2
4
4
1
5
7
2
4
3
4
4
2
5
2
2
5
4
4
2
2
3
6
2
3
3
0
1
5
3
2
6
2
2
5
5
1
3
2
5
2
6
5
5
5
8
4
1
3
1
2
1
2
2
4
2
4
3
3
6
3
1
5
4
2
5
1
3
2
5
2
3
0
3
3
3
2
3
1
5
6
9
7
6
10
10
5
4
3
5
6
5
4
4
3
3
6
3
11
4
3
5
4
5
3
5
3
1
3
2
3
4
3
4
1
0
4
3
5
5
4
4
6
5
2
1
3
4
2
6
4
2
2
5
3
3
5
4
2
0
4
2
4
2
5
5
2
3
3
4
3
4
2
1
1
7
1
1
3
3
4
2
3
3
2
2
4
0
3
3
1
2
3
2
1
2
3
2
1
3
2
5
1
2
1
3
2
1
2
1
2
3
1
0
1
2
3
2
3
7
2
3
5
2
3
6
6
5
1
5
2
9
2
4
1
2
4
2
4
3
4
2
2
1
1
2
7
2
4
4
3
2
2
6
2
6
2
3
4
2
7
2
3
5
4
5
4
4
5
2
1
3
2
3
2
3
0
5
2
0
1
3
5
5
3
1
6
2
1
5
1
4
5
5
3
2
2
4
3
3
4
7
1
0
5
3
5
2
2
2
4
3
1
2
3
1
0
2
2
5
0
3
1
0
1
2
5
3
3
1
3
3
1
3
5
1
0
2
1
3
2
5
4
0
2
4
1
3
4
2
1
2
5
3
5
4
2
0
4
3
3
1
0
6
5
6
6
2
2
4
2
6
4
4
2
1
1
2
5
3
3
4
3
6
4
3
1
3
5
5
3
3
2
1
1
3
2
0
3
3
3
4
2
5
2
0
4
3
5
2
3
1
2
0
4
2
2
5
3
5
5
1
5
3
3
2
0
4
3
2
2
4
4
1
1
3
2
4
2
3
3
2
0
3
3
3
1
0
2
3
1
3
4
1
2
2
1
1
5
4
5
5
2
2
6
2
3
4
4
8
4
3
5
4
3
3
5
3
5
0
6
0
3
4
4
4
4
5
5
1
0
2
2
4
3
1
3
3
2
0
2
3
2
3
3
1
2
2
2
0
4
2
3
4
4
4
2
1
4
1
2
0
3
3
1
6
4
2
2
3
5
2
9
6
5
6
4
4
3
4
3
3
4
4
1
4
3
2
1
0
0
2
4
2
4
3
2
4
4
1
3
2
0
2
0
0
3
3
3
2
4
8
4
3
5
1
0
0
3
0
0
3
4
1
1
3
2
4
2
1
3
2
2
0
3
4
2
3
2
5
4
3
5
2
5
3
6
1
2
4
2
5
1
3
0
7
7
2
2
2
5
1
4
6
2
3
0
6
3
0
1
4
2
0
0
0
2
1
2
4
2
3
1
2
3
3
2
1
2
0
2
2
5
3
3
5
2
0
3
1
3
3
3
3
1
3
3
2
5
6
2
1
6
1
2
6
1
1
4
2
4
3
0
5
4
3
5
2
3
4
1
5
4
1
0
6
3
4
0
3
1
5
1
3
3
7
0
2
3
0
8
2
5
7
5
0
4
1
2
4
2
5
6
1
8
2
9
2
10
2
3
9
5
4
2
4
6
5
4
4
4
1
2
2
2
1
3
1
1
2
4
4
4
2
0
2
1
0
2
2
3
2
1
3
1
0
1
1
4
2
0
2
3
1
3
2
3
2
2
1
3
1
1
5
3
2
0
3
3
1
1
0
3
1
5
3
2
2
4
1
3
2
1
2
3
3
2
2
4
2
1
3
2
3
4
2
1
1
1
3
1
1
1
4
1
4
0
3
1
1
1
2
6
3
4
3
1
6
1
3
2
1
3
2
2
5
2
1
4
5
4
3
3
1
2
2
6
3
2
3
3
4
3
5
1
2
1
2
4
2
2
1
0
2
2
1
4
4
4
3
4
2
3
2
2
3
0
3
4
4
1
0
2
1
3
4
1
2
2
2
3
4
5
3
1
5
1
0
3
2
1
2
3
4
4
1
4
0
6
3
3
2
1
0
3
1
3
2
1
1
2
4
5
1
1
2
2
3
4
1
1
4
3
2
3
3
3
4
1
2
0
3
2
0
2
3
5
4
2
5
2
3
2
2
0
0
1
4
3
3
5
3
1
3
4
3
1
4
1
2
2
3
3
1
5
2
4
1
6
3
0
3
4
1
6
5
2
4
3
1
1
3
3
0
1
1
1
3
1
2
2
1
3
3
1
2
0
2
0
3
2
0
3
1
1
2
1
2
2
2
1
2
5
1
3
1
6
2
0
3
5
3
5
3
0
6
2
1
1
1
1
2
0
1
3
3
4
2
1
1
4
2
2
0
1
2
2
2
5
2
1
2
4
4
0
2
2
0
1
0
1
1
0
0
4
1
0
2
0
2
4
2
0
2
1
2
3
1
3
1
2
0
0
4
1
4
1
1
3
1
2
4
1
3
0
3
0
2
4
0
4
0
0
1
1
0
4
3
2
1
2
1
0
1
2
0
0
3
1
3
2
3
2
2
1
1
4
1
0
1
1
0
1
8
2
4
2
3
2
1
4
1
3
0
1
6
1
2
1
0
3
5
2
0
4
1
4
1
2
2
2
3
3
0
2
0
0
0
2
2
2
2
3
2
3
3
2
2
1
2
1
2
0
0
2
2
2
2
1
1
2
2
1
5
1
4
0
2
6
3
1
4
6
4
1
2
0
2
5
2
4
2
2
6
3
2
1
3
0
3
3
6
2
2
0
2
1
3
1
0
2
0
0
1
0
6
4
2
2
4
2
3
1
1
2
2
0
8
4
3
2
0
0
2
1
1
1
1
4
4
1
1
1
2
1
1
0
1
1
2
2
3
0
2
2
1
1
0
2
2
1
3
2
4
5
1
2
1
3
4
2
0
3
1
2
1
2
3
1
5
2
0
2
2
1
5
2
2
3
5
1
6
2
3
1
2
1
1
2
3
1
0
1
4
2
3
0
1
2
1
2
2
1
1
0
3
4
2
1
2
2
4
0
2
4
2
3
2
1
0
2
1
3
1
0
0
3
4
2
3
0
1
2
0
1
3
0
4
4
2
1
4
1
4
1
3
3
3
1
1
0
2
3
4
1
3
3
1
1
1
5
1
0
1
2
3
1
2
1
1
6
1
1
4
2
1
3
3
1
5
2
3
7
0
2
0
1
1
0
1
1
1
3
2
0
2
1
1
0
2
2
2
2
4
1
2
2
4
1
1
5
2
3
1
3
2
4
1
1
3
1
3
2
3
1
1
2
3
2
4
0
0
4
4
1
1
2
1
5
2
1
3
1
1
0
3
1
1
2
3
6
3
4
0
3
3
1
1
1
1
1
2
2
2
3
2
3
2
1
1
2
1
1
0
3
2
1
0
2
0
4
1
1
1
1
2
1
3
0
1
2
1
1
1
4
2
1
0
1
1
1
3
2
4
0
3
5
2
2
0
1
3
1
2
5
2
2
2
5
4
2
3
1
2
0
1
1
1
2
2
7
2
1
6
1
1
2
2
0
0
0
4
0
1
4
1
2
1
4
1
2
1
0
5
2
1
0
4
0
1
5
2
1
2
2
3
4
1
2
2
2
1
1
4
4
2
2
3
4
0
3
2
2
2
3
1
1
5
6
3
3
2
6
1
3
4
4
7
2
0
3
4
4
0
1
4
5
1
1
1
1
4
2
1
2
1
2
6
3
3
2
2
1
5
2
3
2
3
3
3
0
3
2
0
0
2
2
3
2
0
2
1
2
0
3
3
1
0
0
2
1
2
2
0
1
1
4
2
2
5
1
2
1
2
3
3
0
2
0
2
1
3
0
2
1
2
0
1
0
0
3
1
1
1
5
0
0
1
2
2
1
2
1
2
1
1
3
1
2
2
3
0
2
4
1
0
5
2
1
4
2
2
0
5
2
3
3
0
2
0
1
2
0
3
2
1
1
0
3
3
2
1
0
2
4
3
2
2
3
0
4
0
1
0
2
1
0
4
2
2
2
1
2
2
1
4
1
2
1
0
2
2
4
1
1
0
4
1
1
3
2
0
3
0
1
2
2
2
1
4
1
2
4
2
2
2
1
1
1
1
1
1
0
1
1
2
1
3
1
0
2
1
5
0
3
1
1
3
1
0
3
2
0
2
2
2
3
1
0
3
1
1
3
1
5
1
1
0
2
1
2
1
3
1
4
3
1
1
4
2
3
2
3
2
1
1
1
0
1
4
2
4
2
3
5
1
1
5
3
2
0
3
2
0
3
1
1
0
2
3
1
2
1
2
0
2
2
2
4
2
3
1
1
2
0
4
2
4
4
3
1
6
2
3
2
3
1
2
2
1
1
2
2
0
2
0
2
1
3
1
1
1
0
0
0
1
2
2
1
1
5
4
0
1
2
0
0
3
1
0
2
2
4
1
3
3
2
2
0
2
0
0
2
1
0
1
0
3
4
1
1
2
2
3
0
0
1
0
1
3
0
3
1
2
0
2
4
2
2
2
2
3
1
4
1
2
3
2
0
1
2
3
5
4
1
4
4
1
2
0
0
1
0
0
4
2
2
1
2
3
2
2
2
2
3
1
0
1
4
2
2
2
0
1
2
3
0
2
1
1
2
2
0
0
2
2
0
1
3
1
1
2
2
2
2
1
1
1
0
1
1
4
0
1
1
5
1
1
1
1
2
1
3
3
1
1
2
0
1
1
3
3
2
1
1
4
0
0
1
0
3
1
0
5
2
2
3
2
1
1
1
2
1
0
3
3
0
1
1
0
6
1
0
1
5
2
2
0
1
2
1
0
3
0
2
6
3
2
1
1
0
1
1
2
1
1
2
1
0
3
1
1
4
2
1
3
1
0
3
3
1
1
1
1
2
2
0
1
1
6
7
0
1
3
3
2
1
3
2
1
3
3
1
4
0
1
3
2
1
1
1
3
4
1
3
0
1
4
0
0
2
3
2
1
1
0
0
2
1
1
2
3
0
3
0
1
1
1
2
7
1
1
0
0
1
1
2
2
1
2
3
2
1
3
3
2
2
0
1
0
2
3
3
1
2
2
2
8
4
2
3
4
1
5
5
2
3
4
0
4
1
2
1
3
0
0
3
1
3
1
0
3
2
0
2
0
3
6
1
2
0
1
2
1
2
5
2
2
1
2
1
2
3
2
4
4
3
3
0
2
3
2
1
3
0
1
3
2
3
3
3
2
3
1
3
1
2
4
1
4
2
1
4
0
0
2
2
1
1
2
1
2
0
2
2
3
1
1
0
0
1
2
0
2
2
1
2
3
0
0
3
0
4
2
0
1
1
1
1
1
1
0
1
0
0
4
1
2
2
2
1
3
3
1
1
2
0
2
1
1
0
3
2
1
2
3
1
1
4
1
0
1
2
1
0
1
0
0
2
1
3
1
2
2
0
0
1
1
0
0
2
2
0
3
2
2
6
1
1
3
3
1
3
5
4
0
2
4
3
1
0
2
2
3
1
0
1
1
1
1
2
2
2
3
1
0
4
2
3
0
1
1
1
2
0
1
1
3
2
0
0
2
2
1
1
3
2
1
0
1
2
1
2
4
0
1
1
2
1
3
0
1
4
0
0
0
1
4
1
0
1
3
0
2
1
0
5
2
2
0
2
3
3
1
0
3
2
2
1
2
1
2
0
1
4
1
0
0
0
1
2
0
1
1
1
2
2
2
1
2
1
1
2
3
2
1
1
3
0
3
3
1
0
0
2
1
2
3
2
1
0
1
0
0
2
0
3
3
0
2
2
1
2
3
0
4
4
0
1
1
1
0
4
1
2
1
0
3
1
2
1
1
0
2
0
2
2
2
0
1
1
2
2
0
1
4
1
1
1
1
1
2
1
0
0
1
1
1
0
1
0
2
2
1
1
3
1
0
3
4
1
0
1
2
2
2
5
0
0
3
0
0
4
1
2
2
1
2
2
0
2
2
0
3
3
5
1
1
2
1
2
1
2
2
2
0
1
1
2
1
1
0
2
2
3
1
5
0
3
5
2
1
2
2
2
3
3
1
1
0
1
3
2
1
0
0
1
1
4
0
2
2
3
1
0
3
1
1
4
5
0
2
0
0
1
3
1
3
2
3
1
2
1
2
2
1
1
1
2
1
0
0
2
3
3
2
1
4
2
3
1
1
2
3
0
3
2
5
0
2
3
2
0
2
2
0
2
1
0
0
1
1
2
3
1
0
1
2
1
2
2
1
3
1
0
5
2
3
1
0
2
2
1
0
0
0
1
2
2
1
6
2
0
2
1
1
1
1
1
1
3
0
6
1
2
1
0
0
0
0
1
1
4
2
0
0
2
2
1
3
1
1
2
0
4
2
4
4
2
1
2
0
1
2
2
4
0
0
0
3
1
3
2
2
0
2
1
3
6
2
2
3
2
0
1
0
0
0
0
1
1
0
3
1
1
3
1
0
2
1
1
0
2
0
1
2
0
1
0
0
3
1
2
0
0
1
2
0
3
1
2
2
1
2
2
0
1
0
4
1
0
1
3
0
3
0
1
3
2
2
1
0
2
0
2
0
3
3
1
1
1
0
1
2
2
0
1
1
0
1
1
1
0
0
1
2
0
0
0
1
0
0
4
4
1
2
1
2
1
1
1
1
1
2
0
$ENER_FIT:
0.4045 0.194549 1.704116e-08
$MCA_CAL:
3
0.4045 0.194549 1.704116e-08
$SHAPE_CAL:
3
0.0000 1.000000e+00 0.000000e+00
$ENDRECORD:
