$SPEC_ID:
Shot 102
$MEAS_TIM:
416.00000 442.00000
$DATE_MEA:
08/26/2021 12:03:57
$DATA:
0 16383
0
0
0
0
0
0
0
0
0
0
0
0
0
0
0
0
0
0
0
0
0
0
0
0
0
0
0
0
0
0
0
0
0
0
0
0
0
0
0
0
0
0
0
0
0
0
0
0
0
0
426
446
424
449
402
408
371
419
412
428
364
388
391
362
360
349
345
374
350
361
374
383
329
343
324
342
328
328
368
273
341
306
308
324
316
267
296
284
308
293
293
296
252
241
296
297
272
289
262
283
265
280
251
292
310
277
278
261
263
230
264
259
234
259
277
266
268
260
261
239
259
235
272
230
274
247
248
245
226
246
217
209
229
222
219
221
200
208
195
224
218
238
209
228
236
212
227
231
227
195
194
186
183
248
215
200
215
199
224
210
215
204
216
193
204
202
198
200
191
188
192
180
196
212
188
208
214
202
187
164
200
200
198
197
219
179
200
157
190
184
181
180
160
183
171
166
208
195
176
171
169
195
161
196
169
161
163
186
200
187
159
164
170
196
179
180
160
157
158
177
177
159
190
175
165
170
161
152
182
150
188
170
164
171
157
168
168
172
156
171
148
173
158
136
179
140
165
170
165
174
165
166
172
176
185
160
173
159
149
171
166
173
157
161
171
169
147
164
157
153
161
163
167
191
161
160
158
167
178
167
188
179
148
160
172
140
169
137
151
162
166
146
146
158
172
161
146
156
162
138
158
172
166
143
156
157
126
157
156
162
146
163
161
158
177
148
153
160
161
169
195
210
162
185
169
189
160
155
175
192
174
157
152
156
150
161
162
170
154
140
157
184
146
147
166
163
172
147
179
218
305
382
421
328
270
229
269
236
229
193
205
162
182
140
162
150
176
154
143
146
157
147
160
159
159
138
160
155
159
145
132
153
151
165
194
141
162
172
163
161
159
184
204
189
207
185
184
189
183
190
163
162
149
159
162
179
200
179
179
180
196
197
188
203
174
173
155
152
176
180
159
185
188
159
167
148
192
215
207
186
151
172
160
174
171
212
208
265
230
252
200
168
149
150
168
187
186
181
172
179
160
142
159
162
145
155
143
197
160
155
155
165
162
188
176
170
192
193
180
179
158
143
166
187
154
194
238
258
346
400
397
311
201
192
165
160
153
159
178
164
193
131
136
160
154
124
165
149
196
260
321
316
294
235
214
153
205
204
193
154
130
151
124
127
151
167
167
172
172
174
141
156
142
161
178
173
184
181
224
231
313
280
263
206
192
178
169
174
156
203
171
138
177
140
139
134
136
155
170
170
172
166
197
194
199
206
217
196
180
190
159
126
131
143
146
152
140
153
155
146
132
157
159
119
162
160
199
191
181
163
140
141
130
160
172
139
150
150
156
168
155
165
168
142
159
146
161
156
174
180
152
151
160
170
166
166
211
193
206
175
156
127
151
140
153
135
143
150
167
175
186
202
199
213
224
187
197
157
155
139
149
155
163
165
165
144
156
136
159
145
138
140
128
161
169
137
164
135
136
155
134
155
156
145
162
142
154
165
153
162
133
143
139
162
167
157
159
163
153
142
125
146
150
128
157
171
139
133
139
139
137
153
141
185
161
164
134
150
139
131
138
149
157
143
177
255
285
337
305
271
225
174
181
209
321
403
438
393
302
260
235
185
149
146
135
142
154
165
198
211
221
218
226
170
166
149
132
138
147
140
137
156
165
208
180
167
175
144
139
116
145
127
145
166
152
155
132
161
132
122
142
150
158
150
159
155
148
197
193
194
174
153
130
118
140
133
138
174
174
174
184
236
225
248
216
188
141
137
120
132
134
104
125
130
131
138
119
127
155
131
119
124
134
121
130
126
130
131
127
144
143
134
144
144
153
139
161
171
175
139
150
126
118
127
143
154
177
204
181
159
146
174
176
149
146
148
143
148
120
123
147
147
128
145
128
128
131
122
134
108
102
109
136
158
155
160
203
149
176
154
135
168
144
133
161
131
109
105
143
132
147
160
218
259
229
218
209
146
125
131
132
117
129
129
116
111
90
128
115
97
121
121
129
127
128
148
147
116
121
133
135
130
156
182
214
266
283
362
339
280
248
187
135
120
122
144
114
121
115
141
117
139
125
140
121
132
121
114
112
130
136
105
129
117
113
151
142
148
173
177
129
144
140
132
171
167
160
124
128
148
112
112
110
114
132
127
122
120
123
111
116
135
106
139
114
112
132
111
109
98
98
120
118
113
109
125
123
117
134
146
123
121
136
176
186
220
267
231
170
144
134
149
162
226
248
292
313
279
234
169
142
117
114
120
126
129
133
130
117
109
111
109
133
126
137
143
137
134
123
119
141
131
133
150
154
140
146
122
123
125
112
119
111
100
110
107
106
109
105
103
113
126
127
114
128
87
103
100
113
97
85
93
99
105
122
119
97
122
99
104
107
103
95
91
103
104
127
90
95
111
96
103
116
112
127
110
144
117
119
93
107
99
97
113
117
103
146
198
238
250
229
227
150
199
197
227
166
147
126
142
111
113
124
108
108
115
115
125
127
103
98
121
111
87
88
114
120
98
117
113
115
108
108
106
136
125
142
167
257
403
592
726
720
636
443
260
183
128
116
117
102
119
119
100
101
100
109
97
97
103
87
107
97
92
90
107
101
84
100
100
106
80
108
114
108
141
127
161
118
122
93
128
102
90
96
97
114
89
112
133
164
163
159
150
149
162
147
109
128
109
109
95
93
102
92
122
123
144
161
134
118
130
98
81
97
102
94
90
89
99
98
88
106
104
100
88
84
75
90
82
107
97
90
80
69
88
105
91
90
102
104
120
112
148
145
131
113
92
97
81
108
99
86
88
97
89
88
98
97
87
89
109
113
83
106
99
109
88
89
87
83
98
104
100
89
79
82
82
98
84
72
105
98
123
107
125
124
122
90
92
78
84
80
90
69
88
106
93
95
120
122
160
212
240
258
231
167
120
88
88
97
103
91
106
91
106
89
111
106
107
108
107
104
82
97
96
88
110
137
145
146
153
133
104
91
78
73
73
79
74
88
88
105
102
143
186
136
144
116
96
84
107
89
123
131
141
98
98
78
99
84
79
93
94
99
85
99
73
79
78
90
90
74
59
86
89
92
104
84
80
91
84
80
75
83
93
81
66
91
106
87
87
89
88
75
96
101
99
102
128
120
145
175
188
178
169
160
135
90
115
88
77
72
89
95
94
95
103
102
82
79
77
78
73
67
80
91
83
86
79
89
84
79
75
101
114
109
139
127
120
131
123
117
120
105
105
114
107
117
110
82
73
68
74
89
81
61
96
75
68
96
77
72
82
76
75
68
66
78
64
74
79
61
86
66
61
75
88
91
109
133
90
114
70
87
74
83
76
65
78
79
82
81
87
69
78
69
78
71
72
82
61
70
107
135
145
187
162
139
131
104
96
108
107
119
132
111
149
113
83
100
91
85
103
99
97
88
83
85
64
82
67
88
77
93
83
107
101
122
156
248
267
201
221
168
110
83
94
65
68
76
83
77
71
68
78
65
76
82
83
75
59
84
94
103
155
161
213
213
195
152
106
83
74
88
69
81
87
89
116
118
123
117
124
78
83
72
67
68
83
84
101
114
125
131
123
92
105
81
91
75
79
78
86
79
78
85
64
65
61
63
76
67
62
74
81
70
93
104
137
161
155
137
120
105
82
79
77
68
65
60
97
90
98
86
81
84
68
65
61
83
83
123
111
146
160
143
99
77
64
73
62
79
52
52
65
61
63
80
75
77
66
69
64
61
69
73
83
79
85
106
105
83
77
71
75
70
65
60
65
62
71
72
79
61
63
61
86
71
63
61
64
58
68
61
80
69
84
77
67
74
73
55
57
70
85
65
59
74
58
63
62
76
65
61
67
50
75
75
78
75
83
101
86
83
81
86
78
99
77
64
55
76
66
70
73
69
78
77
60
81
83
64
63
72
67
58
56
67
55
64
76
79
65
61
77
79
59
78
69
71
71
81
72
70
81
89
85
97
84
86
71
65
63
71
60
47
75
71
76
82
92
105
136
82
105
84
76
88
99
101
113
117
138
152
178
190
218
195
147
106
106
68
66
56
52
54
82
59
58
67
65
64
60
67
66
63
65
64
85
93
93
95
94
101
104
90
100
72
61
67
57
69
59
58
72
58
62
62
51
48
56
65
60
51
66
72
71
74
72
73
76
93
107
107
123
146
166
135
101
91
85
60
72
61
49
50
61
51
58
72
73
59
64
57
55
51
51
69
44
58
58
63
59
59
66
75
75
95
80
82
71
70
61
71
71
63
61
64
62
52
46
54
62
53
67
66
66
59
56
75
52
57
56
61
52
64
70
58
50
63
59
47
41
55
54
57
53
54
48
47
55
45
51
59
51
56
64
60
83
64
61
67
56
61
79
64
69
65
69
61
56
62
56
49
58
56
55
72
59
54
68
43
70
43
60
54
49
54
48
56
50
51
55
66
77
66
65
69
71
67
64
80
66
59
56
66
66
60
49
47
44
55
47
68
51
51
51
52
53
53
66
57
54
58
63
63
56
49
60
57
68
62
86
68
64
61
68
58
71
65
44
63
62
59
54
64
55
46
47
41
58
57
62
68
64
71
79
111
109
119
102
115
80
74
62
48
68
55
45
49
50
55
65
74
91
138
199
241
265
282
217
176
123
80
45
53
45
53
53
60
50
57
50
61
59
61
63
81
68
57
66
61
59
57
51
55
67
54
66
61
83
66
53
77
59
53
57
54
55
45
52
51
64
47
46
58
61
98
123
125
155
150
139
100
85
69
53
74
58
62
53
61
69
52
54
65
48
54
50
48
44
46
36
45
49
45
60
56
56
39
47
53
63
46
47
48
39
52
61
45
48
53
58
60
50
44
54
36
45
64
53
59
63
44
65
46
49
60
52
37
43
46
54
49
52
59
46
57
41
58
52
59
49
47
56
57
49
73
56
64
63
62
67
94
72
64
91
58
71
76
65
67
65
61
57
55
52
47
54
50
44
45
59
49
52
40
35
43
46
42
45
54
46
44
40
58
58
73
75
69
54
47
64
50
63
71
69
68
64
60
57
55
57
56
47
64
57
77
75
80
74
96
86
79
56
65
46
45
60
57
55
57
55
36
68
58
52
43
47
64
59
64
61
68
67
73
78
58
60
51
71
53
54
47
67
53
38
48
47
40
59
39
45
53
47
41
30
47
48
38
53
56
50
62
44
47
60
42
62
45
46
64
56
52
42
50
58
52
40
40
32
58
39
47
48
46
60
72
75
74
63
83
56
71
53
54
46
54
45
53
55
41
41
56
53
50
40
41
63
42
48
55
48
62
85
109
116
117
117
106
67
64
44
47
42
49
54
49
41
53
61
43
42
47
51
35
42
42
48
47
40
48
46
51
48
54
52
56
48
64
37
64
54
64
73
66
58
46
44
38
37
39
49
59
52
45
53
48
42
44
43
52
48
54
57
51
55
48
57
77
71
55
51
50
52
50
48
53
54
46
47
42
47
30
54
42
31
33
37
47
44
30
45
44
37
32
52
42
46
49
44
49
52
44
42
48
63
42
45
48
45
55
38
50
46
38
31
46
40
43
37
39
50
44
46
40
49
40
52
50
37
37
35
48
46
50
45
50
51
51
40
53
45
50
43
56
62
36
51
39
39
41
49
48
41
34
46
46
42
42
30
28
38
40
49
37
43
40
39
46
43
34
47
32
49
43
38
43
51
34
30
41
32
31
39
52
46
59
42
64
58
60
59
60
49
38
56
37
47
45
34
35
35
31
37
44
37
42
34
30
45
42
38
43
40
42
32
42
41
38
40
39
47
42
39
43
48
35
47
36
36
47
51
34
42
42
33
48
31
39
56
66
50
56
33
45
43
41
35
49
39
33
50
42
53
52
61
60
59
49
59
43
44
54
60
49
66
63
72
44
47
56
49
48
56
57
45
42
52
53
61
68
79
84
111
126
120
150
185
179
203
174
187
194
195
148
171
169
116
112
112
99
98
94
74
67
58
69
44
70
60
74
77
85
76
54
51
49
50
41
42
40
48
39
62
45
58
42
27
51
54
47
32
49
42
37
52
34
41
53
47
36
41
33
35
40
36
48
47
33
56
43
52
31
37
24
39
46
32
34
27
38
39
39
43
50
46
40
47
39
43
32
33
31
37
44
45
46
56
47
54
62
50
51
52
52
87
96
138
132
106
106
71
59
50
51
47
40
37
40
35
46
50
34
36
30
27
27
39
42
40
49
40
55
49
44
60
62
84
64
51
48
50
40
41
43
35
36
43
39
33
47
36
36
42
43
36
40
41
56
43
54
44
54
62
82
92
106
101
67
75
50
45
34
33
24
28
30
44
36
47
47
35
38
35
31
48
34
38
22
41
41
37
37
40
41
42
41
37
38
49
33
44
37
28
35
38
41
37
35
33
38
28
30
50
37
45
50
53
37
40
40
39
34
33
28
26
46
27
31
44
47
32
38
41
38
38
54
52
61
70
49
56
50
49
41
46
41
46
43
45
39
43
34
40
40
41
44
31
49
46
42
27
35
38
36
30
38
39
33
38
44
32
39
50
69
52
63
79
65
59
47
41
41
39
42
22
23
34
26
40
38
43
42
55
29
40
42
42
25
33
37
40
29
39
29
30
34
26
30
33
36
29
35
40
36
36
47
29
25
32
45
40
36
35
41
33
34
40
28
30
35
38
37
38
28
39
25
40
30
30
36
27
37
23
51
45
23
34
27
33
39
37
46
43
47
46
46
44
44
48
40
38
44
42
44
45
29
49
43
27
28
32
36
36
34
34
21
37
31
43
52
46
59
40
54
37
38
43
38
47
46
49
41
43
40
33
30
27
34
38
35
31
31
27
22
30
22
34
35
37
46
51
43
47
72
86
114
172
170
151
142
124
90
69
64
48
41
31
35
26
28
27
28
46
34
44
33
45
26
27
36
37
36
39
28
30
29
42
30
28
29
23
29
32
38
33
27
34
30
36
45
37
32
36
37
33
41
35
43
24
38
33
34
42
54
71
96
143
201
222
224
201
209
167
117
69
59
56
73
49
40
36
40
31
40
30
37
29
36
36
41
27
40
32
46
35
23
25
46
41
34
39
41
55
45
40
61
62
42
42
37
32
38
46
37
32
30
38
44
30
31
52
38
45
46
52
39
37
27
25
39
33
25
32
20
29
30
30
36
29
36
33
30
24
38
22
32
47
36
40
24
40
34
37
38
33
41
26
42
34
26
32
31
43
34
32
40
47
60
56
54
57
52
51
39
32
36
25
26
30
24
34
31
22
24
31
34
26
50
30
32
34
30
38
46
32
30
36
39
33
36
34
28
36
35
28
35
20
32
33
33
36
30
39
36
31
26
39
31
39
33
37
47
42
35
31
35
33
32
25
33
27
30
28
33
35
30
33
33
31
44
47
41
39
39
42
37
28
40
40
32
29
25
32
34
29
32
30
41
33
33
33
33
33
42
37
38
32
37
54
42
36
43
42
44
32
57
33
35
39
40
33
29
36
33
40
43
38
56
65
52
50
50
37
34
25
40
34
45
29
31
30
42
46
34
31
36
28
44
35
28
19
31
30
29
29
37
24
34
36
24
25
31
23
29
37
38
28
41
36
35
31
27
45
47
26
32
32
31
37
33
36
34
31
37
27
27
33
31
28
31
31
40
39
63
68
76
59
79
70
45
40
41
29
23
22
25
28
31
21
33
39
28
20
30
30
35
26
39
28
19
26
26
31
31
27
24
29
39
26
27
36
20
35
29
25
27
27
35
38
26
33
36
45
31
42
46
49
33
22
29
27
29
24
38
23
33
35
34
24
27
29
28
22
30
33
29
31
32
31
29
24
30
27
24
33
35
32
29
34
24
30
33
25
33
26
29
30
27
30
30
29
25
31
23
28
34
26
26
20
27
23
22
25
20
22
25
30
26
33
19
22
26
30
20
32
30
24
24
26
31
17
19
30
30
27
25
35
23
26
24
32
39
37
32
41
55
65
57
52
45
44
34
31
23
30
38
32
29
33
38
28
23
31
25
28
22
27
32
31
41
20
26
38
31
24
28
19
26
30
35
30
27
35
28
24
15
25
30
21
26
29
30
39
29
27
26
28
35
39
39
44
60
87
99
97
139
124
101
88
51
45
32
41
35
33
37
23
26
37
32
25
28
33
23
38
27
34
27
23
28
17
35
27
31
29
25
33
23
25
29
29
29
23
30
30
33
31
35
28
30
29
29
29
27
27
33
22
28
10
30
42
28
21
33
22
24
27
22
25
28
35
37
63
59
49
49
39
35
34
24
25
24
24
24
29
27
28
45
28
21
33
26
23
23
31
22
27
25
21
27
27
20
29
31
28
26
36
24
25
26
27
21
23
18
25
25
23
29
35
43
30
27
29
27
38
33
27
28
24
34
26
45
26
44
27
25
27
30
39
45
64
78
77
109
120
113
109
113
91
67
47
38
39
28
27
29
33
40
30
27
37
34
23
30
22
21
28
27
26
24
22
33
19
18
25
28
25
23
29
28
36
24
37
30
37
26
37
19
30
42
36
33
26
29
30
22
29
34
31
26
32
37
40
23
26
27
22
29
24
24
26
26
28
36
31
19
36
27
19
23
40
36
30
30
26
30
23
28
18
15
23
18
20
21
35
34
32
42
32
42
55
64
84
63
56
43
52
35
30
28
24
25
20
21
24
13
30
23
23
32
24
28
25
28
31
21
19
23
23
24
16
17
24
21
22
26
36
21
28
25
26
19
25
30
17
26
24
20
30
30
26
25
30
21
35
27
26
25
32
20
21
21
26
19
24
28
30
27
25
21
25
24
22
26
23
13
35
18
20
19
24
31
33
29
34
22
22
17
28
26
19
26
20
27
24
17
28
20
21
17
22
34
24
30
27
36
38
33
30
22
19
24
25
20
21
25
26
25
20
19
29
25
31
34
33
40
45
35
28
32
27
30
32
24
26
34
27
22
22
28
19
22
31
26
23
23
18
30
26
27
31
19
43
37
32
38
36
35
36
28
29
26
41
24
36
29
30
33
27
32
29
39
20
17
24
32
14
26
28
21
20
21
24
19
27
22
34
33
28
36
34
45
35
27
38
24
21
24
23
23
20
24
16
25
29
37
35
19
26
21
29
26
26
25
22
27
24
25
21
20
26
22
23
17
34
29
30
55
43
56
40
40
38
44
30
19
36
31
24
17
20
25
22
23
20
17
16
27
25
23
22
32
23
30
36
32
24
42
33
40
30
49
37
33
31
34
18
25
24
29
20
20
21
12
14
27
20
19
25
13
23
29
31
23
29
40
37
34
44
37
32
26
22
26
29
23
21
22
26
25
20
20
19
30
26
27
28
23
21
17
29
25
24
27
23
27
25
27
34
43
49
54
59
35
48
40
37
22
28
20
28
20
21
24
24
22
15
18
16
19
15
16
18
31
17
20
20
23
21
21
22
22
16
17
18
28
23
20
23
25
28
33
22
25
15
26
28
16
13
22
20
23
19
29
24
25
28
37
37
29
41
35
35
34
35
31
25
23
25
31
21
21
19
22
15
25
19
34
9
20
27
20
19
22
18
21
20
21
16
24
27
15
26
26
22
22
29
28
21
30
23
21
22
18
25
19
18
27
18
20
20
26
21
22
15
12
20
20
18
18
21
14
25
21
23
18
21
16
12
30
24
39
58
65
61
79
65
63
63
50
31
26
23
25
19
20
17
24
15
24
20
20
28
29
24
22
24
25
30
28
26
37
34
30
34
35
16
34
24
16
21
17
22
47
30
57
27
47
37
49
34
31
31
27
30
22
23
19
20
20
24
24
22
26
30
17
23
23
19
30
33
39
40
34
44
46
36
31
31
30
30
37
41
30
59
45
40
39
33
28
25
30
23
25
22
18
19
16
18
12
21
18
25
19
18
22
22
18
18
16
21
20
23
25
19
19
16
24
22
13
17
23
22
23
13
18
24
22
30
26
29
20
22
22
28
15
21
9
15
23
22
19
18
23
22
17
23
15
19
25
16
29
27
22
17
16
30
16
17
27
16
24
18
24
21
13
16
19
20
17
17
18
13
23
22
16
21
11
20
13
29
17
15
21
15
28
21
20
18
17
25
14
23
23
15
18
18
23
23
17
32
17
17
21
23
25
19
27
16
18
25
14
23
18
16
26
23
20
23
19
18
17
16
19
13
22
22
22
26
33
30
39
49
65
48
48
45
41
27
29
23
26
18
22
20
15
12
20
14
16
16
23
19
22
25
25
29
20
30
13
27
20
15
29
16
16
17
24
18
24
13
19
33
36
31
33
37
39
33
22
29
27
13
21
22
16
18
11
19
22
14
25
16
28
33
51
39
43
46
32
24
22
25
24
18
21
23
11
17
23
20
20
23
19
28
12
13
9
28
27
13
21
14
23
29
19
21
23
30
22
29
30
36
30
30
19
24
23
13
22
17
29
16
17
27
18
22
16
26
32
25
31
27
19
38
19
17
11
27
18
22
18
21
18
23
14
30
18
15
13
22
23
14
15
20
12
17
12
19
13
25
14
18
17
26
12
22
14
21
22
12
17
22
21
24
28
25
27
43
32
35
23
22
34
30
15
20
8
20
23
21
26
24
26
25
27
36
32
22
20
29
18
30
30
27
21
27
23
21
21
27
17
26
17
25
18
27
21
21
23
18
21
23
15
11
11
23
16
15
29
37
31
38
55
42
38
35
36
30
25
23
21
19
21
15
22
15
21
23
15
12
18
14
19
17
12
28
14
23
15
17
13
15
17
15
19
21
25
27
18
25
19
20
15
20
25
17
17
18
16
23
22
24
17
22
20
18
20
20
20
24
14
16
18
14
19
19
16
11
14
18
25
20
25
27
18
15
28
29
17
28
23
24
15
24
24
23
21
20
20
15
17
22
17
19
10
18
19
18
17
14
15
13
18
18
17
30
18
13
15
19
16
14
16
23
21
13
13
19
21
22
17
19
19
18
25
21
24
28
23
32
29
24
33
24
23
21
21
18
19
25
24
12
25
15
15
20
15
12
20
16
23
18
24
22
32
26
32
19
27
31
17
18
23
16
14
20
14
16
23
13
14
16
20
19
21
18
17
20
21
27
28
45
30
36
31
34
23
21
26
20
13
19
16
21
10
16
19
12
15
14
19
12
20
5
12
15
14
10
11
20
9
16
18
18
18
16
17
12
14
11
12
13
15
21
13
12
13
21
12
18
16
14
15
17
18
8
22
14
13
21
16
21
23
10
10
11
20
10
16
11
16
14
15
22
23
10
13
18
25
27
29
23
30
28
17
22
22
22
10
24
24
10
26
25
13
22
19
23
23
24
18
26
39
45
56
65
92
104
85
88
77
58
39
44
24
26
22
15
16
19
18
13
15
14
17
13
27
8
11
18
16
17
21
18
24
20
19
17
19
15
23
19
12
21
10
16
20
18
12
16
18
10
21
17
15
18
11
17
18
13
19
16
22
19
17
19
24
21
23
21
22
17
26
22
17
23
13
18
13
19
22
29
16
30
23
22
27
22
22
21
21
10
17
13
23
14
14
30
20
29
23
24
15
16
23
14
19
14
17
15
14
16
22
11
18
21
22
24
18
9
14
11
15
19
12
15
16
15
11
20
15
12
15
18
16
14
16
15
16
10
20
13
26
29
24
21
18
21
21
20
21
19
17
17
13
28
20
16
14
17
16
14
13
17
19
21
15
19
14
16
15
13
19
20
12
26
20
19
20
13
10
22
16
14
13
14
15
16
15
16
22
20
21
16
26
23
19
15
14
19
18
24
27
23
25
17
28
26
14
11
14
22
12
15
15
16
20
16
18
12
15
12
11
18
14
13
12
19
17
21
25
27
19
21
13
15
13
25
21
15
30
16
15
19
15
17
12
14
13
16
13
17
16
19
26
20
25
20
23
19
19
14
23
29
26
24
31
27
18
16
22
15
18
23
23
14
18
21
19
4
8
15
9
17
15
13
16
20
11
17
19
12
16
15
15
20
16
21
12
21
13
15
20
20
11
19
20
16
12
14
24
16
11
12
10
14
22
6
18
13
12
22
9
18
17
16
14
5
15
19
14
22
15
16
26
22
21
10
20
13
10
20
19
18
25
25
27
21
19
18
18
22
15
23
15
25
18
26
9
25
14
14
14
21
8
17
13
14
24
12
12
13
13
19
21
18
15
14
17
13
11
12
18
7
25
9
19
17
17
17
15
18
15
13
20
21
9
14
13
15
22
15
27
11
17
13
16
14
15
18
15
15
9
16
14
25
13
8
16
18
19
22
10
9
12
13
21
14
13
15
14
8
17
20
19
20
22
13
19
8
21
16
12
17
8
14
19
21
20
23
23
15
20
22
24
15
15
10
22
18
15
19
19
14
19
16
12
13
15
21
13
14
20
16
18
14
9
20
14
19
19
17
15
16
13
13
16
16
22
13
22
17
14
16
11
15
11
10
9
14
14
22
18
10
14
13
14
10
12
20
13
21
16
10
13
18
14
13
21
11
9
18
18
12
19
6
13
13
14
23
13
17
10
17
10
15
15
19
27
17
20
22
15
26
17
24
23
16
14
15
11
18
10
11
9
12
14
19
8
15
8
8
19
12
15
8
12
9
27
12
15
18
14
13
11
11
8
12
14
16
16
13
13
20
19
18
13
12
12
18
15
20
13
22
11
13
16
18
15
15
10
18
10
17
15
21
19
11
9
11
11
15
13
14
20
18
19
16
23
18
19
10
13
16
19
15
12
12
22
25
28
27
38
39
29
26
36
30
20
19
19
16
14
16
12
12
14
9
15
13
16
15
10
12
12
15
19
10
14
11
15
18
14
11
12
19
19
21
14
15
12
19
13
12
17
10
11
19
15
13
15
15
21
14
5
12
10
17
22
19
13
15
16
14
23
17
11
12
16
14
16
14
10
12
15
11
10
10
17
14
18
15
13
16
12
15
17
8
12
20
14
14
16
16
11
11
12
5
15
16
15
22
26
19
16
12
10
13
16
18
15
12
19
22
13
15
15
19
16
11
15
16
17
20
18
15
16
20
21
22
26
16
19
19
18
12
16
17
20
12
16
14
25
20
19
9
14
13
14
14
16
19
19
10
17
16
9
14
16
16
16
13
12
18
11
13
13
11
17
11
20
11
9
19
10
20
20
24
12
12
14
17
22
14
13
15
9
15
15
5
14
20
16
9
10
17
12
10
20
14
9
11
11
19
18
17
22
17
16
16
16
19
16
25
17
17
20
18
19
12
20
13
12
25
9
21
15
14
12
13
12
12
16
13
15
18
20
18
15
14
24
12
20
16
11
20
11
10
23
12
13
12
14
16
7
14
11
14
19
19
13
14
15
16
13
16
18
21
23
24
27
23
20
21
16
8
15
12
15
12
18
19
12
12
15
25
24
17
14
12
18
13
18
17
10
14
20
14
15
25
18
14
18
17
18
16
16
5
15
13
10
12
12
7
9
15
15
18
15
12
19
14
16
20
15
12
10
10
15
10
13
16
20
15
18
17
14
13
18
23
16
18
5
9
14
13
17
9
17
16
16
10
16
10
9
12
12
15
14
17
14
11
11
19
18
12
11
11
16
11
10
11
18
11
12
17
17
14
17
8
16
16
11
21
7
18
11
11
20
11
18
7
21
16
17
12
7
21
18
14
19
20
17
14
11
10
10
12
21
9
5
16
10
15
11
16
12
19
11
9
14
18
15
14
13
14
13
12
18
10
9
15
12
6
17
9
12
15
18
21
8
15
16
16
15
12
16
15
14
12
14
9
17
15
15
8
15
14
12
12
7
16
9
8
18
10
17
10
13
11
11
8
19
14
14
18
19
14
14
7
16
7
12
15
10
9
9
17
12
9
12
15
8
13
12
4
13
6
12
12
16
10
16
10
14
16
16
15
9
12
12
11
16
8
13
21
19
9
11
15
26
16
12
9
13
8
12
15
14
9
12
8
14
8
21
16
21
19
18
19
18
21
9
16
16
15
14
12
16
10
16
21
21
13
20
16
13
21
23
8
27
22
18
23
16
20
5
11
13
9
10
13
11
16
12
13
7
14
13
15
20
11
15
12
21
14
22
24
13
10
13
17
8
18
12
13
17
16
9
12
8
12
16
17
14
10
22
13
6
22
12
10
17
17
10
13
13
11
9
14
15
10
11
8
12
11
7
13
11
15
18
12
14
9
11
19
17
14
11
12
5
10
11
20
8
10
15
16
9
16
11
10
16
14
11
9
7
12
8
10
8
13
15
11
13
21
20
12
19
27
19
22
19
23
9
17
17
10
14
11
12
8
14
14
14
10
21
15
11
12
15
17
9
14
21
17
8
13
9
14
9
8
10
16
11
8
11
11
11
11
7
11
11
10
17
12
8
9
15
16
16
14
12
7
21
13
11
14
13
9
15
9
21
13
14
18
17
13
11
15
15
14
14
8
7
9
9
6
13
9
18
9
13
12
7
12
14
13
9
12
15
18
15
18
9
13
9
13
9
12
13
12
13
6
8
18
10
15
17
14
14
15
18
14
12
9
16
14
15
7
15
17
12
11
10
15
13
18
14
17
16
6
8
5
11
14
11
12
8
13
14
14
9
7
10
14
13
6
6
15
8
16
9
13
4
13
9
11
13
6
12
7
12
9
14
16
10
15
6
12
10
9
14
16
11
10
15
18
13
13
8
10
8
12
9
11
9
11
14
12
17
8
10
11
15
8
5
10
11
9
11
20
15
14
18
14
22
19
21
21
29
38
36
25
29
24
26
17
16
19
16
16
23
11
20
16
18
14
8
13
14
11
13
21
20
13
13
7
8
13
12
4
9
11
8
6
13
7
5
6
9
9
7
14
8
13
11
16
8
13
10
17
14
14
15
13
13
14
11
10
15
9
15
7
12
11
12
7
8
12
13
9
8
16
11
13
13
14
7
14
20
20
11
11
16
17
15
13
12
13
15
7
5
3
8
8
13
4
11
7
13
10
10
11
8
18
15
9
5
16
12
15
16
10
12
10
12
10
10
13
13
9
8
4
15
12
9
4
17
7
6
12
14
5
9
10
12
13
11
6
16
16
13
18
13
13
12
7
15
13
8
14
10
13
10
9
8
4
13
5
9
9
11
14
12
11
6
14
14
6
22
14
8
15
11
9
15
7
13
7
10
8
11
7
15
9
9
7
11
13
14
13
9
12
11
17
9
15
19
12
10
16
11
11
15
17
13
9
5
14
8
8
12
10
13
16
14
15
12
6
13
19
10
12
11
7
12
12
6
11
14
17
12
33
39
22
31
38
39
29
22
27
20
16
20
12
16
15
16
11
15
10
13
8
7
13
17
13
14
2
11
9
6
6
6
6
6
7
10
12
4
12
11
14
18
18
13
12
24
14
15
20
9
12
12
8
9
17
10
13
15
12
15
13
9
13
8
14
5
9
9
7
6
11
6
14
11
9
2
11
5
4
6
10
10
5
10
10
9
5
5
8
9
10
7
8
10
11
10
7
7
10
12
8
11
5
14
22
16
21
11
11
9
10
12
7
9
8
10
9
9
6
10
13
8
3
15
6
5
7
13
13
6
11
16
7
10
8
7
7
4
6
7
4
4
9
12
7
4
6
10
13
9
9
8
7
10
4
8
7
9
7
10
8
9
8
13
5
18
11
5
10
10
11
5
12
9
14
11
7
6
11
12
6
13
7
12
10
4
12
7
3
13
8
9
7
9
6
8
11
11
7
7
9
10
8
7
8
7
9
9
6
8
6
11
15
8
6
6
8
6
6
9
11
8
8
10
9
6
5
12
9
9
6
14
5
6
13
9
7
12
6
8
8
12
12
7
4
9
11
12
9
10
12
10
7
6
5
8
10
13
10
11
10
7
13
4
3
8
3
9
6
8
7
5
5
9
9
6
10
17
4
9
5
10
11
10
4
10
6
8
8
15
8
12
10
9
9
10
8
10
10
7
7
6
8
5
5
6
9
3
8
7
10
10
9
7
5
16
11
15
8
9
6
10
11
7
9
13
9
10
10
15
8
15
10
5
7
11
10
7
13
11
8
8
8
5
10
13
8
6
10
12
9
11
10
9
10
8
13
9
11
8
12
0
12
8
21
14
10
19
19
21
19
15
8
14
16
10
13
6
4
7
13
14
6
11
13
10
9
13
8
12
13
8
18
5
10
8
9
7
11
5
7
9
11
10
10
6
6
12
6
5
12
16
10
11
9
6
9
8
3
9
12
8
10
9
7
7
7
4
4
8
14
11
14
8
9
4
9
12
4
6
6
7
7
7
5
8
12
8
3
8
8
4
6
6
11
7
9
7
10
7
4
11
8
9
14
15
9
8
6
9
4
7
10
11
7
11
7
8
8
8
5
5
5
8
5
7
10
5
9
13
9
10
6
13
10
11
3
6
7
8
14
12
11
9
10
7
7
6
10
8
12
5
11
4
16
11
11
9
19
14
14
17
20
14
6
9
3
8
6
9
7
7
7
7
6
12
11
7
9
8
5
9
6
8
7
9
11
11
11
10
16
12
6
7
8
9
8
2
7
5
6
7
10
12
6
1
9
6
12
13
15
15
10
8
11
4
8
11
7
6
10
11
12
8
10
28
28
43
69
68
104
92
100
92
105
95
67
57
53
34
16
10
10
11
11
7
6
6
8
15
8
8
8
12
14
8
20
9
12
8
6
4
6
11
8
11
6
7
10
8
5
7
9
6
10
10
4
17
13
11
6
10
5
5
6
6
10
3
13
12
5
9
7
8
9
14
3
14
10
14
14
6
8
5
7
8
4
10
6
7
6
3
9
8
7
7
8
9
6
8
4
5
6
8
3
6
6
11
5
5
5
7
5
8
11
3
12
8
8
10
11
6
8
8
10
13
11
9
9
9
12
9
5
3
6
9
10
6
8
4
9
6
8
9
7
10
9
8
9
8
4
15
11
4
5
5
4
6
6
10
4
9
8
7
6
8
7
11
3
6
5
9
7
8
7
7
14
27
25
38
44
58
37
42
40
39
30
27
34
21
10
12
9
6
12
12
4
6
5
6
11
8
4
10
10
12
7
7
8
6
5
8
9
1
10
9
8
2
7
6
8
6
8
8
10
9
6
9
8
5
9
10
9
2
6
8
3
4
4
3
8
7
10
6
7
7
6
6
4
4
9
11
7
7
4
9
8
9
12
6
7
5
8
7
8
9
3
11
4
10
10
8
7
6
10
9
4
9
6
6
11
10
6
6
5
4
9
13
7
11
5
5
11
4
4
10
4
5
4
9
10
9
9
8
6
5
9
9
9
7
5
5
8
5
6
7
3
8
2
7
6
7
12
9
11
11
9
6
7
7
11
12
8
6
10
7
5
10
8
9
11
6
8
5
8
4
6
7
11
7
7
8
3
4
5
6
12
6
4
6
4
12
9
9
7
7
11
6
7
10
8
7
7
15
9
9
9
12
6
5
4
4
3
6
7
9
10
4
8
7
5
9
7
10
10
8
7
6
12
9
8
7
8
3
6
9
12
6
7
11
7
7
5
5
6
4
7
8
1
7
6
8
10
8
12
5
7
6
9
11
7
8
5
9
12
4
9
8
8
14
16
7
10
11
7
10
3
8
5
6
4
8
7
7
9
9
12
7
8
5
4
7
9
8
6
10
10
10
13
12
27
20
25
21
19
20
21
16
16
15
6
11
10
9
11
7
4
13
12
6
5
6
8
7
4
8
8
7
6
11
5
1
7
6
4
2
10
6
7
8
9
1
8
11
12
6
4
4
7
4
6
9
7
6
11
2
6
10
4
4
4
8
6
5
6
10
8
7
4
2
9
8
6
4
8
9
5
2
10
7
9
10
13
9
7
3
10
7
5
12
8
2
4
3
6
11
9
9
12
10
7
6
5
2
4
12
8
4
7
10
7
4
10
9
6
5
5
5
3
5
3
6
4
3
8
3
10
8
7
4
5
5
10
9
10
3
5
4
8
10
6
5
6
3
8
11
10
8
11
9
5
8
7
3
4
10
8
5
7
12
4
7
4
7
6
4
5
5
10
4
8
9
7
6
8
11
7
10
9
7
7
9
10
10
11
6
5
3
8
7
12
3
6
3
9
3
3
5
4
7
5
6
10
7
8
6
0
6
5
8
9
8
12
4
5
6
4
5
6
11
10
12
13
9
4
2
6
5
9
6
4
6
7
8
6
7
6
9
4
11
12
6
10
8
8
13
10
15
12
11
12
7
4
9
7
4
8
6
6
5
8
3
4
4
11
6
4
6
6
5
4
10
9
3
5
4
6
9
5
9
5
6
8
4
6
11
6
9
7
9
9
11
4
6
5
6
7
4
7
5
6
3
5
7
4
5
9
5
6
8
8
10
11
12
6
3
8
8
8
5
4
10
4
9
7
7
7
8
9
4
6
8
12
3
6
5
8
6
4
3
2
7
6
4
6
8
5
9
4
5
4
4
1
6
7
1
9
8
10
7
9
8
4
5
8
4
5
3
6
10
9
6
8
4
10
6
8
10
4
12
5
5
6
5
6
8
8
3
12
6
5
6
7
6
6
8
4
5
7
5
10
6
6
3
8
13
4
11
3
5
7
6
4
9
7
4
5
7
7
9
7
6
2
6
9
11
6
6
5
4
2
10
5
6
5
8
5
7
6
6
5
5
4
4
7
6
7
5
9
4
6
5
3
3
5
5
6
5
8
10
4
4
7
3
8
10
6
8
5
3
11
2
8
3
4
6
8
10
7
11
4
8
11
4
3
5
4
8
13
6
8
6
5
6
6
10
9
12
8
9
5
7
3
8
7
7
8
13
8
4
4
9
9
7
10
9
5
6
5
1
3
4
5
4
9
5
9
4
2
7
3
6
7
8
5
3
6
4
6
10
6
3
4
6
9
6
3
7
7
4
7
3
7
4
2
6
5
5
5
5
7
7
3
8
9
4
6
8
4
5
9
14
3
6
4
4
4
6
7
9
4
4
7
5
8
5
4
6
9
9
6
2
6
5
7
8
4
9
6
5
6
4
10
8
11
9
5
4
7
6
9
7
6
9
7
4
9
8
10
12
4
4
5
7
9
7
5
11
7
3
4
3
5
10
5
9
8
5
10
10
5
9
9
8
8
12
7
4
5
2
5
4
8
12
4
6
6
12
11
8
7
5
4
6
8
6
8
5
7
8
6
11
3
5
5
5
5
9
10
3
2
3
2
6
8
7
6
8
2
2
3
9
9
6
6
6
2
9
3
6
4
11
7
5
3
4
12
6
4
8
7
10
4
5
8
6
7
6
4
5
4
6
3
8
2
1
8
5
10
11
3
7
10
4
7
5
3
9
5
3
4
4
8
3
3
4
7
4
7
11
5
5
5
1
2
4
6
4
4
6
7
5
7
3
5
8
11
11
10
1
6
6
9
5
3
5
2
7
7
4
3
6
5
2
8
7
5
6
7
8
4
11
10
10
7
6
10
12
6
8
7
7
4
8
7
11
0
9
10
8
13
2
9
5
6
9
6
4
6
5
4
7
7
4
7
7
5
10
9
4
10
9
4
3
7
6
8
7
9
2
7
5
2
6
9
5
3
5
6
12
7
13
5
7
3
6
6
4
6
13
4
4
6
5
6
9
2
9
2
7
4
7
2
6
3
3
2
7
3
4
2
3
7
6
2
8
3
9
4
2
5
8
11
5
7
5
8
1
1
3
5
5
8
5
8
11
9
2
5
3
10
6
13
5
7
7
5
9
6
8
4
8
7
4
6
10
4
6
8
5
6
9
7
3
8
11
3
6
3
6
6
8
7
5
5
10
1
4
5
2
4
2
8
0
8
4
2
2
2
9
6
5
8
8
4
9
2
8
3
7
8
7
4
3
7
4
7
7
9
7
2
7
6
4
11
3
6
3
2
4
6
12
4
3
4
5
7
1
8
7
4
9
9
5
5
6
7
4
6
8
4
8
4
8
4
5
7
3
9
5
6
6
8
5
7
5
10
3
5
3
4
7
8
7
6
6
6
5
6
8
7
5
1
3
3
7
2
1
5
5
6
4
6
10
9
9
8
5
7
7
4
4
2
10
1
7
7
3
6
7
3
6
4
2
2
2
6
2
6
5
4
2
6
6
8
7
7
10
7
6
4
8
10
8
6
7
9
13
5
0
10
5
5
5
5
7
5
8
2
8
11
9
2
5
5
7
7
4
7
3
7
5
4
7
5
5
7
2
11
3
8
10
11
5
10
9
4
3
4
7
10
10
4
10
7
2
2
9
4
5
3
4
9
2
12
5
8
3
3
5
4
6
11
4
7
6
4
6
1
6
9
6
4
3
4
8
5
2
6
6
6
7
4
1
5
6
3
5
5
4
8
6
7
4
4
7
4
2
1
8
5
5
4
7
4
7
6
4
8
10
3
3
5
5
5
5
3
4
4
10
6
4
6
5
7
10
9
6
7
4
7
5
2
6
13
8
7
3
11
7
5
3
4
6
2
4
8
5
4
7
3
4
5
5
3
3
0
3
4
3
1
4
5
11
7
4
3
10
14
7
8
7
11
12
14
6
6
7
10
9
6
9
7
4
6
9
8
4
8
7
10
6
3
6
6
2
7
3
5
6
1
7
7
5
6
6
1
3
1
7
3
11
3
4
6
6
9
4
4
5
9
8
8
5
4
9
3
4
8
2
6
7
4
9
4
2
2
6
2
4
1
7
8
2
7
4
7
4
7
8
5
11
5
11
1
6
6
8
7
7
5
2
6
5
4
4
10
2
4
7
2
6
6
4
2
3
6
8
4
2
3
1
3
3
6
5
5
2
6
11
10
4
5
3
7
4
6
8
2
3
5
5
6
4
7
5
5
3
11
7
3
9
6
5
4
6
5
6
4
5
3
1
6
8
1
4
6
1
7
3
2
6
10
5
5
9
10
2
6
3
4
4
7
7
3
7
2
4
6
5
7
2
3
4
5
5
1
7
4
8
3
6
7
3
3
6
2
4
4
4
2
3
6
5
7
6
5
8
2
4
7
3
5
9
4
6
7
7
7
8
6
8
5
3
5
7
3
1
3
8
11
7
8
3
9
6
7
5
4
1
8
5
3
6
5
7
5
4
3
7
4
9
7
6
5
3
3
6
4
5
7
6
2
2
5
3
7
3
4
8
5
8
4
2
5
9
8
5
2
3
4
6
2
5
4
10
7
8
5
3
4
7
8
3
5
5
8
4
6
11
5
6
3
5
4
5
5
8
9
1
5
2
2
4
3
1
3
9
4
5
3
5
3
5
4
6
5
6
4
2
12
5
4
4
3
3
2
5
5
4
4
4
4
9
6
6
4
4
2
4
2
3
8
7
6
7
5
2
4
3
4
4
7
5
6
9
4
2
4
4
8
7
1
8
3
6
5
4
2
3
4
6
8
9
7
9
4
4
6
7
6
2
4
6
6
2
4
5
6
7
3
0
9
5
4
1
5
3
6
4
3
6
6
4
3
3
4
1
4
5
8
6
7
3
4
5
3
3
6
4
6
13
3
7
1
10
5
7
6
8
2
6
6
4
10
4
4
6
5
4
6
11
4
6
8
6
5
14
6
11
8
7
8
7
4
5
4
5
9
5
11
2
5
6
5
3
2
6
7
0
2
3
2
3
2
8
0
5
8
3
6
6
3
4
4
6
8
2
6
1
2
8
6
4
6
1
10
4
6
4
3
5
1
1
3
6
4
3
3
1
3
5
4
3
7
4
3
6
6
6
5
4
5
5
6
5
4
1
1
6
4
8
3
9
7
4
5
7
3
2
3
5
6
4
6
7
3
4
5
8
3
5
7
4
9
6
6
2
2
4
4
3
0
3
2
4
2
5
3
3
8
6
3
8
6
2
7
7
6
2
3
0
6
9
5
2
5
6
10
3
7
8
8
1
7
2
7
3
3
3
4
2
6
6
8
2
3
3
6
8
3
3
3
4
2
8
2
9
4
6
4
3
3
4
6
5
6
2
2
4
7
4
4
1
2
8
4
6
4
3
3
4
4
8
1
4
7
5
7
2
7
6
9
7
4
3
6
6
2
4
3
2
8
5
2
3
6
8
4
5
5
6
2
2
5
7
3
4
4
6
5
10
4
7
6
1
4
2
2
5
1
3
4
4
7
4
0
3
2
2
2
6
4
5
6
3
4
6
2
4
3
2
4
5
5
8
4
5
4
7
1
1
5
2
8
3
5
6
5
6
2
4
5
5
7
6
7
2
5
2
2
6
8
6
4
6
3
5
5
5
8
7
2
4
4
4
7
4
6
6
8
8
3
3
5
2
7
1
6
4
4
4
6
5
6
7
5
2
3
1
5
6
6
1
6
1
6
2
9
3
3
7
5
5
5
3
5
2
5
3
5
0
5
5
8
5
4
4
2
7
4
4
8
5
3
3
5
4
2
7
3
8
3
4
3
5
4
4
5
4
5
6
2
3
2
3
3
3
6
7
3
1
7
4
4
7
5
5
4
1
6
4
4
7
4
4
2
4
5
5
7
9
6
5
2
3
6
5
3
3
6
2
2
5
4
6
5
7
7
4
1
2
4
4
5
4
4
3
4
3
6
2
7
2
4
2
3
6
5
6
4
9
3
4
3
5
4
3
5
7
7
4
4
5
3
3
6
3
10
7
4
4
6
11
4
5
4
4
1
3
3
6
7
2
4
3
5
6
4
4
4
4
4
9
3
1
3
9
2
2
3
3
6
2
1
1
5
6
5
3
3
3
2
4
4
3
4
6
4
1
3
6
4
9
1
5
2
4
5
3
5
8
2
4
5
3
4
3
9
2
3
5
2
2
3
4
1
7
3
4
2
5
4
2
6
4
7
2
9
6
2
4
5
1
3
1
2
7
4
6
2
9
5
2
2
7
1
4
5
7
2
4
2
4
1
6
5
2
3
6
1
5
8
8
11
7
5
10
10
4
10
10
4
10
7
8
3
7
4
8
4
6
4
5
3
3
3
4
3
6
7
4
1
8
1
2
1
4
6
2
1
4
3
6
3
5
6
5
6
4
3
3
5
6
6
7
3
4
2
1
3
6
3
5
5
3
1
5
2
3
2
3
1
5
5
1
4
7
2
2
4
2
5
2
2
3
3
1
2
4
3
7
3
3
3
3
1
6
0
2
6
2
4
2
7
3
3
3
3
4
4
6
4
1
4
3
6
5
4
1
3
9
3
4
7
5
3
2
5
7
5
3
3
4
4
2
2
4
2
4
3
3
3
4
2
3
6
3
4
6
4
7
3
6
3
4
4
4
5
3
4
3
5
7
5
2
4
7
4
5
3
4
2
1
3
6
2
4
4
3
8
8
3
2
1
5
8
5
4
4
3
4
7
5
5
3
4
3
2
3
4
2
6
3
2
2
3
1
8
2
3
5
4
5
4
2
6
6
4
4
2
1
3
5
4
1
2
2
4
4
3
4
5
4
9
3
4
2
6
4
4
5
4
3
3
7
4
3
4
1
4
2
4
7
4
3
1
4
7
3
3
2
1
5
4
7
3
1
4
2
4
2
3
8
4
6
4
3
5
2
0
3
3
3
3
3
4
2
4
1
7
1
8
5
9
1
3
4
2
2
4
2
4
1
4
3
7
6
2
1
4
3
4
3
6
2
3
0
7
3
8
5
3
2
5
4
6
4
5
1
11
4
4
3
5
8
0
3
7
3
8
3
4
5
3
3
3
3
5
3
3
1
7
8
1
7
2
6
5
7
3
1
3
4
4
5
2
3
3
6
3
5
3
7
3
6
2
3
6
2
6
5
2
5
2
7
2
3
0
5
3
2
4
5
6
3
5
6
7
2
3
5
2
4
3
5
3
2
2
3
7
4
4
5
5
5
5
5
2
1
7
2
5
4
3
11
4
3
4
3
4
3
3
5
2
3
3
5
5
7
4
5
4
2
3
5
4
2
7
3
3
5
4
7
9
5
2
6
3
1
7
2
7
6
3
6
3
6
2
3
4
0
4
4
2
2
6
5
4
2
9
1
4
2
3
5
4
4
4
7
2
1
0
1
3
5
2
3
4
7
4
3
3
3
5
2
1
4
4
8
5
6
2
4
2
1
4
6
3
2
1
4
7
5
4
2
4
1
4
3
2
9
2
4
0
4
6
4
5
3
0
7
1
3
5
5
2
3
1
4
2
4
2
4
6
3
2
2
1
4
4
4
1
4
3
3
3
0
4
2
4
5
4
1
10
2
3
3
1
2
1
5
3
2
3
4
1
1
2
3
4
1
3
2
5
4
0
2
4
7
2
1
3
4
6
5
4
2
4
3
4
6
3
0
9
2
1
4
4
1
2
3
3
3
5
2
3
5
1
5
3
3
3
2
1
6
4
2
6
7
3
4
0
6
0
1
4
4
7
2
2
2
2
1
3
4
3
5
2
4
5
1
3
1
1
4
1
3
6
7
3
2
1
4
3
6
4
7
7
6
8
4
5
5
5
6
1
7
2
7
4
6
3
6
4
3
3
5
2
1
4
6
6
5
0
3
5
3
3
3
3
5
4
3
3
4
3
3
3
3
1
2
3
4
2
4
2
2
6
5
3
3
6
0
2
1
6
7
3
3
3
2
5
5
4
7
5
1
2
2
1
3
1
4
2
2
4
4
3
2
3
5
1
4
4
6
3
2
1
2
3
5
1
3
3
5
2
3
3
2
4
3
5
5
2
2
2
7
2
0
4
3
2
6
5
2
1
4
4
4
0
3
2
3
2
4
3
2
4
4
3
5
7
2
3
5
4
3
2
4
3
0
2
1
2
6
3
3
6
3
2
5
4
2
3
3
1
8
4
5
4
2
2
1
2
5
5
4
9
2
3
4
1
6
4
5
4
1
5
3
4
6
3
0
3
4
5
2
5
4
1
2
5
3
7
0
2
2
4
5
4
3
4
1
3
5
5
1
2
4
4
1
8
5
5
1
0
5
3
3
5
6
4
2
1
3
4
2
3
2
5
2
6
4
3
0
3
3
2
2
3
1
4
1
3
4
2
4
5
1
4
2
4
6
1
3
2
2
6
4
2
2
3
2
0
3
6
2
6
1
6
4
3
1
2
5
0
1
3
7
5
4
3
4
4
4
2
5
4
1
0
1
3
3
3
4
2
4
3
2
3
6
4
3
3
1
4
3
5
6
2
7
4
4
2
3
5
3
5
2
2
4
2
5
1
2
2
0
2
2
3
7
1
0
5
2
1
3
5
4
3
1
1
4
4
3
3
1
1
7
5
2
0
6
5
4
4
2
2
3
2
3
2
3
2
5
4
6
6
3
1
1
2
1
5
3
2
6
7
2
4
5
4
5
4
1
6
5
3
5
4
5
1
3
1
4
2
0
5
2
2
2
5
2
3
3
4
2
4
1
3
5
3
8
2
5
3
6
5
3
0
0
2
1
0
5
2
2
1
3
0
2
1
4
2
4
2
2
1
1
5
1
5
5
2
1
3
2
3
3
4
3
4
0
3
6
4
3
4
8
5
0
3
2
3
4
4
2
2
7
2
3
3
1
2
2
5
6
3
5
4
9
9
4
3
2
0
1
3
4
1
3
6
3
5
2
7
4
3
1
0
1
6
2
2
3
2
4
1
4
2
2
6
2
4
2
5
3
3
3
3
3
3
1
2
4
5
4
6
3
4
4
3
4
3
3
9
6
0
1
1
1
1
2
4
2
3
2
2
0
2
1
2
2
2
2
4
2
3
10
2
2
2
3
2
5
2
3
3
1
6
4
3
1
1
1
0
4
3
4
3
0
4
2
1
8
2
2
5
1
5
4
0
5
2
1
3
2
2
2
3
4
1
4
3
2
6
2
6
3
4
5
2
3
4
1
3
3
2
3
0
2
2
3
0
2
3
2
1
6
3
2
4
0
2
2
1
2
5
1
5
4
4
4
3
4
5
3
3
5
6
1
3
4
3
4
3
5
2
3
4
5
1
6
5
4
7
6
2
4
1
2
3
5
3
4
2
5
5
3
0
1
3
1
1
3
3
6
3
1
3
5
3
6
6
6
3
6
9
4
6
0
3
0
3
5
5
3
5
4
5
6
6
7
3
4
7
2
3
4
5
4
3
2
3
3
2
2
3
5
3
3
3
4
0
4
2
3
1
5
4
2
3
4
1
6
2
2
4
4
5
6
2
4
3
1
2
1
2
8
6
0
2
6
2
2
5
3
5
4
5
1
4
7
3
1
4
3
4
0
6
3
4
3
2
2
4
4
2
2
1
2
4
7
4
3
2
0
0
2
2
8
4
3
4
1
5
0
4
7
6
1
3
2
4
4
4
1
2
2
4
4
3
1
1
1
4
1
3
3
1
5
5
4
4
2
0
1
3
1
1
0
2
0
3
2
2
4
3
1
2
1
5
0
1
2
1
2
0
2
4
1
1
6
3
0
1
3
3
3
0
3
2
2
0
1
3
1
3
1
5
1
2
2
2
3
0
2
0
2
8
4
2
4
4
3
3
4
3
2
5
2
3
3
0
1
1
3
2
2
6
3
5
2
2
4
3
2
4
7
2
4
6
3
2
5
5
3
5
2
4
2
2
2
1
1
1
7
6
3
1
3
2
4
0
4
2
2
2
3
0
2
5
2
3
6
2
5
2
4
7
1
4
3
3
4
5
2
8
0
6
3
5
5
1
2
7
0
4
4
5
0
3
3
3
4
3
2
4
1
4
1
1
3
2
4
0
5
3
2
2
5
1
6
0
2
5
3
2
3
1
2
4
5
0
2
2
1
1
2
1
3
3
0
1
2
3
0
1
0
4
1
3
1
5
2
1
1
4
2
3
3
4
3
1
4
2
3
3
1
2
4
2
2
0
1
4
4
3
2
2
3
1
0
4
1
2
1
0
4
3
2
2
1
6
1
1
4
4
4
1
5
4
2
1
4
6
4
1
1
1
1
3
2
1
1
2
5
1
3
1
3
5
5
4
3
2
2
3
3
2
4
5
4
1
0
1
5
6
1
3
2
3
2
2
1
3
4
1
3
2
5
1
3
2
2
2
3
4
4
2
3
1
2
2
2
3
1
2
1
0
4
3
3
3
4
2
3
1
3
7
1
2
2
1
3
0
6
5
2
3
5
5
7
4
5
4
8
8
5
6
6
3
5
2
4
2
3
2
2
2
1
2
4
3
3
1
6
2
1
1
1
1
4
3
1
3
5
1
3
1
5
3
3
3
2
1
5
3
1
3
3
2
3
4
3
2
1
2
5
7
6
3
4
4
4
2
6
2
1
4
2
2
2
0
4
3
2
0
4
1
1
1
2
4
1
3
1
4
1
2
3
1
5
2
3
2
6
1
2
4
3
0
2
4
3
5
2
1
5
6
4
0
2
4
4
1
2
1
2
4
1
2
1
6
4
1
0
2
4
2
2
3
0
2
0
1
2
1
4
2
1
1
3
3
2
0
1
6
4
5
1
4
2
2
6
5
0
4
3
1
3
1
0
4
2
0
3
7
4
4
4
4
1
6
1
1
4
1
1
1
3
1
3
0
2
2
6
2
4
6
3
2
0
2
3
3
6
0
5
2
6
5
3
3
5
2
2
4
4
1
2
4
1
3
1
1
3
1
4
2
1
2
3
5
6
6
2
1
1
2
3
3
4
4
3
7
0
1
0
2
4
1
0
2
1
2
1
1
2
3
0
3
8
3
3
2
2
1
0
3
3
2
0
3
3
2
2
3
4
2
5
3
0
3
2
3
3
2
4
4
5
1
0
2
3
0
3
4
0
3
5
2
3
3
4
4
2
1
3
3
3
3
4
4
2
1
4
2
3
4
2
4
1
1
2
0
3
0
1
5
1
2
8
4
3
3
2
3
2
1
4
0
3
1
2
3
3
3
3
1
1
1
4
3
1
2
1
2
4
2
2
0
4
2
2
0
4
3
6
3
4
3
1
6
3
1
3
2
2
0
1
1
2
1
2
2
4
1
0
3
4
1
3
0
1
4
4
0
1
1
4
3
0
1
2
4
3
2
1
2
3
2
1
5
1
1
4
2
2
6
1
1
3
1
3
4
3
2
2
2
3
1
1
3
1
1
3
2
2
2
4
3
3
2
5
5
1
5
2
2
4
3
4
4
2
8
5
5
2
4
2
2
3
0
1
2
2
3
1
2
2
1
3
3
1
1
6
4
2
3
2
2
0
3
4
1
2
6
2
2
0
4
5
1
0
2
0
0
3
4
5
6
5
5
4
2
3
1
1
1
2
2
1
1
3
3
1
2
3
3
4
3
4
5
3
1
2
4
2
1
2
0
5
1
2
6
1
0
4
1
1
4
2
2
1
0
2
3
0
5
1
3
3
4
2
3
1
0
1
2
1
4
2
2
2
4
2
3
4
1
1
1
1
1
2
3
3
5
1
1
0
0
3
2
2
4
3
4
1
0
0
3
3
1
1
5
1
5
0
1
3
1
1
2
2
1
3
2
1
3
3
3
1
1
3
3
5
1
3
3
1
4
4
0
4
4
3
1
2
1
4
5
2
2
2
1
2
3
0
0
1
1
2
1
1
3
1
1
3
0
0
1
0
4
0
3
3
4
0
0
0
3
2
0
2
2
1
0
1
1
2
1
4
0
2
2
1
0
1
4
3
2
3
3
2
1
3
4
1
1
1
4
2
2
4
2
3
5
0
3
3
0
2
3
1
2
1
3
1
1
3
1
3
3
1
1
3
7
2
1
4
2
1
4
4
2
1
4
3
1
2
4
1
0
1
1
2
1
1
1
1
1
4
2
2
2
1
3
0
2
1
4
3
2
0
2
4
3
2
1
2
2
2
3
3
4
0
0
2
5
3
3
1
2
1
2
0
1
5
3
1
1
1
4
0
2
2
1
3
0
2
1
2
4
2
2
2
4
2
1
2
2
4
0
3
2
0
1
2
4
0
2
1
2
4
0
1
5
0
0
1
2
2
2
3
2
1
4
0
0
1
0
1
0
3
2
3
4
3
3
2
3
3
0
0
1
0
4
4
2
2
2
1
5
3
0
0
1
1
4
1
3
1
1
1
2
1
3
2
2
3
2
0
1
1
4
4
1
3
1
1
2
1
2
0
0
3
0
2
3
4
3
3
1
1
3
3
1
0
1
1
1
3
2
1
2
2
5
2
3
3
3
4
2
4
4
4
1
0
2
1
5
2
4
0
3
2
1
1
4
3
0
1
0
2
0
2
2
0
1
2
1
6
0
3
0
2
1
3
2
0
2
2
2
1
4
1
1
2
2
1
1
0
1
0
3
4
0
0
1
3
6
0
1
2
2
2
5
3
3
2
1
0
3
3
1
0
5
1
3
1
3
3
3
2
4
6
4
1
4
2
3
4
2
2
3
3
1
2
2
3
6
1
1
1
0
1
2
0
1
2
1
2
1
2
0
0
1
3
0
0
0
1
1
1
0
1
0
0
4
0
0
2
1
0
4
2
1
1
4
0
1
1
2
2
0
1
1
4
3
2
1
2
2
1
2
1
0
2
4
1
2
1
2
0
2
1
2
2
1
1
2
2
1
1
3
1
0
0
3
2
1
0
2
2
0
1
1
1
0
3
2
2
4
2
3
3
4
5
3
4
5
4
1
0
4
4
3
2
2
5
0
2
2
2
1
2
3
1
0
2
1
1
1
1
0
1
1
2
0
2
2
5
1
0
3
3
1
1
1
1
2
1
1
1
1
4
1
1
2
2
3
1
1
3
5
2
1
3
2
3
1
1
1
2
3
2
1
2
2
1
2
0
0
0
0
1
3
2
3
3
0
0
1
2
1
2
2
0
0
0
2
2
0
4
3
2
4
0
1
4
5
5
9
3
8
7
7
3
3
7
5
6
4
3
6
1
3
4
0
3
0
2
3
0
2
3
4
3
1
0
1
0
1
3
1
1
0
3
2
2
5
0
1
2
1
3
1
2
5
0
2
4
1
6
1
4
1
2
2
3
1
5
2
2
2
2
1
2
3
2
1
2
0
2
0
4
2
3
2
2
3
1
3
1
2
2
2
4
1
1
4
0
3
3
3
4
1
0
3
2
1
2
2
0
4
2
3
1
2
0
1
1
1
2
1
2
0
4
1
4
1
0
3
3
2
4
1
2
5
1
1
6
1
3
2
1
1
0
1
2
1
0
1
0
0
3
1
5
0
0
1
1
1
3
1
0
0
6
2
1
5
1
2
0
0
3
2
1
5
0
1
0
1
3
1
1
1
2
0
0
4
1
0
1
3
3
0
1
4
0
0
1
4
0
1
1
2
0
1
1
1
0
4
1
3
0
2
3
2
2
0
1
2
2
2
2
3
0
2
0
0
2
3
1
2
2
0
1
2
1
2
0
0
1
7
4
0
2
1
1
0
1
1
1
2
2
4
2
2
3
3
0
2
3
2
1
2
5
7
3
4
9
6
6
8
5
7
10
4
5
5
3
4
5
5
3
3
1
1
2
0
0
4
2
2
0
6
3
2
2
2
1
1
5
3
1
0
1
3
0
3
1
1
0
0
1
2
1
1
0
3
1
0
2
0
2
1
3
2
3
2
1
1
3
0
4
3
2
2
4
2
0
0
1
0
0
2
0
2
3
1
2
1
0
2
1
0
4
1
3
0
3
2
0
4
4
0
0
4
1
3
4
1
5
1
5
1
5
1
2
3
2
4
1
3
1
0
1
0
3
0
1
1
1
0
3
1
1
0
1
0
5
3
1
3
5
4
5
3
1
2
6
3
2
3
4
3
0
0
2
1
4
2
0
3
2
0
3
1
0
0
0
2
2
1
4
2
2
1
0
0
2
2
0
1
0
2
1
2
2
0
1
1
0
0
1
1
1
2
2
3
0
0
1
2
3
1
1
1
0
1
0
1
2
2
0
5
1
1
0
2
2
2
3
3
3
0
1
1
4
3
0
1
2
1
3
2
1
3
2
2
2
5
2
1
0
3
0
2
3
2
2
2
0
0
4
1
0
1
2
2
3
0
3
2
1
2
2
2
1
3
1
2
1
1
2
1
0
2
0
2
0
1
0
2
2
1
0
2
4
0
0
5
2
0
2
2
0
2
1
0
3
2
0
0
0
1
1
4
2
2
0
2
2
0
1
1
3
2
4
1
2
0
4
3
1
0
1
2
2
1
1
4
1
6
1
2
1
1
2
0
1
3
1
2
2
2
2
0
2
1
0
0
1
4
2
0
3
0
2
0
4
3
1
1
1
2
0
3
0
1
0
1
1
0
4
0
1
2
1
1
2
3
1
4
0
3
2
1
2
6
1
2
4
2
4
1
1
1
0
0
1
1
1
0
0
3
2
1
0
3
1
2
3
1
0
2
3
1
3
2
2
3
1
1
5
0
2
2
2
2
0
1
0
3
0
3
1
1
1
2
1
3
1
0
1
5
0
3
2
2
0
1
1
2
0
5
2
2
1
1
2
4
1
1
3
2
5
0
1
2
3
0
6
0
1
1
1
1
1
3
2
2
1
1
1
2
0
0
0
0
0
3
1
0
4
1
1
3
4
1
1
3
2
0
1
2
2
2
0
1
0
1
0
2
1
3
3
1
2
0
2
2
0
1
1
0
0
2
1
2
2
1
0
0
2
3
1
1
3
1
2
3
2
2
4
2
2
0
3
3
2
3
0
3
3
2
1
0
0
0
2
3
0
8
0
3
1
2
1
0
1
1
2
0
1
0
3
1
2
0
2
2
2
1
0
1
2
2
0
1
3
0
1
1
2
2
2
2
4
1
1
1
1
0
5
1
4
1
1
3
0
2
1
1
2
0
1
1
1
1
2
1
3
1
1
0
1
1
2
2
0
1
0
1
1
2
2
1
0
1
2
2
0
5
2
0
2
0
1
2
0
1
0
0
1
3
1
1
0
0
1
2
1
4
0
0
2
0
1
0
0
1
2
2
0
2
0
2
3
1
2
2
2
1
0
5
1
1
1
1
2
3
1
1
4
3
1
1
0
1
2
0
0
1
3
2
1
1
2
3
1
2
3
4
3
1
3
2
0
2
6
1
0
1
2
3
2
0
1
4
3
3
5
7
4
7
7
3
4
5
3
0
1
0
3
0
3
1
1
0
2
2
1
0
1
0
0
0
3
1
2
1
3
1
1
2
2
1
0
1
0
3
1
1
2
1
3
1
2
1
3
1
2
1
1
2
2
2
0
0
0
1
0
0
0
0
3
0
1
1
0
0
0
0
1
1
0
0
0
1
1
2
2
1
0
0
2
2
0
2
0
1
1
0
1
0
0
1
1
1
1
1
2
0
0
2
0
1
3
1
2
0
2
1
0
1
1
1
3
0
0
1
3
1
2
1
0
1
0
2
3
0
0
0
3
2
1
1
1
4
1
1
2
3
3
0
1
1
1
3
1
3
3
4
1
2
1
3
0
3
0
1
3
2
1
4
1
0
1
0
0
3
3
0
3
0
0
1
3
3
1
1
1
2
1
4
4
2
1
3
0
2
3
3
3
1
1
1
1
1
2
1
2
0
2
0
2
1
2
0
1
1
0
1
0
0
2
3
0
3
1
1
0
0
1
1
0
2
1
2
0
1
2
0
0
3
0
4
0
1
1
0
1
1
1
1
1
1
1
0
0
0
2
0
3
0
0
5
0
1
1
0
0
1
1
1
2
2
2
1
1
0
1
1
4
1
3
4
2
2
0
2
0
2
0
0
3
3
0
1
0
0
1
1
1
0
0
0
2
2
2
0
3
0
0
3
1
1
0
0
1
0
0
0
2
2
3
1
2
0
3
1
2
0
1
0
1
1
2
1
2
3
1
0
0
1
3
2
1
3
0
0
0
3
0
1
1
1
4
0
0
3
1
0
1
1
1
1
1
0
1
0
1
2
1
1
0
0
1
1
0
0
1
1
1
1
0
0
0
1
1
2
2
2
1
0
0
1
1
1
2
0
3
2
1
1
1
1
2
0
0
0
1
3
1
0
0
3
0
3
0
1
0
1
2
1
0
2
1
0
2
0
1
0
0
0
0
0
1
0
1
1
0
1
2
0
1
0
1
0
3
1
0
2
0
1
0
1
1
1
0
0
0
1
0
3
3
3
3
5
0
1
0
1
2
0
1
1
4
1
2
0
1
2
2
3
1
2
1
1
4
2
1
2
2
3
1
0
1
2
2
2
0
2
1
2
4
7
2
1
4
0
3
2
3
1
3
2
1
1
0
1
1
3
1
0
1
0
2
0
2
4
2
0
2
1
1
1
2
0
2
1
0
2
0
0
1
1
0
1
0
0
0
0
4
2
5
2
0
1
2
1
3
1
1
2
1
2
0
1
1
1
0
0
1
1
1
1
1
1
2
2
0
0
1
0
0
2
1
1
1
2
1
1
1
1
0
0
4
1
2
1
3
1
5
1
1
2
1
2
0
2
3
2
3
1
3
1
1
3
0
0
4
2
1
1
0
2
0
1
0
2
0
1
0
0
2
1
1
0
2
2
2
2
3
2
0
1
0
0
2
1
1
3
1
1
3
0
3
0
1
0
2
1
2
1
0
0
1
1
0
1
1
0
0
2
2
1
1
0
2
3
3
0
3
0
1
0
2
0
0
2
1
0
1
3
1
3
1
0
2
0
3
0
1
3
1
2
1
5
0
0
0
3
0
1
0
0
0
1
1
3
0
1
1
0
0
1
0
2
1
0
1
3
0
0
2
2
1
0
1
1
0
0
1
2
1
1
2
0
2
1
0
1
0
2
2
1
1
2
0
1
1
1
2
1
1
0
2
1
3
0
1
0
1
1
1
0
2
0
0
1
1
0
0
2
0
1
0
0
1
2
0
0
2
2
4
1
1
4
1
1
1
1
1
1
3
1
2
1
2
1
0
2
0
0
0
0
0
4
0
0
0
0
1
1
0
0
0
1
1
2
0
0
0
1
2
1
2
1
0
1
2
1
1
1
0
3
2
0
2
1
0
1
2
1
0
1
0
1
1
0
0
1
1
2
0
0
1
1
0
0
0
0
1
1
1
1
3
2
1
1
0
1
1
1
0
1
1
5
2
2
1
2
0
0
4
0
2
1
1
1
3
0
0
0
1
1
0
1
2
0
0
2
0
1
0
1
1
2
0
2
4
4
4
5
0
3
0
1
1
2
3
0
2
1
1
0
1
1
0
3
3
1
0
0
2
4
3
0
0
0
1
1
3
2
2
1
0
1
1
1
1
0
1
2
0
0
0
0
1
0
0
2
1
1
0
1
0
0
1
1
1
3
1
1
0
0
1
0
2
1
3
4
1
0
2
4
0
1
0
1
1
1
0
1
1
0
0
0
0
1
0
2
1
0
1
0
1
1
1
0
1
2
0
1
0
1
0
2
0
3
0
1
3
1
1
1
1
0
2
1
1
0
2
0
2
1
1
2
0
1
1
1
4
1
0
0
1
1
1
1
2
0
1
0
2
0
2
0
0
1
2
1
2
2
1
0
0
1
1
3
2
1
0
0
4
1
1
0
0
2
1
2
1
2
1
1
3
0
0
1
1
2
0
2
1
2
1
0
1
1
1
0
1
2
1
2
0
0
0
1
0
2
0
0
1
1
1
0
0
1
1
2
3
1
0
1
0
1
0
1
0
1
1
3
0
1
1
4
1
0
0
1
2
1
1
2
1
1
1
1
1
1
1
1
3
4
2
0
2
1
1
4
2
3
1
0
0
3
0
1
1
1
2
1
2
2
0
0
1
3
2
0
0
0
1
1
1
1
2
0
1
1
1
1
0
0
0
0
2
0
0
1
1
1
1
0
1
0
0
2
0
0
2
1
0
2
0
0
3
3
0
1
0
0
0
2
0
2
3
3
1
2
2
1
3
1
0
0
0
0
1
1
2
1
0
0
0
3
1
1
0
0
3
1
1
3
4
1
1
1
3
2
1
0
2
1
0
0
2
0
1
1
1
1
1
0
2
1
0
1
2
1
0
0
1
1
0
0
2
2
0
3
0
2
0
3
0
2
2
0
0
1
0
0
0
1
1
0
0
1
3
1
1
1
0
0
1
4
1
0
0
1
3
1
1
3
0
1
0
0
0
0
2
0
2
2
1
0
1
0
0
0
0
2
0
2
2
1
0
0
2
2
0
0
1
1
0
1
1
1
1
2
0
0
2
3
0
3
2
1
0
1
0
0
1
0
0
1
0
0
2
2
0
1
1
1
1
0
0
1
1
2
1
2
0
2
0
0
0
2
1
1
3
1
0
0
0
1
0
0
0
2
1
1
1
0
0
0
0
2
0
1
1
1
0
1
2
2
1
0
1
1
3
2
0
1
0
0
0
1
3
0
0
3
2
0
1
1
3
0
0
1
0
1
0
0
2
1
0
2
0
1
1
1
1
1
2
1
1
1
1
0
0
0
0
1
1
0
1
0
1
0
4
1
1
1
0
3
1
1
0
1
2
1
1
0
1
0
0
0
2
1
1
1
0
0
0
0
0
0
1
0
1
0
0
0
1
2
0
1
0
0
0
1
0
2
1
2
1
2
1
0
1
2
1
0
2
0
2
2
0
0
2
0
0
0
1
0
0
0
0
2
1
3
1
2
1
2
0
1
1
0
0
0
3
0
1
0
1
2
0
0
2
1
4
1
1
3
2
1
1
0
1
1
1
0
0
1
0
1
0
1
0
1
0
0
0
2
0
0
1
1
0
2
0
1
1
1
0
1
1
0
0
1
1
1
0
1
0
0
2
0
0
2
1
0
1
1
1
0
0
0
1
0
1
0
1
0
3
0
1
0
0
1
1
2
0
2
0
1
1
0
1
1
0
1
1
2
1
0
1
1
0
1
0
2
0
0
0
1
1
1
2
2
1
2
1
1
0
2
0
0
0
0
0
0
0
1
0
1
1
0
2
1
0
2
0
0
0
1
0
2
1
0
1
2
2
2
1
0
3
1
0
2
1
1
0
1
2
1
0
1
2
1
2
0
1
2
1
1
1
1
2
0
1
1
0
0
0
0
1
1
1
2
2
0
0
0
0
2
0
1
2
1
3
0
1
0
0
0
2
0
3
1
0
1
1
0
1
1
1
0
0
0
1
1
0
0
0
0
1
1
1
2
1
4
1
0
2
4
0
1
1
0
0
0
1
0
2
2
1
0
0
1
0
1
1
1
2
1
0
0
1
2
3
1
1
0
0
3
0
0
1
1
0
0
1
1
0
0
1
0
0
0
2
0
3
0
1
1
1
3
1
4
2
0
0
1
2
0
3
1
1
0
3
2
1
3
2
1
1
1
1
1
0
0
0
1
0
0
2
0
0
0
2
0
1
0
0
1
2
1
1
0
0
1
0
0
2
1
1
0
1
2
0
0
1
0
1
0
0
0
0
0
1
0
1
1
1
0
1
0
1
0
3
0
0
0
0
0
1
2
1
2
2
1
3
2
1
1
3
0
0
0
0
0
2
1
0
2
1
2
1
0
3
1
0
1
1
1
0
1
0
1
1
2
0
0
0
1
1
1
2
1
0
0
1
0
0
0
0
0
0
0
2
1
2
0
0
0
0
1
0
1
0
0
0
0
0
0
0
1
1
0
2
2
1
1
0
2
0
1
1
1
0
1
2
0
1
2
1
3
0
3
0
3
2
0
3
2
0
0
0
0
1
1
0
0
0
3
1
0
2
0
0
0
0
0
0
2
1
1
2
0
0
0
2
0
0
0
1
2
1
0
1
2
0
0
0
0
0
2
1
1
0
2
1
4
1
1
0
0
1
0
1
0
0
2
1
0
2
1
2
1
4
1
1
2
0
0
2
0
0
0
1
1
1
1
1
1
0
2
1
1
0
0
0
0
1
4
0
1
0
1
2
2
2
1
0
0
0
0
0
1
4
0
0
1
1
0
0
0
1
1
1
1
1
1
0
2
1
1
2
1
2
0
1
1
2
0
1
3
1
2
0
1
0
0
0
1
0
2
2
1
1
1
1
0
1
0
0
3
0
3
0
0
0
1
0
1
1
0
1
1
2
1
1
0
2
2
0
0
0
2
0
1
3
0
2
0
0
1
1
1
1
0
2
0
0
0
0
0
0
1
0
1
1
0
1
0
0
0
2
0
0
0
2
1
1
1
1
3
2
0
1
1
1
1
0
0
1
0
$ENER_FIT:
0.2951 0.194670 1.094897e-08
$MCA_CAL:
3
0.2951 0.194670 1.094897e-08
$SHAPE_CAL:
3
0.0000 1.000000e+00 0.000000e+00
$ENDRECORD:
