$SPEC_ID:
Shot 105
$MEAS_TIM:
282.00000 316.00000
$DATE_MEA:
08/26/2021 12:34:34
$DATA:
0 16383
0
0
0
0
0
0
0
0
0
0
0
0
0
0
0
0
0
0
0
0
0
0
0
0
0
0
0
0
0
0
0
0
0
0
0
0
0
0
0
0
0
0
0
0
0
0
0
0
0
0
614
673
665
611
579
591
582
570
534
550
535
567
533
554
543
499
500
509
495
495
498
477
481
447
490
494
448
458
474
475
435
456
448
424
460
458
404
451
430
398
443
415
413
418
391
394
378
390
382
357
352
354
367
386
352
366
381
346
380
330
359
374
341
315
380
375
350
332
358
326
308
352
325
336
337
346
328
333
365
334
335
322
318
311
337
295
317
328
305
309
292
290
302
310
313
287
298
267
280
286
287
301
288
276
263
279
287
266
289
302
263
286
291
283
292
281
296
267
285
281
266
283
283
266
261
293
295
253
278
277
265
284
263
259
255
277
281
284
244
261
283
231
253
255
249
260
253
230
270
275
241
276
213
286
244
247
263
206
235
241
237
250
265
234
253
251
225
246
285
259
221
230
226
262
247
235
217
232
208
245
233
259
240
235
222
259
252
226
223
249
218
214
226
227
237
269
235
204
233
221
218
236
241
211
233
235
234
224
233
245
225
241
228
207
204
234
225
208
236
240
187
221
224
217
231
197
220
228
243
204
216
226
239
250
204
196
199
203
219
203
198
205
205
224
230
188
226
229
228
205
212
222
204
202
187
213
222
223
209
218
212
210
200
198
215
240
206
209
215
241
241
234
238
218
207
229
221
217
192
205
216
202
189
217
228
225
224
192
185
220
193
228
206
212
208
207
195
220
212
289
344
486
467
438
320
301
301
345
293
268
257
250
213
227
210
207
205
192
214
203
193
223
194
219
201
199
215
190
190
215
210
210
214
199
240
206
206
222
207
180
231
262
260
266
251
259
251
268
261
224
207
226
222
198
192
213
245
309
276
287
273
274
250
257
236
231
222
186
203
223
225
207
234
239
225
220
226
242
244
237
197
201
204
212
217
242
279
308
340
331
265
212
221
190
230
224
250
247
218
219
196
173
194
213
189
225
191
214
219
183
192
205
202
210
241
224
235
239
251
211
209
209
196
198
206
215
240
348
424
455
482
375
292
229
207
196
214
195
197
184
206
177
194
213
192
194
206
225
279
347
401
424
411
335
282
236
235
233
212
219
212
190
165
187
210
183
201
233
227
204
222
189
201
222
194
189
233
242
259
303
363
357
345
288
250
253
256
239
214
205
213
196
218
220
189
228
183
196
186
200
232
233
247
256
246
277
308
282
277
269
217
199
203
217
210
184
205
196
207
177
190
191
184
212
218
235
255
244
245
215
183
213
182
194
209
195
221
198
166
202
220
237
202
187
195
182
188
225
237
256
236
224
182
211
237
212
262
305
266
248
206
205
208
233
194
205
184
208
192
217
225
279
268
316
295
280
263
222
204
218
175
199
181
202
186
173
209
183
169
205
195
175
199
200
205
192
195
170
174
184
200
212
249
218
215
202
214
197
186
168
160
201
181
184
195
193
200
189
183
213
184
196
176
195
198
189
200
192
170
172
173
157
188
206
192
208
187
210
207
190
209
187
201
221
220
258
323
380
348
304
246
227
254
293
451
562
601
560
432
349
264
269
206
205
196
171
166
196
211
224
230
241
237
199
191
191
174
192
159
195
212
191
226
244
273
240
218
217
179
161
187
197
199
208
213
188
167
175
182
187
192
196
191
176
159
187
215
226
289
261
240
227
196
196
182
235
281
305
315
282
281
286
328
310
263
230
208
181
167
159
180
165
206
175
177
190
184
187
190
188
177
182
181
170
173
162
168
168
186
186
209
215
205
186
225
203
194
188
205
189
181
181
165
175
196
219
244
284
274
211
200
232
236
216
209
188
160
176
159
162
170
168
179
165
187
152
160
171
175
157
160
178
163
176
215
189
229
202
217
243
253
263
212
207
163
174
170
191
205
181
188
218
280
307
335
327
251
198
155
178
177
182
176
169
141
163
153
160
158
151
168
180
151
169
198
219
236
210
181
173
171
161
203
216
284
361
435
475
443
452
384
270
226
216
197
160
162
178
174
187
150
147
149
172
193
162
165
151
165
151
163
126
154
142
205
197
235
222
254
252
198
207
177
184
244
240
232
224
195
149
150
177
155
143
176
181
176
147
157
161
142
141
166
168
169
145
148
154
146
166
146
161
152
162
180
140
154
159
177
186
175
162
176
217
302
385
501
434
338
251
205
190
242
274
366
382
462
386
313
243
189
170
150
144
205
136
160
149
148
170
151
163
159
161
186
208
185
169
174
164
175
198
196
218
212
184
159
183
147
157
158
157
148
146
143
139
143
135
140
156
175
159
166
159
153
136
144
146
132
126
141
148
131
127
149
126
137
149
149
137
161
131
149
122
126
146
145
135
147
153
148
149
130
172
168
152
178
158
144
135
155
137
159
169
162
145
177
234
280
285
307
279
263
261
279
297
247
230
192
175
168
150
139
164
149
139
166
152
153
162
162
144
139
144
122
132
164
125
146
149
140
135
180
174
161
154
176
217
364
538
851
1042
1014
925
659
443
299
201
181
153
142
137
154
130
135
131
145
128
151
131
136
137
110
149
137
120
138
131
121
132
139
130
142
128
154
173
187
176
179
178
163
151
121
147
128
127
142
127
153
136
169
181
182
186
178
168
174
162
141
152
121
126
113
116
129
133
159
186
202
215
187
175
137
141
139
114
166
142
111
130
126
134
139
137
125
120
133
137
109
129
118
121
112
131
126
147
128
150
139
125
147
144
119
129
160
136
131
127
126
127
113
130
125
125
141
121
132
126
128
115
140
146
150
147
156
116
114
143
136
113
129
106
115
109
121
131
109
127
114
113
126
124
125
131
174
174
173
150
149
125
117
124
106
117
102
114
108
125
115
160
181
254
285
320
371
344
285
227
162
124
118
126
133
128
138
134
128
134
133
127
152
138
125
135
132
129
143
171
195
232
275
211
204
148
103
120
108
124
111
120
115
120
141
171
209
242
252
225
215
166
146
153
119
155
145
164
154
166
112
120
140
124
113
129
141
135
111
108
101
106
110
127
106
112
118
129
140
147
126
135
131
101
144
116
103
125
113
123
124
135
124
117
111
109
104
120
118
118
144
165
163
158
202
203
212
214
207
206
142
136
117
107
104
117
119
115
134
128
134
128
128
131
95
140
125
128
130
128
122
111
120
122
128
138
146
154
182
191
183
213
211
231
186
200
176
159
180
190
162
150
133
133
114
121
108
96
87
101
108
105
96
105
131
135
103
122
107
120
105
99
81
83
115
118
108
99
94
116
118
130
140
131
107
110
105
92
95
98
107
102
92
111
105
120
119
99
113
113
117
95
106
103
106
140
159
188
214
247
225
175
144
136
143
156
185
197
213
143
156
135
120
127
123
125
103
101
120
111
100
126
111
113
105
88
115
128
119
148
159
263
330
360
334
322
279
187
178
119
100
111
107
109
129
86
92
109
99
110
86
107
89
100
103
115
94
144
191
210
217
224
198
157
142
131
117
125
122
141
143
175
199
225
206
165
136
114
94
96
95
103
109
168
237
321
382
380
324
280
183
126
123
128
118
112
103
119
137
107
118
95
98
79
102
74
99
109
103
130
179
195
284
290
263
218
190
111
102
100
77
95
100
127
125
139
134
137
110
106
89
92
110
121
142
174
240
210
211
173
143
108
113
88
87
90
93
94
93
78
84
92
90
83
110
80
96
90
99
102
106
107
127
145
110
124
110
90
75
87
77
80
78
82
78
88
95
101
105
107
97
105
115
101
92
84
88
89
111
98
111
111
93
97
102
88
99
102
93
89
98
87
83
90
91
84
78
80
95
89
90
120
112
103
128
131
130
110
129
129
134
112
100
100
98
95
96
97
95
100
111
97
114
88
89
114
96
107
94
73
90
92
96
64
92
81
113
90
102
85
84
98
89
98
95
100
93
109
137
146
125
116
103
92
82
88
91
77
80
88
89
91
113
146
142
172
182
149
134
112
121
125
141
136
141
153
161
180
179
241
241
167
146
130
95
97
99
82
91
91
87
84
84
106
92
81
90
89
75
87
67
98
100
115
104
107
107
125
112
128
95
79
101
77
82
84
81
85
83
92
59
67
81
65
75
76
77
83
98
97
79
101
87
112
142
129
150
222
237
310
285
222
170
124
115
77
97
75
80
85
72
87
91
83
73
87
77
99
74
83
66
80
70
70
90
78
90
82
100
86
107
121
111
93
97
73
69
75
86
88
75
88
78
82
84
95
82
79
88
80
102
94
78
84
105
101
85
72
93
83
81
79
65
60
73
72
74
79
73
69
68
88
77
77
69
70
74
74
76
89
86
75
87
71
76
81
92
68
60
67
103
76
86
82
92
78
79
76
89
87
86
76
76
68
78
78
84
83
77
78
73
77
71
88
73
90
75
86
78
91
100
71
90
64
101
103
95
77
85
75
76
77
51
76
74
56
75
76
76
67
71
86
62
74
69
82
75
73
69
80
80
97
94
91
102
112
111
86
92
89
74
84
88
68
87
80
86
79
69
79
95
77
99
68
69
86
81
106
94
151
138
143
190
196
134
133
94
105
87
69
95
73
68
85
78
90
92
111
136
191
242
303
342
290
270
187
117
106
99
107
84
93
75
80
81
84
97
87
112
86
112
107
78
82
71
52
79
74
80
80
78
84
77
88
77
81
85
65
68
79
76
84
84
94
72
69
81
78
90
103
87
128
142
205
223
195
196
124
114
95
87
63
70
72
76
102
89
90
79
67
59
73
69
70
67
68
71
59
81
76
80
66
74
80
93
64
71
82
71
81
80
51
71
98
60
73
61
62
73
74
65
66
59
77
88
79
75
76
57
72
63
66
67
53
67
57
51
65
62
66
73
76
64
92
85
67
82
92
83
79
80
54
75
79
77
76
94
97
97
92
119
81
96
94
81
106
73
75
74
77
66
75
55
81
61
69
58
65
62
73
60
52
73
67
59
67
55
77
79
103
92
86
106
106
85
85
89
81
81
94
87
84
92
103
86
97
87
94
86
80
89
97
117
124
138
113
109
114
94
80
85
73
69
78
63
73
45
72
61
66
69
79
73
76
87
70
86
82
82
94
75
89
77
65
77
71
82
86
75
78
63
60
66
76
54
61
60
55
61
54
47
52
69
67
62
42
67
83
62
67
79
69
73
58
65
67
76
69
77
76
83
58
54
55
80
67
62
70
57
82
79
80
95
86
102
84
99
89
64
58
83
80
76
74
86
76
79
74
70
75
65
95
83
117
99
79
89
108
106
126
192
176
159
147
92
87
65
70
74
65
70
67
69
54
70
71
69
70
66
73
62
60
69
69
65
54
68
74
77
70
69
65
71
73
86
101
86
93
96
90
90
65
78
53
57
62
65
77
68
64
69
72
81
95
84
93
99
88
91
84
79
94
97
99
88
85
76
81
70
55
65
57
61
57
74
58
67
52
56
46
66
60
69
73
67
48
54
52
67
62
59
53
54
63
74
60
67
65
73
82
84
111
76
84
70
59
52
48
62
58
60
48
64
70
61
60
71
64
49
71
82
51
58
66
56
58
56
65
66
48
59
56
57
61
60
65
82
66
81
64
78
63
57
58
68
58
56
66
61
75
70
74
57
48
48
60
52
51
39
57
62
68
50
59
43
71
66
62
52
60
57
61
48
52
50
60
55
65
59
67
69
70
75
94
86
93
97
57
56
68
72
61
67
55
58
67
65
52
46
57
65
59
56
49
59
55
58
48
51
67
64
60
42
60
56
62
68
47
62
38
56
69
53
56
50
68
77
57
51
57
60
44
47
56
81
71
64
55
67
54
51
53
58
56
63
71
51
72
77
91
79
98
93
69
65
78
78
74
83
95
80
83
80
83
67
65
64
73
59
57
73
75
75
68
86
86
90
119
129
132
167
159
183
221
200
192
204
239
210
193
180
155
158
129
102
111
98
104
87
110
74
70
79
85
80
70
83
96
101
105
75
82
72
63
62
56
47
58
57
64
55
49
59
52
49
52
70
62
67
67
53
63
60
51
40
61
52
54
51
53
57
45
59
59
66
64
58
52
46
48
56
71
39
60
58
54
43
64
44
67
64
46
61
57
51
49
48
49
57
69
56
58
67
75
68
85
68
63
69
70
88
95
96
102
112
97
93
98
68
67
55
58
58
64
64
57
44
46
45
46
54
48
42
56
54
56
55
68
71
94
117
123
114
97
86
58
45
68
59
49
49
46
44
54
47
63
53
66
53
44
62
65
66
62
64
62
65
71
93
119
112
103
116
114
79
71
57
64
56
46
58
48
48
50
60
47
62
57
64
59
65
59
71
56
72
56
61
58
65
57
63
52
40
59
57
65
77
51
53
53
53
64
50
67
45
53
41
55
58
46
63
54
64
49
57
55
56
42
51
30
51
56
47
37
52
43
54
64
64
57
56
59
72
73
69
76
66
56
63
74
47
71
57
76
80
64
73
59
54
63
59
57
45
49
49
54
59
51
58
64
55
55
54
81
53
74
72
52
64
52
66
68
83
67
64
87
50
60
49
47
41
38
60
49
58
52
61
57
62
72
64
72
49
60
53
47
49
47
48
42
50
51
49
59
61
47
42
56
58
59
42
53
55
50
55
57
47
49
25
41
44
50
56
39
62
42
59
51
48
54
50
51
45
43
49
49
29
60
43
47
56
46
41
45
56
44
46
66
57
61
74
75
66
68
42
66
50
71
36
40
55
50
55
39
60
56
51
48
52
38
56
42
47
57
60
54
46
56
67
55
56
54
50
53
53
61
64
61
51
53
51
51
50
54
47
68
64
56
52
43
38
49
49
45
70
50
66
72
90
94
125
181
260
266
243
193
174
162
115
95
71
61
50
36
60
48
36
48
56
57
62
35
44
41
48
47
41
45
56
58
63
54
59
63
48
49
48
54
57
53
43
44
32
40
43
47
42
46
64
53
53
53
54
56
47
46
42
59
64
73
93
135
192
237
291
300
270
309
207
189
133
89
104
81
86
58
62
54
67
55
48
77
38
41
55
40
44
40
33
56
52
44
52
56
52
77
54
60
56
57
65
61
62
66
50
57
44
49
46
47
29
38
47
40
41
55
53
67
60
48
61
55
61
41
54
57
34
43
48
47
41
49
38
53
38
40
54
44
48
57
44
51
47
47
49
51
60
52
54
39
46
62
47
50
38
50
52
39
35
53
54
60
65
56
72
68
79
76
76
61
55
47
46
39
32
45
43
47
42
40
45
44
52
44
40
36
44
43
41
50
55
48
52
53
60
41
41
44
48
41
51
41
33
39
33
45
51
38
46
61
58
51
49
53
45
62
51
44
52
43
56
51
45
36
35
39
45
41
44
36
38
48
36
49
53
59
52
43
70
66
51
62
47
42
44
32
24
44
42
47
44
37
42
32
52
47
51
42
52
49
51
52
71
71
73
73
76
85
87
68
75
74
66
39
47
45
42
47
46
61
51
73
50
66
59
77
68
69
49
47
53
55
56
41
45
57
65
55
64
58
49
59
53
46
42
37
49
39
35
39
29
53
51
35
38
49
46
44
44
39
47
37
40
58
54
58
52
54
60
51
62
46
49
53
50
53
39
38
52
52
36
47
48
49
41
34
49
52
55
72
73
68
74
87
57
63
43
48
44
39
46
46
34
41
25
47
51
42
42
37
53
39
36
46
41
35
37
48
48
32
35
34
43
43
37
46
43
45
37
40
42
36
40
33
38
36
38
42
45
45
57
54
47
40
57
52
36
30
47
32
44
42
41
35
34
48
38
45
44
46
37
41
40
55
49
49
39
33
32
31
45
56
45
34
35
43
44
43
38
32
39
29
38
41
35
29
46
45
35
44
35
34
39
36
42
32
32
37
40
39
30
32
38
46
40
34
41
33
37
46
49
43
42
32
31
33
39
33
55
35
28
40
36
34
31
33
42
26
40
40
60
66
71
82
94
89
61
34
54
35
57
38
45
43
55
41
50
43
33
36
37
26
34
41
39
28
46
44
46
34
49
33
50
41
38
40
59
40
37
47
38
42
31
48
33
31
42
34
33
54
48
51
56
49
49
72
74
83
117
128
151
143
166
139
100
89
76
56
55
35
42
37
47
46
40
40
37
48
54
37
42
37
30
42
41
41
35
36
28
36
39
36
48
54
46
45
39
45
42
52
40
38
39
39
54
44
52
37
46
41
40
30
45
35
32
35
37
41
43
51
35
34
28
40
42
38
54
53
65
84
74
90
52
49
53
57
36
34
36
30
41
38
48
48
59
43
47
49
32
37
38
37
39
34
37
30
39
44
40
25
32
42
37
45
41
33
33
28
33
34
31
39
43
50
62
46
51
50
59
56
41
37
46
41
37
45
42
29
37
42
38
31
39
40
38
55
53
71
80
121
104
126
127
111
110
61
66
38
40
39
34
46
34
39
38
44
39
42
46
31
33
38
28
30
36
35
33
34
43
33
38
27
39
27
34
35
33
43
32
41
26
51
40
45
56
52
53
39
48
37
35
40
38
39
48
38
44
51
50
40
45
32
46
41
30
39
34
30
41
31
40
39
32
39
36
45
53
48
44
29
40
37
33
37
31
31
35
32
37
38
26
51
41
53
44
73
61
76
77
71
85
60
63
50
47
36
34
39
34
38
35
34
38
32
25
30
32
33
41
34
30
26
37
31
29
35
36
34
45
28
30
36
42
38
36
41
31
30
41
33
27
25
39
47
39
28
31
32
44
36
32
42
40
35
44
55
32
30
28
38
34
30
26
41
35
26
23
34
28
34
40
40
33
35
24
30
33
40
28
38
39
33
45
34
31
35
35
30
32
31
38
37
37
37
34
30
26
31
25
32
29
26
58
39
36
32
35
39
27
35
29
24
31
29
29
21
41
40
43
51
58
65
64
69
65
48
45
39
34
37
34
36
39
30
32
38
26
37
32
30
40
37
29
29
46
36
41
37
46
45
39
34
50
31
33
47
39
51
37
39
42
39
47
50
42
45
36
43
41
25
37
42
29
26
36
31
37
34
34
42
38
32
31
43
50
45
65
57
45
33
40
42
43
35
32
39
29
36
32
40
28
45
36
33
29
31
25
31
40
34
26
38
28
34
25
26
34
42
31
31
38
42
52
56
69
58
70
54
62
62
51
63
35
39
41
32
40
36
39
31
29
31
30
40
38
19
37
41
28
34
36
51
44
55
56
59
73
80
81
62
45
37
32
31
42
32
18
30
44
35
27
27
35
36
28
33
34
40
39
32
47
57
50
38
58
50
45
31
40
42
41
31
30
27
29
30
29
19
27
36
38
27
42
45
40
29
28
34
36
26
29
19
35
47
55
52
63
60
76
78
53
56
57
47
41
44
37
40
31
25
21
17
26
34
24
20
37
25
32
30
33
30
29
30
20
25
31
23
29
29
33
33
31
17
33
34
32
29
38
26
32
39
22
22
27
27
25
34
32
29
24
34
47
41
51
48
59
70
55
65
56
49
42
32
40
31
35
30
26
23
36
26
28
22
32
28
29
26
32
30
28
19
26
32
31
26
28
25
42
33
23
26
28
30
32
23
35
28
32
26
36
21
25
26
28
25
26
32
31
42
28
26
29
38
23
32
27
32
30
27
23
29
32
33
28
35
34
49
55
58
54
82
76
83
69
58
42
41
31
36
24
28
31
24
29
32
33
40
34
36
41
38
34
44
28
35
46
36
56
38
42
53
32
43
35
28
26
30
35
48
58
72
66
61
65
77
49
53
37
49
28
35
23
29
28
24
29
26
33
34
34
39
37
29
30
31
45
52
56
48
55
42
59
43
43
45
40
30
52
42
72
61
74
60
28
45
49
32
34
27
32
27
28
33
25
29
23
34
35
24
35
33
32
21
35
20
28
33
22
32
28
21
28
32
18
29
31
37
23
37
31
30
24
30
26
27
27
24
31
26
24
26
25
24
37
25
27
17
33
33
25
27
26
27
25
27
32
18
32
21
21
22
30
31
29
33
24
24
21
34
29
29
32
33
31
33
34
35
28
37
34
26
26
31
26
31
22
26
22
37
26
33
28
18
27
31
25
36
23
22
26
34
26
20
27
32
27
44
34
27
31
26
38
19
26
38
25
32
28
25
35
36
32
19
32
23
28
28
39
21
34
32
22
34
38
37
45
46
71
57
63
63
47
60
51
36
24
33
22
25
21
23
25
32
25
24
27
32
37
31
33
35
33
26
40
26
28
32
34
34
45
23
43
25
30
22
32
32
42
41
49
48
59
49
59
51
47
42
38
31
30
30
21
20
27
17
25
24
32
39
53
39
53
84
63
72
52
42
41
30
24
23
36
27
19
28
25
41
25
27
23
22
32
26
27
21
31
27
34
24
35
31
25
32
38
43
29
49
43
37
47
38
32
36
26
30
29
21
27
26
31
37
30
31
30
38
36
36
40
36
39
27
33
31
28
27
22
27
28
30
30
23
27
28
27
26
25
31
27
37
30
27
21
28
25
23
28
20
26
31
27
19
28
31
24
20
26
22
28
25
17
35
28
24
39
31
45
45
37
56
29
33
27
28
28
25
28
32
39
27
36
31
23
40
35
41
39
38
50
37
50
36
29
44
34
30
28
21
35
30
39
35
41
25
22
24
24
15
21
27
21
32
31
33
40
25
41
56
77
75
78
72
86
76
58
41
22
33
23
29
33
24
36
18
26
35
23
14
17
31
25
27
21
34
23
20
29
29
21
33
40
36
26
27
28
31
27
27
13
29
18
32
35
21
27
21
29
34
20
39
32
28
31
22
26
33
29
27
24
32
21
21
24
29
31
24
31
28
28
29
41
52
33
36
38
49
40
35
28
30
27
32
21
28
24
25
32
22
20
26
28
21
25
24
16
19
19
29
29
31
26
19
24
30
23
22
25
30
32
25
22
21
27
28
21
21
13
16
26
27
32
25
35
51
35
43
55
48
53
46
39
26
30
33
32
31
23
19
18
33
18
32
25
37
28
23
20
29
24
28
38
27
30
39
40
36
42
30
38
26
37
40
33
21
20
29
30
26
27
25
33
29
34
29
38
47
37
40
47
51
43
42
43
40
31
32
33
21
24
22
33
18
23
26
20
20
18
19
24
22
28
31
25
23
19
28
29
24
24
19
26
19
22
28
17
21
21
22
25
29
23
24
25
25
23
16
19
19
23
32
22
20
21
24
27
27
25
29
29
21
28
24
31
28
27
22
21
37
20
20
20
23
20
30
24
41
30
31
27
31
28
31
27
29
26
27
18
31
24
30
32
31
26
25
28
21
29
30
19
38
55
52
65
95
120
123
122
90
85
62
59
53
41
26
26
27
27
34
17
25
14
26
28
22
24
25
25
12
34
20
15
27
16
25
31
26
26
34
22
33
31
24
16
10
27
18
23
27
20
16
20
17
23
24
21
34
27
19
29
28
31
24
28
20
26
20
25
23
22
26
36
21
23
29
27
23
18
26
32
25
35
38
38
32
43
37
34
34
25
26
30
22
27
18
19
29
22
28
31
30
33
17
24
24
26
18
28
19
22
13
23
26
25
20
34
22
23
24
25
26
18
26
12
13
21
11
22
22
23
25
17
21
19
24
20
21
31
28
28
33
26
51
37
32
34
22
28
29
28
28
17
22
22
22
23
24
22
17
24
19
19
23
22
16
25
18
16
23
21
18
29
22
25
24
25
17
24
29
18
23
24
27
20
22
24
27
38
23
33
37
28
24
26
30
21
30
20
37
29
35
38
32
35
40
40
39
35
31
25
14
14
15
17
23
27
22
26
26
27
12
24
30
28
23
25
32
21
24
38
37
24
27
27
25
19
25
24
33
33
17
25
21
24
29
22
17
22
28
19
25
38
26
32
27
32
28
20
30
34
35
34
27
28
25
31
25
35
28
29
24
32
28
31
22
25
24
17
31
31
21
24
28
22
20
18
16
26
22
25
14
19
19
15
18
24
19
24
17
15
22
30
25
31
30
31
22
25
20
18
21
20
25
14
17
21
24
21
15
22
24
16
15
19
20
29
17
25
16
16
20
20
21
19
21
25
22
27
24
21
20
25
23
29
20
35
30
34
30
43
29
33
19
31
26
29
27
30
20
24
28
18
19
23
17
23
17
18
24
28
13
21
22
22
14
20
21
15
29
14
20
17
19
18
17
22
28
18
23
21
20
19
18
26
21
19
28
35
19
21
16
13
15
24
22
27
19
21
14
17
30
26
12
24
23
18
20
22
17
16
17
22
20
26
23
27
27
14
23
24
20
25
18
26
21
27
17
17
17
32
14
18
18
12
13
19
25
27
18
23
29
18
25
23
18
23
26
24
18
19
20
17
20
19
27
21
19
17
17
22
27
22
22
26
24
14
27
23
26
15
18
19
26
27
17
22
23
16
17
11
18
18
14
14
21
23
22
27
22
11
27
19
16
19
26
19
18
19
30
26
22
28
33
18
19
18
14
22
19
13
17
26
26
15
20
25
24
23
16
15
13
22
19
18
28
24
28
35
30
34
41
30
34
29
20
42
26
26
25
28
21
25
15
24
26
20
21
23
18
27
16
20
21
22
13
22
16
21
20
25
15
24
21
15
13
16
28
15
24
13
19
25
22
18
28
22
14
22
20
21
15
20
24
27
18
27
16
18
26
21
16
22
19
20
19
19
23
15
26
21
16
12
24
15
32
22
25
25
25
29
23
22
26
22
28
16
24
23
23
37
35
42
49
54
45
40
46
34
31
13
29
27
20
23
21
21
20
18
17
18
19
25
17
19
18
16
17
19
18
18
21
23
28
18
21
22
21
19
22
25
16
24
26
18
20
19
18
17
27
22
11
14
19
19
19
23
19
26
18
16
23
17
23
16
22
26
17
22
15
27
14
28
33
24
22
20
24
24
29
18
34
13
21
19
18
19
15
18
19
16
17
13
10
21
12
23
22
27
25
24
19
23
22
32
24
26
24
22
13
25
18
23
20
19
21
13
28
26
19
33
19
14
24
27
22
30
24
21
20
19
33
20
14
31
22
20
16
19
28
22
28
23
22
25
21
19
22
19
24
27
29
21
16
22
26
16
21
19
29
21
24
21
19
18
25
22
21
25
32
29
15
23
20
26
27
31
19
19
27
27
17
21
17
25
16
26
21
15
30
19
17
22
16
16
23
33
17
27
20
23
15
17
18
15
19
19
29
26
21
24
28
21
28
28
34
19
19
25
17
29
23
27
20
22
24
27
21
17
30
21
18
16
24
21
30
28
26
14
26
23
24
20
17
24
15
17
15
16
15
12
20
24
24
18
19
13
17
20
20
15
31
26
27
26
21
37
35
22
28
24
26
24
23
19
15
21
15
27
26
19
23
16
14
27
17
9
18
12
18
14
18
10
17
17
14
18
25
10
21
15
17
15
23
15
18
20
20
24
19
16
19
22
21
16
17
13
16
23
17
16
13
17
22
17
24
34
25
17
7
16
13
25
25
31
22
25
21
33
30
32
15
23
22
13
23
12
23
23
22
15
19
21
24
16
16
11
15
18
20
16
14
18
17
17
13
17
18
18
17
16
13
14
25
23
17
17
19
15
26
28
13
20
24
25
26
22
14
14
7
21
19
23
16
16
16
17
18
19
21
22
13
25
24
15
18
18
15
15
23
12
25
22
13
21
30
25
19
20
23
16
21
14
13
13
16
16
14
20
14
13
17
15
20
16
17
22
28
18
21
21
24
14
17
12
14
17
17
21
17
18
23
18
16
17
17
13
22
14
13
20
8
21
20
18
18
23
11
17
17
17
15
19
17
18
16
13
21
17
22
14
21
21
19
22
14
21
6
22
14
7
22
16
23
23
9
13
15
16
13
15
15
13
22
16
19
23
17
16
21
14
29
23
19
22
19
15
15
26
24
18
22
30
23
25
21
16
14
17
17
11
17
25
19
19
28
27
15
26
18
26
19
12
25
24
23
20
18
24
26
26
39
31
25
23
33
34
27
30
25
24
30
34
20
17
18
16
12
7
20
15
24
18
23
20
12
20
19
18
14
22
14
28
20
17
14
14
23
16
18
16
15
22
15
23
13
17
12
13
17
20
16
11
20
10
13
14
19
15
20
22
19
22
27
15
20
20
17
12
23
15
18
12
17
12
15
20
26
23
21
23
21
13
24
14
12
17
17
17
15
11
16
19
9
18
17
17
28
15
16
23
15
31
17
18
22
20
17
23
12
15
13
11
10
19
17
14
19
26
25
39
34
23
32
21
25
19
17
14
12
10
11
26
29
21
24
12
8
21
22
18
17
15
19
16
19
14
17
14
14
13
11
17
12
19
15
17
12
19
15
11
21
7
18
22
18
23
13
23
16
19
14
12
12
16
15
14
19
15
20
17
21
18
23
16
14
19
14
11
17
19
15
20
19
16
11
15
14
11
12
13
13
13
19
18
11
14
17
25
10
15
21
15
17
20
18
9
9
17
8
11
14
18
9
10
20
15
17
18
18
23
18
13
25
15
15
22
18
15
16
15
8
6
19
14
16
17
19
22
22
17
15
18
15
12
19
18
17
14
15
14
14
18
20
19
22
20
13
13
13
17
12
15
19
16
19
8
16
13
18
14
11
15
12
21
13
8
15
11
20
14
13
17
20
15
17
17
23
18
23
11
8
13
19
15
11
19
11
13
13
17
13
15
16
12
12
11
24
19
20
20
21
14
13
20
19
23
25
29
37
50
44
60
48
50
46
30
26
26
24
21
16
13
17
24
17
17
13
13
10
15
13
6
16
15
22
15
17
15
14
16
16
15
9
15
22
14
16
10
11
15
9
13
17
20
11
18
22
18
21
14
14
26
21
14
17
20
19
16
16
24
16
21
19
15
17
10
20
8
18
10
6
11
7
15
11
16
13
8
21
31
25
16
24
28
25
24
30
22
19
16
15
18
20
16
16
10
14
24
17
9
16
13
15
14
12
16
13
5
23
16
14
15
13
16
16
16
14
12
16
16
13
14
13
9
17
8
13
15
17
13
15
17
11
11
9
15
9
11
18
16
14
17
27
17
15
13
19
22
20
16
21
10
12
9
16
17
13
8
20
14
19
8
18
18
16
16
16
21
12
11
12
14
22
15
13
13
21
14
12
17
17
19
13
10
11
15
20
13
15
12
12
14
21
13
21
17
13
13
15
18
20
12
20
16
16
15
12
12
8
14
22
19
21
21
18
23
11
25
16
24
13
15
19
20
12
10
24
16
12
24
16
26
26
28
23
41
37
41
32
35
30
28
15
24
15
23
16
17
26
19
21
16
21
15
15
10
9
8
16
14
8
13
21
19
11
11
11
12
15
13
10
17
14
17
25
14
29
27
20
25
24
22
15
13
19
17
14
20
22
14
25
21
14
29
14
19
8
12
8
12
9
11
12
10
11
11
19
12
10
11
8
10
13
10
21
21
15
7
5
10
13
11
10
13
11
13
14
13
12
15
13
12
20
12
12
17
24
22
12
18
16
17
16
19
16
11
15
23
11
9
12
15
13
19
12
17
12
12
10
14
11
13
12
10
14
9
17
15
16
13
15
12
11
13
10
7
5
13
12
11
12
10
7
13
14
14
8
17
11
12
11
11
13
12
12
14
14
15
7
9
8
18
14
14
13
13
15
7
5
11
13
11
17
10
14
6
15
7
13
13
9
15
13
16
13
8
19
10
10
12
12
18
11
19
12
7
11
8
15
15
14
15
14
8
12
6
12
9
11
11
14
11
13
10
19
14
13
12
13
17
16
8
12
8
7
19
15
6
11
17
13
16
14
10
9
10
7
12
14
8
18
14
15
14
22
15
11
21
9
13
17
10
13
20
16
12
9
15
6
16
15
19
10
18
11
18
13
18
18
16
12
15
12
10
15
15
9
10
11
8
20
15
14
10
13
11
10
11
12
17
11
10
9
12
16
16
9
15
13
9
13
10
9
27
11
8
10
12
17
11
14
12
10
12
9
7
16
11
15
18
17
7
10
18
20
7
15
16
8
11
12
12
12
8
8
10
14
13
11
15
8
12
14
13
13
10
12
17
15
13
9
12
13
17
13
22
14
23
21
34
36
30
26
22
20
24
18
18
9
11
15
19
17
9
15
17
11
6
15
13
19
14
11
12
12
8
6
13
10
13
12
19
9
18
9
12
20
17
18
17
14
14
14
13
12
8
6
7
19
10
11
14
12
10
8
13
11
8
11
8
11
8
13
13
15
16
15
7
15
13
12
12
11
8
13
13
11
10
13
9
12
5
6
15
11
18
9
10
19
11
12
10
8
6
10
12
7
14
10
9
4
11
5
16
6
15
12
10
6
8
11
11
11
11
10
8
11
7
8
21
12
11
13
11
13
7
10
7
11
14
6
8
12
14
13
12
11
10
6
14
19
13
8
8
10
5
11
17
16
23
26
26
18
22
18
16
15
18
12
13
7
6
12
6
6
8
14
10
7
15
15
10
13
11
13
14
10
9
14
13
21
15
19
9
11
21
12
21
11
16
13
16
7
15
14
17
5
13
10
12
14
10
10
16
15
11
7
7
11
15
9
9
16
15
11
15
25
22
21
34
52
67
86
102
124
113
124
115
104
74
59
46
31
25
18
13
8
15
18
17
11
13
7
16
16
12
17
18
15
14
16
13
17
11
10
17
18
6
9
11
6
10
7
15
16
10
23
17
17
13
18
22
11
9
14
16
15
12
10
10
12
11
10
11
12
10
12
10
10
7
19
11
10
4
8
13
8
12
16
11
16
6
14
15
10
11
11
11
8
9
10
13
10
8
15
13
8
11
6
6
10
8
14
13
11
16
10
7
9
4
16
12
12
13
16
7
10
8
15
14
12
15
9
5
15
12
5
17
11
11
14
10
8
7
9
6
12
20
5
12
11
13
8
11
8
11
13
13
13
10
14
10
14
9
14
10
12
15
12
10
19
14
9
5
15
15
18
13
10
15
17
21
38
32
47
26
44
37
29
43
28
24
6
18
9
8
18
16
14
8
10
10
11
15
14
6
12
10
16
12
9
5
13
8
8
13
15
5
8
19
8
12
11
5
9
8
13
8
9
10
8
6
9
6
14
6
10
8
12
11
10
6
14
10
15
9
11
15
9
11
13
12
10
12
9
6
8
11
14
10
6
14
11
10
11
10
7
10
11
6
11
10
7
11
14
8
10
13
6
12
14
11
9
6
6
8
7
12
13
13
14
12
8
14
13
11
5
9
10
9
6
10
10
6
12
10
7
7
11
10
8
12
8
10
13
6
6
13
7
11
8
7
9
8
12
17
9
11
11
8
12
16
14
10
14
8
18
16
8
13
8
8
10
7
4
12
9
12
12
7
8
14
10
11
8
11
11
12
11
14
8
4
16
16
9
4
8
12
4
4
13
13
8
16
13
11
15
8
11
4
11
12
4
13
7
15
10
8
13
13
17
7
11
9
12
12
14
17
10
13
12
16
7
6
4
11
10
14
8
17
4
10
17
17
9
8
10
16
9
9
13
12
7
8
10
13
10
11
9
14
6
6
6
6
8
12
6
8
7
18
12
8
18
10
11
15
17
18
11
10
6
7
6
16
10
11
12
9
8
13
15
7
10
16
8
9
16
10
12
16
16
22
18
30
28
35
36
33
36
28
25
22
18
19
17
24
12
7
7
8
12
9
8
21
14
17
8
11
11
12
10
10
5
4
15
8
13
12
10
10
13
13
16
4
12
11
9
7
14
13
15
9
12
16
7
9
9
9
5
11
11
9
16
11
11
6
10
10
6
9
7
9
7
7
7
6
7
13
16
9
15
19
13
7
11
13
8
13
12
9
11
4
9
11
13
14
8
13
11
6
15
5
11
15
11
13
13
11
13
11
13
11
11
11
9
14
4
10
5
7
13
9
12
15
8
12
10
9
12
9
10
8
8
5
8
10
7
8
7
13
9
8
13
9
10
10
6
14
10
10
4
5
5
12
12
10
12
10
6
7
12
13
11
13
12
6
8
8
10
13
10
7
5
7
12
10
18
7
8
9
7
8
12
8
14
16
11
13
10
8
12
9
14
11
6
12
16
10
14
13
9
11
8
7
9
8
10
10
10
8
10
8
7
4
9
13
12
7
11
8
10
8
8
9
8
7
10
7
7
12
9
8
13
7
10
8
8
11
8
8
7
8
9
16
14
11
10
10
18
26
18
12
19
10
6
11
13
5
14
10
10
10
9
10
7
11
9
11
4
8
8
5
4
12
9
12
11
10
6
1
8
10
9
16
9
8
13
7
9
11
7
9
10
13
10
9
11
4
10
6
7
11
14
11
10
10
9
8
9
10
9
11
9
11
14
7
8
8
8
10
12
6
12
15
2
5
8
9
13
7
13
6
9
8
6
9
9
9
8
11
6
8
6
9
13
9
11
4
12
9
8
6
8
8
14
3
4
9
7
9
9
7
9
6
11
10
13
14
13
16
4
6
6
7
10
12
4
8
11
10
9
5
10
6
4
11
10
12
6
11
10
5
9
7
5
13
8
10
10
13
19
8
7
10
11
11
10
6
7
4
18
10
11
9
14
10
11
13
11
7
5
7
11
13
11
7
8
8
8
6
12
5
13
6
9
11
9
6
9
11
6
10
9
3
9
9
13
12
3
7
6
10
7
8
11
7
8
8
4
8
5
6
8
8
9
12
10
8
8
8
7
12
9
11
7
12
7
8
9
10
10
7
6
7
8
10
8
14
8
8
9
8
8
10
9
8
7
11
8
12
9
12
7
15
10
13
9
7
10
17
9
10
13
10
7
7
3
18
10
4
7
9
11
5
10
10
9
6
12
7
8
8
7
5
8
8
10
7
12
5
12
8
9
9
7
10
9
4
13
5
14
9
2
10
5
10
12
9
12
7
9
18
6
10
8
8
15
5
3
9
11
3
9
11
8
9
8
5
5
8
7
12
7
10
10
9
4
9
4
5
9
7
9
5
9
17
6
9
9
9
7
8
11
11
5
14
14
14
12
10
9
12
8
15
6
6
9
6
7
6
8
1
9
12
8
8
8
10
13
7
8
11
14
7
6
10
7
8
11
15
9
11
14
7
9
10
8
4
13
11
7
11
8
7
10
7
8
14
4
7
8
12
6
13
8
8
6
3
11
8
7
14
12
10
6
6
9
11
5
12
9
11
6
6
12
11
10
3
7
4
5
10
5
4
8
12
15
7
6
6
12
6
7
13
14
2
6
11
12
11
9
10
6
7
10
7
10
3
6
7
11
7
5
8
4
6
8
10
11
10
9
3
8
6
4
9
8
9
11
8
4
9
12
15
13
7
5
6
11
8
6
6
14
7
7
6
8
7
9
9
8
6
6
7
4
4
7
5
7
9
8
6
6
10
12
6
12
5
3
7
7
11
8
13
11
13
4
16
9
6
8
11
9
12
8
13
12
7
13
10
15
6
13
5
6
15
13
12
11
8
5
6
5
7
4
8
5
11
5
10
12
12
13
8
7
13
4
8
4
9
7
7
10
7
6
13
12
9
6
8
5
4
4
9
6
8
3
10
7
11
7
10
11
9
7
6
9
8
4
10
4
7
12
13
13
7
7
12
8
9
5
7
4
3
9
4
9
5
7
5
5
9
10
9
6
5
6
4
6
5
6
4
11
8
9
16
6
6
6
14
10
8
4
6
8
7
10
5
7
11
13
8
12
9
14
9
11
7
8
10
4
4
7
9
9
8
8
6
10
11
10
6
7
10
7
15
12
7
10
16
12
5
8
11
15
6
13
12
6
7
7
2
7
7
7
6
9
4
9
9
11
6
4
11
11
6
9
6
5
8
6
11
8
5
6
3
11
7
12
12
11
10
8
12
7
9
7
9
7
8
4
8
8
12
5
13
8
8
13
10
7
7
4
6
4
10
8
6
8
11
8
8
11
4
7
10
7
6
6
6
8
8
8
9
7
7
9
2
3
6
15
6
5
14
12
10
7
7
4
17
12
8
13
11
7
4
9
8
9
10
2
9
10
9
11
6
8
8
5
4
12
14
9
2
6
10
9
4
9
9
1
8
7
7
7
8
9
3
6
5
11
5
7
12
3
7
3
6
10
11
7
15
8
15
12
16
7
10
5
9
10
9
9
9
8
15
5
12
3
6
12
14
7
10
9
2
10
5
3
4
7
6
8
10
10
10
10
16
8
6
9
7
10
6
11
14
5
11
8
6
8
12
8
3
8
7
6
5
6
15
8
5
12
14
10
10
6
12
12
10
6
13
9
6
9
9
6
4
6
6
9
9
3
9
9
11
1
3
8
7
5
7
7
4
7
7
9
5
6
8
5
5
12
9
5
6
8
7
8
11
12
10
7
10
8
6
6
6
8
6
6
12
7
9
7
7
7
5
6
9
9
3
5
3
4
7
12
7
8
10
8
10
3
8
4
7
5
6
2
8
6
5
11
8
4
3
8
5
12
5
6
6
10
8
13
8
7
7
6
5
7
7
9
5
13
7
10
7
9
5
10
11
7
10
16
3
5
11
5
8
6
6
7
12
13
4
8
12
12
7
12
8
9
13
9
17
11
9
8
6
6
6
10
5
8
5
7
7
12
6
3
6
10
4
2
9
8
8
7
6
6
6
4
7
9
8
5
9
8
6
12
7
12
13
6
9
8
12
9
5
6
15
8
3
8
7
6
7
6
7
11
9
11
7
9
9
4
5
11
9
5
6
11
2
7
9
10
10
10
7
9
4
4
8
9
6
7
7
6
8
6
7
7
3
4
8
13
4
8
9
1
7
11
6
12
5
9
1
10
4
7
6
5
10
5
7
10
5
3
8
6
10
9
11
2
8
1
9
7
5
2
6
8
7
5
7
8
11
7
2
12
4
9
2
7
5
10
9
5
9
9
6
9
7
7
11
5
2
8
8
10
15
6
7
10
13
7
5
9
4
7
6
7
2
7
5
12
5
4
4
5
11
4
6
5
16
5
3
3
8
9
7
7
5
8
11
10
6
6
8
11
5
11
7
12
9
4
6
6
6
8
7
3
5
6
12
3
7
11
8
9
6
7
6
9
4
9
5
9
12
5
7
5
10
8
9
7
3
8
4
6
6
10
3
3
6
2
5
4
9
6
7
6
5
7
13
9
5
7
5
8
12
8
9
4
6
6
6
13
10
6
8
5
11
8
9
9
5
2
6
7
7
4
6
4
5
5
4
4
5
7
4
6
4
9
5
7
10
7
9
8
2
9
6
10
6
4
3
3
10
6
7
7
7
5
3
7
10
7
8
8
9
8
6
3
11
8
7
7
2
7
11
6
3
4
6
8
1
8
5
4
4
4
14
7
7
5
1
1
7
4
6
2
8
6
7
6
4
4
8
6
12
5
5
9
11
6
12
7
6
5
7
6
7
5
6
7
5
6
4
4
6
4
4
6
7
10
5
8
4
4
5
8
6
7
6
4
8
10
7
13
8
7
7
3
7
7
10
7
5
7
3
7
4
8
3
7
6
8
6
15
7
5
5
6
9
5
11
9
7
5
6
9
6
9
7
9
7
12
11
10
12
4
6
10
8
6
10
11
9
8
6
5
11
4
9
8
4
6
3
5
4
4
8
7
3
9
5
5
7
4
5
10
11
7
3
5
7
10
6
8
10
8
6
10
6
5
6
6
9
3
3
10
6
3
7
10
8
4
7
5
4
9
10
11
7
5
5
4
7
5
8
8
8
2
1
7
5
7
0
8
6
6
5
3
7
6
3
8
7
8
6
6
8
13
5
5
11
7
6
7
12
8
7
7
7
6
5
1
12
6
13
1
7
6
6
6
7
6
9
9
8
8
8
6
12
6
5
2
6
7
10
6
6
6
7
7
3
6
6
5
8
8
8
12
6
7
5
10
9
8
4
4
3
2
5
7
3
7
7
7
7
6
6
6
9
5
5
6
6
7
7
5
7
6
11
10
5
3
10
6
8
4
7
5
6
7
1
9
11
6
8
4
2
5
3
11
7
10
5
6
4
4
8
4
5
4
5
6
11
5
6
8
7
5
7
10
6
9
9
7
10
9
9
4
7
5
16
7
7
5
6
7
8
8
3
4
6
6
8
6
7
3
3
4
6
9
8
4
5
4
8
2
1
6
7
3
6
13
5
8
9
7
9
6
6
5
14
7
8
10
12
2
12
7
11
9
3
6
4
6
3
4
7
6
8
6
6
8
10
9
4
13
10
5
11
7
9
7
5
10
5
5
9
5
5
8
9
5
7
3
7
5
6
3
6
3
8
3
5
3
6
4
6
10
9
5
5
2
7
4
6
4
3
6
11
4
13
12
5
3
6
11
13
10
6
10
6
5
7
5
4
6
4
4
6
9
7
2
8
6
9
3
4
2
9
2
8
3
8
4
9
5
5
8
7
6
4
3
8
4
5
3
8
5
0
8
7
9
5
12
8
7
6
5
6
8
8
5
9
7
11
6
4
4
3
5
6
4
10
9
6
6
3
1
4
7
5
3
5
6
3
8
12
4
5
4
4
7
6
6
7
10
9
6
2
7
9
4
2
7
6
7
6
4
5
3
7
10
10
4
13
3
8
5
8
4
2
8
8
9
11
7
11
8
4
7
3
7
7
6
4
8
7
6
6
5
6
7
2
6
5
5
7
6
5
8
6
5
8
3
6
5
5
8
7
5
6
7
6
5
3
6
3
14
2
6
6
5
0
3
2
2
4
7
9
5
0
3
10
4
6
7
6
3
5
5
6
4
7
8
6
5
3
6
5
5
7
2
4
5
3
4
4
6
4
7
5
6
4
9
4
5
8
6
4
4
5
2
11
5
4
6
9
5
3
6
5
10
6
10
7
4
6
5
10
2
9
7
8
11
6
6
3
9
11
10
7
11
5
4
7
6
11
8
3
4
3
14
7
10
14
10
8
8
8
10
7
7
11
10
5
9
6
6
9
6
1
6
5
4
5
4
5
2
3
9
6
7
5
4
7
6
2
4
6
9
10
7
4
4
5
5
3
4
5
8
2
4
5
6
10
8
4
7
5
8
5
3
8
3
7
5
6
7
8
2
2
9
2
8
4
5
7
7
10
8
2
2
6
4
8
5
9
4
2
2
6
9
5
5
7
7
4
4
6
7
3
4
3
7
5
6
6
1
9
6
9
5
5
3
5
5
2
3
7
8
10
6
3
7
6
2
6
7
7
2
4
1
6
7
5
5
5
4
8
4
3
6
8
4
5
4
1
4
5
6
4
3
8
4
1
6
3
6
4
8
5
8
6
7
9
5
5
5
4
6
1
7
3
5
7
5
9
2
9
8
13
10
15
6
7
4
10
5
8
11
5
6
6
5
5
0
6
6
6
6
8
8
8
8
6
7
7
6
5
4
4
5
5
5
2
4
8
2
5
5
4
11
6
7
4
3
6
3
6
7
5
3
6
7
8
7
7
13
10
5
10
4
9
3
3
6
4
8
4
3
9
3
3
4
3
4
8
3
5
4
6
7
6
1
6
3
7
1
6
6
7
1
3
8
7
2
9
12
5
4
5
7
4
10
2
10
3
3
7
4
9
6
10
5
4
0
4
10
8
7
2
5
3
6
3
11
6
6
6
5
1
7
6
8
4
4
6
6
7
7
7
5
12
4
9
11
9
11
9
8
4
5
5
7
8
8
1
7
4
5
3
11
6
5
7
3
13
8
3
7
6
7
8
5
7
3
7
7
4
4
4
7
3
3
9
4
11
6
7
5
3
8
6
6
4
4
5
2
4
2
7
5
5
3
3
5
7
5
5
6
3
2
10
4
3
3
3
6
7
3
4
4
4
6
4
4
6
1
9
6
4
5
1
3
2
5
9
0
4
6
8
8
4
2
8
3
13
10
3
8
1
8
8
3
3
6
9
5
5
8
6
7
5
3
6
4
4
6
4
5
6
4
5
3
6
5
3
8
5
3
3
4
6
11
6
3
5
5
3
7
5
4
4
3
9
1
5
3
5
5
10
2
4
1
4
5
2
4
9
5
5
4
5
7
4
6
11
9
7
5
5
3
3
6
4
8
7
4
4
7
7
4
3
3
3
4
6
4
6
2
7
8
1
4
6
4
2
7
4
2
3
5
6
5
3
6
5
4
6
7
7
3
8
3
3
2
3
3
2
8
4
4
4
8
14
7
3
9
7
4
7
6
8
7
3
6
5
8
4
5
9
6
4
9
3
7
3
4
6
1
2
6
2
8
3
11
3
3
4
5
4
2
3
6
2
4
6
6
2
7
3
4
8
8
8
9
8
10
6
5
6
6
4
8
4
4
10
5
8
3
4
3
6
5
8
6
7
5
3
2
4
8
7
6
4
6
8
3
1
1
5
8
4
3
3
5
4
4
9
3
5
5
4
5
3
5
6
5
7
1
6
5
7
5
2
2
3
4
6
1
5
2
5
2
3
3
9
10
4
8
11
4
3
8
7
10
9
3
6
5
4
7
6
3
3
2
9
4
7
7
5
4
3
0
3
2
5
3
8
3
5
6
3
4
4
3
5
2
4
10
4
3
2
4
5
5
6
6
5
6
3
4
3
3
2
5
5
4
5
7
11
5
4
2
7
4
6
7
3
7
3
6
5
5
7
10
7
3
6
3
6
11
5
5
2
2
2
4
2
0
3
6
5
8
2
5
7
6
5
10
5
5
4
5
3
5
4
5
6
6
1
5
6
6
3
6
6
6
10
2
4
2
4
1
5
5
4
3
1
4
9
6
5
7
10
8
1
4
8
6
10
6
5
6
2
9
7
5
6
5
5
3
3
6
5
8
7
3
5
7
3
7
2
7
2
4
5
3
5
5
7
5
8
3
1
5
6
4
4
7
4
4
4
6
5
3
7
1
8
4
6
6
1
7
2
7
9
4
3
2
3
2
7
3
2
5
3
8
3
5
1
1
8
4
4
5
1
4
2
5
2
7
3
5
4
3
4
1
3
4
4
8
5
3
6
3
3
3
3
5
2
5
6
0
3
3
6
2
4
5
3
4
6
2
3
1
5
4
4
5
4
4
1
7
6
1
6
7
7
4
6
6
5
5
6
3
4
3
4
3
7
6
3
5
7
4
7
2
3
3
2
6
2
2
4
4
2
9
1
2
2
4
4
2
1
5
6
6
5
3
4
5
7
3
3
4
3
8
2
2
4
8
5
2
5
7
5
5
4
2
9
3
5
1
5
5
4
9
4
6
9
3
3
5
4
3
6
5
3
5
4
9
4
3
4
5
7
3
8
3
4
1
6
5
5
5
4
6
1
3
8
9
7
5
8
8
8
8
8
9
7
9
8
10
14
4
4
5
9
5
3
6
9
8
6
6
2
4
2
2
2
3
5
8
4
3
1
0
10
4
8
6
4
1
3
6
2
3
7
4
5
6
3
2
2
0
3
4
4
7
6
3
3
2
7
2
3
4
9
1
5
5
7
7
4
5
7
6
2
4
7
4
4
4
2
3
5
3
6
6
4
5
7
2
2
3
3
3
1
5
3
2
4
4
3
3
6
3
6
3
3
5
4
6
5
1
1
3
6
3
11
5
2
3
2
2
7
5
7
3
4
8
4
2
4
7
6
2
2
2
5
3
3
5
4
8
4
5
2
3
7
3
4
5
5
8
3
4
6
6
6
8
9
3
3
5
3
3
2
2
5
4
5
1
3
3
3
5
1
2
7
4
2
1
1
6
6
5
6
7
1
9
5
6
1
4
1
1
5
6
5
5
2
2
11
4
6
1
6
6
4
5
8
2
2
2
6
1
7
5
4
3
5
3
2
6
1
2
2
6
5
3
5
5
4
5
6
3
6
7
2
2
3
0
1
4
2
3
4
1
4
4
0
4
6
3
7
3
3
3
4
0
4
6
4
4
5
0
3
5
11
5
4
2
2
6
2
7
6
6
6
7
3
5
1
3
3
8
4
3
3
5
5
6
13
3
1
2
2
5
2
4
2
4
7
2
5
3
6
4
2
7
4
4
4
7
1
1
6
6
6
4
1
8
11
6
8
4
7
4
6
5
7
4
6
7
2
2
7
6
4
2
2
5
3
4
6
6
2
10
5
5
1
2
5
5
2
2
8
5
4
4
2
2
4
5
4
5
6
7
4
6
3
2
4
4
4
9
6
3
8
6
5
2
3
4
4
3
5
5
3
5
5
1
4
5
6
5
7
6
4
8
2
5
2
1
5
5
3
6
1
4
3
5
4
9
7
6
7
5
0
6
4
3
4
3
11
4
4
2
4
2
4
6
2
2
6
2
5
0
5
1
6
3
3
3
5
2
8
2
5
2
6
1
4
4
2
8
3
3
4
4
6
7
1
4
1
6
4
1
2
5
3
4
8
7
4
3
2
5
5
2
3
4
1
4
4
5
5
5
1
5
5
4
6
3
3
2
4
3
4
4
1
3
1
4
1
2
3
3
3
3
3
2
4
1
2
1
4
5
1
4
6
5
1
4
3
3
3
3
8
6
10
4
8
9
7
1
3
5
5
5
3
6
3
5
4
4
3
2
6
3
6
4
2
7
4
3
6
5
4
6
4
6
4
4
4
3
4
5
7
5
5
2
3
5
4
4
3
5
2
5
9
8
6
5
4
5
5
7
4
6
3
7
10
6
3
4
6
6
4
1
8
6
3
6
1
7
4
4
2
7
5
1
3
3
1
2
3
1
3
1
6
5
2
2
2
4
5
2
2
7
3
6
2
3
3
2
5
6
4
0
8
4
4
4
3
3
2
2
4
5
3
5
0
3
3
7
6
3
1
2
2
3
1
3
6
1
2
7
1
3
3
3
2
3
1
5
4
2
3
3
5
3
8
4
2
6
4
4
1
2
5
6
8
5
4
3
4
3
4
3
4
4
2
5
6
4
4
3
5
4
4
2
6
1
5
2
4
3
3
4
4
3
5
3
5
2
3
4
4
5
4
2
2
4
3
4
1
3
4
2
3
4
4
3
3
5
1
4
2
1
1
3
7
3
4
2
1
3
1
6
3
4
2
4
0
2
4
4
7
1
3
5
4
4
5
3
5
6
2
5
6
8
5
4
3
3
5
5
5
4
2
2
7
6
4
2
4
3
5
1
8
7
2
4
6
4
5
2
2
11
8
5
4
3
4
5
2
1
3
3
4
7
5
9
9
2
5
2
3
6
5
6
2
4
2
1
2
5
0
4
2
3
2
4
2
5
4
1
4
1
0
6
4
3
5
5
3
7
4
1
5
4
1
5
2
1
2
1
9
0
2
3
4
4
3
2
6
0
2
4
5
2
1
3
4
1
5
1
6
3
3
7
3
1
2
2
4
6
4
2
3
4
3
4
0
3
5
1
5
4
3
3
2
2
3
2
1
1
4
2
2
4
4
2
6
4
3
7
7
3
3
5
2
5
2
5
2
7
3
1
3
1
3
2
3
4
3
4
3
5
6
5
2
2
1
2
5
4
5
4
6
4
8
1
3
2
1
6
5
7
4
3
6
2
3
3
3
4
5
4
3
7
9
3
5
2
3
4
5
5
1
4
3
1
5
3
3
4
6
9
5
4
4
3
1
4
6
4
3
6
1
4
3
2
6
2
3
4
6
4
2
2
7
2
3
6
3
3
2
3
2
3
4
0
3
5
7
4
3
2
1
6
4
2
1
3
4
3
2
4
7
3
1
5
3
4
6
1
4
7
1
7
2
6
2
1
5
1
8
4
5
4
2
7
1
1
6
1
4
2
0
6
4
6
4
4
3
4
6
4
4
4
6
5
3
0
6
5
4
6
4
4
5
2
5
1
1
2
4
5
4
2
3
3
2
4
2
1
5
4
5
6
3
4
5
2
3
5
4
3
4
3
4
4
2
4
3
8
2
1
7
0
3
3
2
4
2
5
3
3
1
3
5
2
3
7
4
3
5
6
4
2
1
5
3
2
1
1
2
1
4
1
3
0
3
3
1
3
6
4
2
3
4
3
2
4
0
10
3
4
4
4
3
1
6
0
1
2
2
2
4
3
1
3
5
5
5
6
7
2
1
4
3
2
1
0
0
2
3
2
3
1
3
4
1
3
0
2
5
3
6
5
7
8
5
3
3
9
5
5
7
3
10
4
5
7
7
7
5
4
7
2
4
2
3
3
2
6
1
3
2
2
3
3
5
1
3
2
2
8
3
1
3
0
1
1
4
2
4
1
1
3
5
7
7
2
2
4
5
4
5
3
0
4
6
3
3
2
3
0
2
6
1
1
1
3
1
2
1
4
6
5
4
6
9
5
2
5
3
2
3
3
1
1
7
3
1
5
2
3
0
5
2
0
0
5
2
2
1
3
2
3
2
2
7
5
3
4
4
2
6
6
3
5
3
6
1
2
3
7
1
5
1
3
2
1
0
0
6
6
2
3
1
3
6
4
5
4
4
3
3
6
1
5
0
6
1
1
1
3
2
2
3
2
3
1
2
5
3
2
3
2
2
2
3
5
6
3
3
3
5
0
4
3
2
2
4
5
1
1
4
2
2
3
5
0
4
4
3
1
3
0
1
2
2
5
3
5
0
4
3
4
5
4
1
4
5
5
2
1
1
4
4
4
1
6
0
4
3
2
5
3
3
6
1
3
6
4
2
2
4
3
2
3
5
2
6
2
6
2
4
5
2
8
2
1
2
5
4
6
4
6
3
2
4
3
3
3
2
5
4
1
1
0
3
3
2
3
3
0
3
5
3
3
1
3
3
1
4
0
1
0
2
5
1
2
2
3
3
5
1
2
5
3
3
3
7
2
2
0
4
1
4
2
2
3
2
2
3
1
1
5
3
2
1
2
4
4
3
1
2
4
2
2
3
4
0
2
3
4
5
5
1
0
1
4
3
2
2
3
3
2
7
1
4
3
1
2
2
4
5
5
2
1
3
4
3
1
1
1
2
3
2
4
0
1
2
2
2
2
4
3
4
2
3
0
0
2
3
0
2
2
0
2
1
6
2
2
4
4
4
3
3
3
3
2
3
0
2
2
4
1
11
4
3
0
3
1
3
2
2
5
2
2
4
2
5
3
0
4
4
2
2
3
2
2
2
3
3
0
1
1
4
1
2
2
4
3
2
1
2
0
7
0
4
3
2
1
5
4
1
4
3
5
4
1
4
0
2
5
7
2
2
4
1
4
1
3
4
3
3
4
2
2
5
4
5
5
1
2
2
0
6
1
4
2
3
2
2
5
1
2
2
2
2
2
1
5
2
4
3
0
2
3
1
5
0
2
2
6
2
2
1
3
2
3
0
6
2
7
0
2
3
3
4
4
4
4
1
3
4
2
3
4
3
3
4
3
4
5
3
3
1
2
4
3
2
3
7
5
5
4
3
9
4
2
3
3
4
1
2
1
2
1
1
6
1
3
3
3
4
1
1
3
3
1
1
3
1
3
3
1
2
1
3
0
0
3
3
1
4
2
2
2
3
3
1
2
3
0
2
2
1
1
1
2
2
9
2
1
2
2
0
5
0
2
0
2
3
4
2
1
2
4
4
5
4
2
1
1
3
2
2
5
2
2
0
1
6
1
1
2
3
3
4
3
1
3
2
7
3
8
3
6
5
6
3
5
7
6
1
5
5
3
6
2
3
4
4
1
1
5
0
1
1
3
1
1
2
1
3
2
2
1
2
2
4
2
2
2
2
0
1
4
2
5
1
0
3
2
6
2
0
1
3
2
2
2
4
3
2
5
3
2
1
2
1
1
0
0
4
3
2
2
1
3
5
3
3
6
1
3
3
1
1
0
4
2
4
0
2
2
1
4
3
3
4
2
4
2
4
3
5
1
3
4
2
7
4
7
8
6
9
7
13
7
4
9
5
3
4
0
5
3
5
3
2
2
4
3
1
2
2
2
0
3
3
0
2
7
2
2
7
2
6
6
2
5
3
2
3
3
2
0
2
3
2
5
0
0
3
3
2
2
1
4
3
3
3
2
1
1
1
3
3
3
3
3
1
2
3
0
5
2
0
3
3
1
3
2
4
3
3
5
2
5
3
7
4
2
3
5
2
4
4
5
2
5
1
3
1
2
3
3
1
0
3
3
1
1
1
2
1
4
2
2
3
5
2
1
2
1
2
3
3
5
3
0
1
2
2
5
1
2
1
3
2
1
1
4
3
1
4
5
1
1
3
7
2
3
0
5
2
4
3
0
1
3
5
1
3
3
6
2
4
1
3
3
2
4
1
1
2
3
1
2
1
1
2
3
1
4
3
2
1
1
5
6
6
2
6
3
3
2
2
4
2
1
3
0
1
3
1
2
0
3
3
3
6
1
2
3
2
3
4
2
1
3
5
4
4
3
2
1
1
4
7
1
1
1
2
3
0
4
3
5
0
2
2
5
3
0
2
2
1
0
0
2
2
2
3
4
3
3
3
4
5
4
3
6
8
6
7
9
5
10
3
1
8
8
6
2
7
2
3
1
0
1
2
2
6
2
1
0
1
7
4
1
2
1
1
2
2
5
2
3
0
2
2
4
2
0
3
1
1
5
1
1
0
1
1
0
0
2
1
1
4
1
5
2
3
1
2
3
5
1
3
0
2
2
3
4
2
2
2
3
4
2
2
2
2
1
2
2
0
3
2
1
5
3
1
3
5
3
6
2
4
8
2
2
4
3
0
3
2
3
5
2
3
0
3
5
1
2
2
3
2
2
1
3
2
6
4
1
3
3
2
1
2
5
6
3
4
4
2
3
3
2
7
1
2
3
4
5
2
6
4
4
2
5
4
4
1
2
2
2
1
0
4
2
0
3
5
2
1
1
4
2
5
0
2
3
1
1
0
1
1
0
1
3
3
4
2
0
1
5
4
1
2
0
3
5
1
4
2
2
0
0
3
0
1
2
5
2
1
2
4
5
3
0
1
1
1
2
3
0
2
1
1
1
0
6
2
2
1
0
2
2
1
2
5
3
3
1
4
0
2
6
1
4
1
1
3
2
5
0
4
3
3
7
1
4
1
3
4
4
6
5
4
3
2
4
2
2
1
0
6
1
0
3
2
3
1
2
2
3
3
5
1
0
2
3
3
1
3
0
2
1
1
4
2
4
3
6
2
5
0
1
5
5
2
4
6
2
4
3
1
3
3
2
0
1
0
4
1
4
1
2
2
2
3
2
2
2
5
3
2
0
2
1
3
1
6
1
4
2
1
2
1
4
2
3
5
1
4
2
5
3
3
3
0
0
2
1
1
1
1
3
2
3
3
1
2
3
2
2
5
3
2
3
3
1
5
3
2
2
1
3
2
3
2
2
5
3
1
2
0
0
3
2
2
3
0
1
2
1
3
1
2
5
0
2
2
1
4
1
3
1
3
5
1
3
3
0
0
1
5
2
0
1
2
5
0
2
4
3
1
2
3
3
3
1
0
1
0
3
0
2
0
1
4
3
1
1
2
4
2
2
1
2
0
5
1
3
1
3
0
3
2
2
2
5
3
4
3
4
6
0
1
2
1
0
1
1
2
5
5
3
2
2
0
0
1
2
3
0
1
1
1
1
2
0
0
7
2
4
4
1
7
2
3
2
3
2
3
0
2
0
2
2
2
1
2
3
3
0
0
0
3
5
1
2
1
2
2
6
1
5
6
2
2
3
3
4
4
2
3
3
2
4
0
3
1
1
1
2
0
1
1
1
0
0
4
1
0
2
2
2
2
2
3
0
1
2
0
1
2
1
2
1
2
2
2
2
1
1
5
1
2
4
2
0
0
2
0
0
1
2
3
0
1
4
1
1
1
3
2
1
3
2
3
3
1
1
2
2
0
1
1
1
2
0
0
2
2
1
3
2
2
1
2
2
3
1
0
3
4
4
3
3
3
2
2
2
2
2
1
1
0
1
2
0
2
0
2
1
2
0
0
4
2
0
3
0
2
1
0
3
2
2
2
1
4
1
2
1
2
2
3
2
0
0
2
1
3
6
0
0
0
4
2
1
0
0
2
4
0
5
2
1
2
3
2
1
1
3
3
2
2
1
5
1
4
4
4
0
2
4
3
2
5
2
2
4
1
4
4
1
2
4
5
4
4
4
3
11
8
3
2
3
4
2
4
3
4
1
2
2
2
2
1
1
1
2
3
1
1
1
3
6
1
1
0
2
1
2
1
0
4
0
1
4
1
3
1
1
1
0
1
4
1
2
0
3
5
3
4
1
0
2
1
1
2
2
4
1
5
2
0
0
1
0
4
1
8
1
0
2
4
2
0
6
4
2
2
1
1
3
4
4
0
5
1
0
3
5
1
2
3
2
1
0
1
2
3
1
5
3
1
1
1
3
3
1
2
4
1
0
1
1
1
1
0
2
5
0
1
1
0
1
4
0
1
0
2
2
4
1
2
1
1
1
5
5
2
2
5
2
1
2
0
1
2
4
5
1
3
1
1
5
3
0
1
0
1
1
3
0
2
5
2
3
2
3
0
4
2
1
2
3
5
1
1
2
4
1
1
0
1
4
0
5
3
4
2
0
2
0
3
1
2
2
2
2
0
4
0
1
2
2
2
1
1
5
1
0
2
0
1
2
2
0
4
2
4
1
0
1
1
3
4
4
1
1
0
1
2
1
4
0
3
0
1
1
1
2
3
3
3
1
1
0
0
3
2
3
0
0
0
2
3
1
1
2
3
0
1
1
0
3
3
3
0
1
0
1
6
3
3
2
2
2
3
4
0
2
2
1
1
2
2
1
0
3
2
2
2
0
3
1
2
2
3
4
2
2
1
1
0
0
1
2
1
1
0
3
2
2
0
0
2
1
3
1
4
3
1
1
3
1
3
2
1
2
2
1
1
6
1
0
1
1
0
0
3
1
1
1
1
0
1
0
1
2
0
0
1
0
3
3
3
1
0
1
2
6
1
1
1
2
3
2
4
3
0
0
1
0
3
4
1
1
2
1
1
2
1
2
1
4
1
2
2
3
4
1
4
4
2
0
2
2
0
2
1
3
0
2
2
1
0
1
1
2
0
1
1
2
2
1
1
2
0
2
1
1
2
1
1
2
1
1
0
1
0
6
2
2
1
2
0
3
0
1
1
3
0
1
1
1
2
3
1
1
1
0
3
1
1
1
0
0
1
1
2
2
0
1
3
2
3
0
2
2
0
3
2
2
1
4
1
1
3
1
3
3
4
2
1
1
0
1
3
2
1
3
2
1
1
0
2
3
1
4
2
1
1
0
1
2
1
3
2
1
3
0
0
1
2
1
1
4
0
5
1
4
0
2
1
0
1
1
1
0
3
7
2
1
2
6
1
0
3
3
0
3
1
2
4
3
2
1
1
0
1
1
1
1
2
1
2
0
1
1
0
0
0
2
3
2
2
4
2
3
2
3
2
4
3
1
2
1
2
2
1
4
0
1
1
2
1
2
2
3
0
3
0
1
3
1
3
1
3
4
1
2
3
1
0
1
0
0
3
1
3
1
3
1
0
1
1
1
1
0
4
1
1
1
3
1
1
2
0
0
1
4
3
1
0
0
1
2
4
0
2
2
1
0
0
0
1
3
2
2
1
2
1
2
2
4
2
0
0
0
1
1
0
2
0
1
2
2
1
3
1
1
0
1
1
0
1
3
1
1
0
2
2
1
3
2
0
2
1
2
2
1
3
3
1
2
4
1
2
3
1
1
1
4
2
1
0
0
1
2
1
0
4
0
1
1
1
2
3
1
0
3
1
0
2
2
1
2
2
2
3
0
1
0
1
1
0
0
2
1
3
1
1
1
0
2
0
0
1
2
1
0
3
2
0
0
3
0
0
0
2
1
2
4
1
0
1
2
3
1
0
2
1
1
2
0
0
1
0
1
2
0
0
0
1
1
4
0
3
4
4
2
1
1
0
1
1
0
0
1
1
0
0
1
1
1
1
1
0
1
2
3
0
0
1
2
3
2
2
0
2
2
2
1
1
1
0
3
2
2
0
2
3
0
1
0
0
1
2
1
0
0
1
2
0
0
1
1
0
1
1
0
1
0
3
0
1
2
2
3
0
0
0
3
1
1
2
3
2
1
0
1
0
3
1
3
3
0
1
0
2
0
1
0
1
2
1
1
1
1
1
3
1
2
3
0
0
1
1
3
0
0
2
0
1
0
0
2
2
0
1
4
4
3
0
3
2
0
0
3
0
1
0
1
1
3
2
2
0
0
1
0
1
0
1
1
2
0
0
2
2
4
1
0
1
0
1
4
0
0
2
1
0
2
0
2
1
2
2
0
0
1
0
1
2
2
2
0
0
1
0
1
1
0
0
1
0
1
1
1
3
0
1
2
6
2
0
1
1
0
0
1
1
3
1
4
4
1
2
2
1
2
1
2
2
1
1
3
2
1
1
3
1
1
0
2
1
0
1
0
1
1
1
1
1
0
3
0
1
2
1
1
3
1
1
0
3
0
2
1
0
2
2
2
1
1
4
1
2
0
1
2
0
2
1
0
0
0
2
3
1
1
0
0
2
1
2
0
2
2
0
0
1
1
1
0
1
0
1
2
2
0
0
1
1
1
0
1
0
1
0
1
0
3
2
3
0
1
2
1
0
1
0
0
0
0
1
1
1
0
1
2
1
0
2
2
1
0
2
1
0
0
3
1
2
1
0
1
1
0
1
0
1
2
4
2
0
1
2
2
1
1
1
0
3
2
0
2
0
4
2
3
0
0
1
2
2
1
0
1
2
2
0
0
1
0
0
1
6
1
1
2
0
3
3
1
1
3
2
1
2
1
1
3
3
1
0
3
2
1
1
2
2
1
0
0
0
1
4
1
0
0
1
1
1
1
3
3
3
0
1
1
0
3
0
1
1
4
1
0
1
0
3
1
0
1
2
2
1
1
0
1
1
3
2
2
2
2
1
2
2
1
2
0
0
0
1
1
1
1
3
1
0
0
2
2
1
1
1
3
1
2
1
1
1
4
1
0
1
0
2
2
2
4
0
1
0
2
2
1
0
1
0
5
2
0
0
1
2
1
0
2
2
1
2
1
1
0
0
2
3
3
2
4
1
3
2
2
0
2
3
3
1
0
2
0
0
0
0
2
1
3
0
5
1
1
0
2
0
1
0
1
0
1
1
1
0
2
0
1
2
0
0
1
3
0
2
1
2
1
1
0
0
1
3
0
2
1
3
2
2
4
2
2
0
2
0
1
3
1
1
1
1
2
3
2
2
0
1
1
0
2
0
0
2
0
5
1
1
1
1
1
1
0
4
1
1
0
0
2
2
1
1
1
2
0
1
2
1
1
0
0
2
3
4
1
2
2
0
0
1
1
1
1
0
2
0
1
3
0
2
0
0
0
0
0
0
4
1
1
2
1
2
2
0
0
0
0
3
1
0
2
1
3
1
1
1
0
1
1
0
2
2
1
1
1
3
1
2
0
2
1
1
2
1
0
2
0
1
0
0
5
1
0
1
0
0
2
3
0
1
1
1
0
0
0
2
1
0
2
2
1
2
0
2
1
1
0
1
0
0
1
0
0
4
1
2
1
1
2
1
3
2
0
0
1
2
1
0
2
0
1
0
2
6
2
1
1
0
0
1
2
0
1
4
0
1
2
2
0
1
0
1
0
1
2
1
1
0
0
1
4
1
2
1
3
2
2
2
0
0
0
0
1
2
3
2
0
0
2
0
2
1
0
1
1
2
0
2
3
1
2
2
1
1
1
3
4
1
1
2
1
2
2
2
0
0
0
4
1
1
1
2
0
2
1
2
3
5
3
2
1
2
0
3
1
0
1
1
0
2
1
3
0
1
1
0
0
3
1
1
4
3
1
1
0
1
0
0
0
1
2
4
1
3
1
1
0
1
0
2
0
0
1
1
0
0
0
0
0
1
0
3
0
0
5
0
1
2
1
0
1
0
1
0
1
2
1
3
3
2
0
1
0
1
1
1
1
0
2
1
2
2
0
0
0
1
1
1
0
2
1
0
1
4
3
1
2
3
2
1
3
0
1
2
1
3
2
1
3
2
0
2
1
0
1
1
0
0
0
3
4
0
2
0
3
1
2
0
0
3
1
0
1
1
1
0
2
0
2
3
1
0
1
3
0
1
5
0
0
0
0
2
1
1
1
2
1
1
0
2
2
2
1
2
2
3
0
2
0
2
0
0
2
5
0
0
4
0
1
1
1
0
1
2
0
0
1
0
2
0
1
2
1
4
0
2
1
2
0
2
0
1
2
3
0
0
5
2
0
1
0
1
3
0
0
1
1
1
1
2
0
0
1
2
3
1
1
4
0
2
3
1
2
0
0
1
0
3
2
1
2
2
0
1
3
1
2
1
0
2
0
1
1
1
2
1
1
0
2
2
0
3
0
0
2
0
0
0
0
1
1
3
0
0
0
0
0
3
2
3
1
1
1
1
2
0
1
1
0
2
3
0
1
2
0
1
0
2
1
0
1
2
2
2
0
4
2
1
1
2
1
2
1
4
1
0
0
0
1
1
0
0
2
1
1
1
2
1
0
1
2
1
2
0
0
0
4
1
1
3
2
1
2
0
1
2
1
2
2
0
0
2
1
0
0
2
2
0
3
2
1
0
1
0
0
0
1
2
1
1
3
1
2
1
0
1
0
0
1
1
1
0
0
1
1
0
1
3
3
1
1
2
2
1
2
0
0
0
0
1
1
4
2
0
3
0
2
1
2
1
1
2
0
2
1
1
1
2
0
1
0
3
2
1
3
0
1
1
0
2
1
0
1
3
0
0
1
1
1
1
0
0
1
0
1
0
0
0
1
1
0
1
2
1
2
3
2
3
1
1
1
3
0
0
1
0
1
0
0
3
1
0
1
2
1
1
0
1
0
1
1
1
1
0
1
1
1
3
0
1
1
0
0
0
1
4
1
2
1
1
1
0
0
0
3
1
4
3
2
0
2
4
1
0
2
2
0
0
2
0
0
0
1
1
2
2
1
2
2
0
1
0
1
2
1
1
1
2
1
3
0
4
0
2
0
1
1
1
0
0
3
1
0
0
2
0
3
1
0
0
3
0
0
0
1
1
0
0
1
3
3
1
1
1
1
1
1
1
1
1
2
1
1
0
1
1
1
1
1
1
2
0
0
0
1
2
0
6
1
2
1
1
0
2
0
2
2
0
1
1
2
1
0
$ENER_FIT:
0.3580 0.194544 1.653311e-08
$MCA_CAL:
3
0.3580 0.194544 1.653311e-08
$SHAPE_CAL:
3
0.0000 1.000000e+00 0.000000e+00
$ENDRECORD:
