$SPEC_ID:
Shot 138
$MEAS_TIM:
226.00000 310.00000
$DATE_MEA:
08/27/2021 14:46:54
$DATA:
0 16383
0
0
0
0
0
0
0
0
0
0
0
0
0
0
0
0
0
0
0
0
0
0
0
0
0
0
0
0
0
0
0
0
0
0
0
0
0
0
0
0
0
0
0
0
0
0
0
0
0
0
0
0
0
0
0
0
0
0
0
0
0
0
0
0
0
0
0
0
0
0
0
0
0
0
0
0
0
0
0
0
0
0
0
0
0
0
0
0
0
0
0
0
0
0
0
0
0
0
0
0
0
0
0
0
0
0
0
0
0
0
0
0
0
0
0
0
0
0
0
0
0
0
0
0
0
0
0
0
0
0
0
0
0
0
0
0
0
0
0
0
0
0
0
0
0
0
0
0
0
0
0
0
0
0
0
0
0
0
0
0
0
0
0
0
0
0
0
0
0
0
0
0
0
0
0
0
0
0
0
0
0
0
0
0
0
0
0
0
0
0
0
0
0
0
0
0
0
0
0
0
0
0
0
0
0
348
323
322
311
334
354
310
337
329
320
325
328
302
301
299
349
298
321
334
319
317
315
359
344
293
320
290
303
288
319
309
342
276
259
300
312
283
299
268
326
300
317
330
290
299
296
317
299
304
284
321
289
308
277
300
295
288
299
294
290
292
287
284
293
290
289
282
266
290
267
275
277
260
291
274
292
306
346
310
282
281
270
269
276
306
268
274
273
260
293
268
263
268
270
269
274
263
311
280
264
281
262
287
271
276
288
292
246
272
292
277
247
280
274
309
331
324
307
270
264
276
275
289
308
253
268
259
280
272
283
273
309
286
267
275
285
281
291
282
309
283
355
291
309
373
444
512
548
581
542
445
409
412
400
391
373
336
329
284
276
282
292
248
273
265
250
255
290
264
270
290
262
294
293
238
251
265
256
261
281
273
299
274
268
261
303
270
319
273
308
319
297
352
348
308
324
322
254
271
267
281
320
300
303
305
294
271
294
278
268
311
263
280
267
253
288
279
272
299
283
295
315
293
303
274
301
292
275
237
287
247
301
327
392
351
335
298
302
280
269
304
282
280
267
289
262
280
218
250
248
236
273
266
273
270
240
254
273
262
265
284
290
258
302
280
257
280
262
261
266
293
287
355
362
435
469
507
407
350
308
324
295
287
267
257
289
306
270
285
308
293
306
297
286
325
355
379
463
417
393
346
316
306
296
300
274
307
268
265
276
231
265
265
278
287
306
249
241
260
280
271
277
297
321
349
347
405
404
365
389
271
313
275
277
266
302
247
275
256
247
280
255
235
251
233
234
234
266
267
330
325
331
348
268
293
239
288
248
255
246
226
246
216
230
233
247
235
269
217
250
232
233
265
247
232
217
208
236
241
251
218
243
269
228
255
236
262
270
253
251
234
231
266
264
294
291
273
296
266
237
247
237
235
264
252
282
220
241
228
259
230
238
213
234
261
254
235
247
269
277
290
262
247
212
215
239
204
274
217
231
221
228
203
205
212
220
242
195
189
206
226
204
207
253
221
230
248
217
219
250
257
283
256
268
197
242
210
228
233
212
195
238
237
248
242
219
237
202
204
221
179
272
212
251
213
212
212
226
228
234
239
255
251
265
257
239
255
282
276
271
282
305
343
438
481
508
419
423
397
400
403
434
457
451
434
423
386
339
336
283
246
250
248
255
224
241
214
249
204
239
263
222
233
259
211
245
182
207
236
273
276
297
302
283
256
245
233
239
241
244
260
247
243
228
227
190
212
213
212
225
200
211
247
270
250
260
284
307
297
224
218
226
215
242
313
327
319
331
317
289
401
363
280
261
239
185
222
197
212
216
208
204
206
208
204
213
199
213
202
227
223
205
207
216
214
226
251
219
210
240
241
230
219
224
203
246
246
209
230
235
206
229
261
256
276
276
268
234
245
237
267
255
220
231
192
216
188
205
213
233
193
183
183
205
195
179
210
226
201
207
226
200
274
257
279
273
221
264
250
217
241
202
207
191
186
205
211
187
203
238
270
362
348
369
289
238
200
197
204
186
199
181
205
180
221
215
234
198
223
198
212
224
236
228
234
247
233
225
237
229
248
309
296
294
308
300
260
291
238
258
198
253
202
255
220
208
202
206
200
184
238
225
214
195
230
188
210
200
204
170
200
202
214
209
223
274
234
230
222
220
228
229
246
257
287
261
234
202
183
193
199
213
186
178
204
194
190
194
174
184
180
203
189
178
171
177
173
149
177
192
200
212
188
193
222
170
196
183
203
235
229
245
325
372
435
426
395
303
258
232
252
296
399
413
442
421
344
294
224
231
193
176
181
203
235
205
194
180
207
169
189
195
223
233
215
191
210
190
194
200
210
220
183
192
178
183
160
177
193
170
163
186
159
158
186
157
169
171
172
171
202
173
185
177
169
158
150
173
167
163
159
187
178
159
153
176
139
183
173
180
150
156
162
164
136
178
182
172
170
165
156
184
170
175
186
211
176
185
189
170
191
159
194
177
209
257
320
380
365
368
331
316
321
274
265
266
239
200
190
168
197
186
177
177
172
192
200
203
189
200
206
206
193
199
223
186
207
196
229
229
230
270
241
273
316
298
354
372
409
480
456
418
384
323
276
253
214
208
195
215
210
187
191
166
179
175
163
179
154
189
190
177
157
159
168
169
180
193
193
177
166
180
188
173
196
182
183
192
182
168
172
167
193
155
152
164
161
175
149
168
180
184
178
171
196
184
202
168
154
157
178
154
173
174
183
192
231
247
224
221
180
171
171
143
151
148
156
158
169
146
143
151
158
148
168
180
138
152
149
165
146
155
138
127
146
143
158
145
149
144
142
170
181
160
154
167
147
145
135
150
142
148
153
167
156
156
141
149
139
168
140
144
153
161
145
157
144
144
132
140
136
141
136
153
135
140
133
152
150
150
141
160
167
175
192
192
200
175
170
153
138
156
160
161
140
143
143
164
164
174
174
184
174
170
169
171
149
148
163
149
145
132
168
146
170
151
141
132
154
177
156
164
165
156
147
177
186
209
242
259
261
232
179
177
162
180
143
142
162
165
174
169
173
178
163
185
191
158
172
158
167
171
162
199
178
202
167
179
149
131
119
157
148
142
159
159
135
136
135
117
105
129
130
147
139
138
155
168
161
155
133
117
132
154
130
132
137
135
155
148
157
135
158
137
159
143
167
182
182
190
226
221
250
264
279
297
226
186
194
172
154
143
164
147
116
170
147
147
157
149
139
155
161
185
161
150
167
163
156
125
168
169
155
140
153
146
146
164
190
204
241
203
198
201
213
195
214
199
191
134
151
147
123
135
126
118
136
123
139
139
119
123
126
115
116
132
138
127
151
131
130
134
105
113
109
131
139
133
151
132
175
161
152
149
135
128
132
133
124
125
142
141
140
135
123
144
133
126
147
117
152
136
145
188
159
177
169
167
174
165
154
167
178
186
176
200
190
193
173
183
159
151
141
147
133
139
139
147
133
131
132
162
136
143
170
180
161
177
198
169
190
175
187
172
163
149
135
127
147
128
122
120
132
149
146
138
141
141
108
129
126
135
143
157
185
181
210
279
290
307
259
228
185
177
167
155
160
152
157
183
231
243
216
195
186
132
143
112
134
127
133
163
211
203
262
277
290
241
197
145
158
137
131
141
164
145
112
118
109
143
102
118
99
105
122
104
117
149
170
198
237
286
295
245
204
172
147
141
102
135
112
149
126
135
142
150
171
125
142
118
124
129
122
172
178
232
232
212
179
141
114
115
100
123
149
98
97
93
84
95
124
115
91
105
103
109
113
127
109
132
126
105
121
156
127
116
100
112
107
114
111
110
111
97
86
126
132
146
118
118
118
122
120
114
104
117
138
141
137
125
139
108
116
113
102
99
107
110
102
111
111
110
96
87
104
98
107
118
127
129
112
126
129
153
156
147
123
146
136
118
108
115
116
105
116
107
106
117
132
117
127
96
106
124
112
100
107
104
111
117
97
87
89
112
116
107
119
109
98
105
108
98
114
124
102
145
116
144
128
124
135
131
121
111
110
82
97
124
97
107
111
114
155
170
199
185
153
154
132
120
153
135
165
154
186
165
208
236
243
265
242
192
175
149
106
104
112
107
105
104
105
96
89
107
92
106
109
107
93
113
131
138
122
123
122
131
114
106
114
126
95
105
84
89
108
97
100
110
87
108
119
90
98
96
96
110
98
88
97
111
137
112
121
105
139
166
203
219
276
269
222
189
171
137
95
100
97
111
124
108
95
95
92
110
90
94
89
78
94
86
122
92
103
83
106
90
110
108
105
120
115
117
109
99
112
103
90
97
92
85
104
106
94
93
86
93
105
107
96
87
101
102
91
94
104
94
87
111
100
102
76
94
86
98
74
103
83
90
101
81
78
91
79
78
76
103
101
81
115
100
97
104
99
97
106
80
99
105
104
85
95
141
114
104
92
107
108
94
100
106
93
101
77
87
89
90
81
78
94
81
91
92
92
109
77
97
88
107
109
110
116
95
101
104
99
102
96
99
102
90
94
75
107
92
73
79
87
97
97
77
98
72
104
104
90
103
92
88
78
85
82
88
110
90
109
126
115
138
88
88
91
95
102
113
80
106
98
93
86
96
108
91
90
95
95
106
107
112
132
103
109
129
139
113
126
105
108
114
101
90
89
111
108
120
111
138
151
151
198
266
305
359
390
357
292
251
183
155
127
108
110
110
108
119
101
111
103
101
108
103
110
107
129
117
80
100
91
89
100
89
77
97
95
95
123
103
89
95
100
106
92
92
98
104
108
115
97
82
112
107
149
153
158
213
200
199
175
157
134
113
100
100
95
93
89
99
97
106
84
84
84
95
81
87
87
79
81
91
64
81
82
90
87
75
89
80
99
82
82
95
67
77
72
83
74
73
92
72
73
76
95
82
86
86
86
81
75
93
74
75
77
72
91
81
99
78
76
88
80
76
71
88
62
76
93
65
109
96
109
91
80
93
89
103
106
103
133
123
112
106
128
117
99
104
95
103
104
106
94
79
72
94
79
100
85
84
81
92
94
80
69
91
71
90
79
99
78
89
88
77
102
96
83
108
106
118
89
90
107
112
117
107
92
112
107
99
79
91
96
101
110
98
121
111
137
110
118
111
98
90
133
86
91
85
91
75
83
86
89
89
79
68
99
75
84
85
81
90
103
107
94
99
117
89
87
92
83
87
78
84
78
68
73
77
84
77
86
77
75
64
81
80
67
87
83
94
95
96
74
83
72
90
87
75
78
78
89
80
91
96
94
81
74
90
69
87
76
73
73
87
100
98
113
128
121
133
99
99
93
97
80
93
79
81
87
98
86
82
99
93
102
90
94
90
97
109
98
96
98
99
133
138
132
107
115
84
86
75
73
72
93
88
90
78
86
102
66
85
76
76
75
81
80
67
74
72
73
90
88
82
90
93
104
86
80
105
87
88
106
102
88
96
89
91
86
83
82
79
82
81
87
82
84
83
76
75
75
81
78
93
106
76
113
107
117
110
88
74
82
89
85
74
77
82
77
75
76
67
79
75
75
69
62
57
91
71
66
76
78
56
67
56
52
56
58
65
68
72
65
72
87
94
105
76
94
84
68
79
77
65
60
65
74
84
75
76
80
77
64
86
60
77
74
75
69
57
83
70
65
54
67
62
89
70
66
59
65
92
66
87
86
78
77
91
57
65
66
60
68
79
76
79
73
65
68
77
69
60
62
63
69
64
69
62
54
68
67
56
74
58
62
71
69
74
63
59
73
61
59
70
63
67
88
83
88
93
92
87
82
85
87
80
71
63
73
63
54
66
64
63
68
70
65
69
71
61
61
64
75
75
54
66
62
60
65
71
70
63
53
69
77
71
59
68
90
53
63
82
70
62
82
60
61
76
75
74
73
71
66
69
81
89
62
72
93
78
74
91
70
86
83
79
92
73
85
79
85
70
86
85
80
92
95
99
99
99
70
74
64
78
65
78
87
80
84
106
100
97
106
99
110
125
147
172
170
167
186
197
168
174
164
153
136
124
118
109
127
108
142
93
105
111
91
80
85
90
85
78
67
78
74
80
86
66
75
65
71
69
63
84
75
84
71
91
68
65
75
69
58
65
78
69
79
73
68
59
72
73
67
77
63
64
60
63
71
66
84
57
66
67
55
57
59
59
68
70
84
60
73
58
47
78
68
66
69
62
73
57
61
75
71
71
64
64
79
83
63
63
79
86
72
67
72
67
71
67
79
85
94
91
85
78
83
66
72
85
67
81
70
65
75
70
73
67
77
65
84
89
97
85
101
86
121
110
82
76
85
81
78
65
65
57
57
71
65
66
74
55
73
82
56
64
68
87
58
66
77
75
89
100
90
111
125
170
138
139
104
107
104
72
71
74
78
66
61
55
75
79
73
73
59
78
70
72
61
69
80
71
58
67
75
71
81
68
73
68
59
57
57
50
60
71
64
50
65
70
55
62
53
62
51
57
68
71
63
77
55
65
66
63
48
50
56
60
66
50
53
61
66
52
66
74
70
69
76
78
60
68
74
66
65
71
72
67
75
64
62
65
59
71
66
58
65
78
61
50
70
61
69
50
62
72
57
67
57
55
64
75
78
56
66
63
70
84
80
99
114
73
78
70
70
54
68
47
49
64
58
53
66
63
80
61
66
79
68
54
65
64
50
66
45
57
50
46
59
56
65
56
45
55
69
59
57
56
61
59
59
56
58
54
60
54
54
53
53
53
75
62
56
58
51
54
71
61
51
64
54
51
56
54
46
48
61
50
62
70
59
68
63
77
68
80
69
85
63
57
68
49
77
72
63
64
58
59
60
49
61
65
69
55
61
50
58
45
57
70
50
48
61
63
70
59
64
78
73
69
67
54
79
79
76
57
75
57
52
64
54
58
54
61
50
47
65
60
70
59
57
57
72
78
63
85
107
149
171
232
234
227
208
205
156
134
108
83
73
77
71
68
63
74
71
65
54
77
52
60
60
71
64
64
65
64
39
75
62
57
56
64
56
63
46
56
55
49
50
61
50
56
52
56
54
59
51
47
72
61
75
68
64
82
108
64
83
112
122
164
267
246
320
303
280
261
190
159
145
97
114
103
91
90
81
57
86
70
71
61
54
57
68
68
67
67
65
50
71
60
62
51
56
51
61
57
65
59
63
68
58
54
62
70
65
57
45
69
43
58
59
58
52
53
47
65
58
48
64
50
59
59
62
41
64
67
52
54
49
53
46
56
63
60
61
45
59
56
44
48
51
70
50
51
50
51
60
63
55
53
48
56
63
61
62
61
64
63
66
76
58
53
67
67
60
56
69
57
53
55
48
56
50
63
73
60
47
59
59
48
62
62
57
55
61
58
62
50
60
44
61
57
71
54
64
58
54
48
45
54
54
46
47
49
52
69
71
41
50
53
48
50
48
43
66
61
56
56
49
59
57
57
52
62
58
41
39
51
42
52
43
45
49
56
64
77
63
58
44
59
57
40
72
41
54
63
59
52
41
57
61
48
64
54
56
53
62
48
60
51
73
63
81
91
75
79
102
79
78
79
71
73
59
71
64
73
62
69
54
68
91
80
81
77
79
85
63
79
58
52
43
63
47
58
61
74
75
51
70
71
57
59
73
65
46
40
56
52
46
44
51
53
43
34
52
44
49
52
46
44
48
56
51
62
52
59
59
52
48
59
57
59
61
52
67
58
65
51
44
58
58
69
53
43
55
62
59
64
76
64
45
58
67
43
41
51
47
50
63
60
56
40
54
49
51
47
56
44
57
62
50
42
44
63
48
64
46
38
58
55
42
46
41
43
50
44
38
49
57
60
43
52
52
57
45
43
54
37
54
54
30
44
50
36
38
55
55
58
56
42
52
37
52
43
45
56
41
50
38
38
47
37
53
53
51
57
43
49
45
47
50
41
42
61
56
49
56
49
43
56
49
41
51
42
46
57
63
43
44
47
44
50
38
38
45
54
50
37
40
59
53
39
33
39
46
49
45
51
49
40
48
38
46
48
50
48
59
50
33
45
49
52
56
46
53
66
65
45
64
82
75
95
71
107
68
66
60
79
75
56
57
42
50
57
60
58
44
52
48
37
54
52
44
61
55
51
43
49
52
50
64
43
53
37
52
40
50
41
47
47
55
43
51
60
43
51
48
57
49
51
50
42
66
66
90
78
99
119
133
144
162
170
164
137
104
84
74
65
65
52
76
45
43
45
41
52
51
49
49
39
45
41
40
51
42
39
44
46
43
37
47
45
56
46
48
51
66
60
56
48
52
41
57
74
56
55
56
53
46
59
51
49
43
51
41
44
39
57
54
40
35
47
38
40
67
49
86
63
87
84
78
83
57
58
55
43
42
46
54
50
53
43
49
40
42
49
31
53
48
51
40
38
37
43
41
33
48
35
37
44
43
35
42
39
60
54
36
46
38
44
47
50
51
61
47
51
53
58
48
39
53
50
39
57
60
52
40
47
48
39
39
60
38
52
53
78
74
81
105
140
155
145
173
118
107
70
80
65
52
47
46
55
51
57
56
40
50
44
36
41
46
51
47
38
36
39
39
42
59
29
37
29
39
41
54
39
50
61
63
52
59
48
46
52
51
47
51
56
52
47
50
57
49
70
44
62
52
52
57
45
50
49
66
40
46
47
50
49
40
50
51
35
47
52
39
48
43
44
63
35
35
43
37
50
49
47
41
45
51
52
52
48
50
51
58
56
57
66
73
66
56
56
77
52
62
29
39
43
39
41
50
44
36
32
43
41
37
32
30
42
35
47
28
45
41
35
41
36
50
33
48
46
38
61
49
46
37
36
39
40
51
41
39
28
51
38
37
41
47
49
39
39
40
42
35
42
45
26
47
51
36
43
35
40
29
40
38
37
45
39
31
43
36
40
31
34
43
40
29
42
45
50
41
40
39
45
50
39
41
33
41
37
45
41
39
37
31
39
40
57
40
39
42
39
44
37
38
57
43
42
41
33
41
42
52
35
37
41
47
55
59
69
51
73
65
55
57
55
59
48
40
35
44
39
35
55
33
38
44
40
37
53
47
36
54
31
42
40
35
36
41
49
49
41
37
48
41
48
41
47
51
42
41
48
45
48
61
43
42
54
26
31
36
41
41
33
33
41
46
40
31
52
41
40
47
57
51
71
71
45
65
50
42
53
47
41
51
39
46
41
51
51
36
43
41
40
51
39
48
38
32
39
47
42
46
42
49
41
46
46
49
51
64
65
61
62
62
60
51
63
47
47
41
39
44
37
52
34
39
38
41
41
31
40
42
36
38
42
45
42
47
43
49
55
70
71
63
78
79
75
82
49
56
51
54
46
39
44
30
40
35
36
47
38
38
34
58
30
44
39
35
68
49
65
60
66
45
37
50
55
33
51
45
44
34
40
44
39
38
40
47
40
47
36
33
47
40
41
45
58
39
41
39
46
50
53
59
46
47
48
43
49
45
43
32
51
44
43
37
37
51
45
34
48
41
43
37
39
30
37
29
36
33
32
44
35
40
37
30
34
40
48
42
37
34
50
41
34
34
29
42
32
35
33
38
44
35
22
38
26
40
46
47
52
36
55
56
55
79
64
50
65
47
43
46
41
36
43
32
35
36
44
34
38
31
32
32
36
36
31
42
37
49
34
32
35
22
36
33
37
34
39
31
35
21
40
39
35
41
37
40
34
42
31
33
38
38
40
45
53
40
33
33
33
31
27
21
47
38
42
38
32
30
38
36
39
32
42
36
45
51
58
59
74
73
77
77
50
58
49
34
36
36
54
32
46
37
44
32
39
38
47
35
37
49
34
44
32
43
46
50
44
58
56
54
45
45
36
50
48
55
51
65
57
78
80
82
79
59
36
58
62
28
45
39
42
41
43
25
39
41
42
44
27
30
39
46
45
49
52
62
70
64
56
71
71
49
41
42
63
46
53
76
67
56
56
49
50
53
59
42
49
42
47
30
24
38
41
28
33
36
35
28
39
30
38
32
45
38
34
31
39
37
41
25
29
37
35
33
28
28
41
31
49
35
34
44
39
43
28
31
37
27
28
35
32
22
31
25
34
34
24
38
38
36
29
28
21
43
27
35
27
27
32
29
30
30
30
33
40
29
29
36
29
44
33
28
32
40
47
29
37
26
43
33
35
36
31
34
32
40
41
37
39
41
37
34
35
42
34
22
31
42
28
34
32
38
32
30
43
32
30
37
50
24
40
26
44
37
26
28
25
40
30
39
26
34
46
28
30
33
32
46
24
22
27
37
41
42
45
68
60
78
63
74
59
53
38
38
48
33
32
28
28
33
29
30
44
28
38
30
37
42
43
35
33
49
38
22
32
56
44
47
38
30
31
30
48
24
38
41
52
47
58
48
60
53
50
42
48
41
32
41
29
36
27
36
34
30
49
37
43
37
59
56
73
88
60
57
55
50
43
54
30
32
29
47
39
34
32
41
28
37
37
49
22
29
37
37
38
31
40
38
39
42
43
31
39
46
48
42
55
36
46
34
36
30
40
41
38
28
30
39
35
27
37
41
43
40
43
37
41
43
48
25
40
32
37
38
31
32
32
33
31
51
36
28
26
32
33
31
32
36
32
33
31
37
31
31
32
40
29
36
26
37
38
26
33
31
35
45
42
37
33
33
31
37
55
51
59
42
38
45
52
43
33
35
36
30
35
33
31
30
33
34
37
50
47
36
45
39
42
47
52
34
49
46
42
34
28
37
35
31
33
25
32
30
20
31
28
28
32
27
38
36
33
27
49
51
43
60
76
81
86
96
69
61
52
46
51
38
33
39
27
34
25
35
33
32
27
38
27
41
33
15
26
33
35
41
33
38
36
31
30
36
44
42
39
31
36
37
28
36
33
36
29
34
28
37
31
18
27
35
36
37
37
37
27
39
33
40
40
39
40
35
30
33
39
30
30
53
29
39
36
42
45
52
38
36
47
38
35
31
31
29
43
38
32
34
34
34
24
30
35
29
33
28
32
28
23
32
33
28
33
28
37
35
34
26
31
32
28
35
32
25
27
34
27
23
23
26
22
23
47
34
46
39
41
47
55
51
68
57
50
47
41
24
34
44
40
25
36
30
38
25
25
21
36
28
24
25
37
26
36
33
44
39
35
39
38
35
36
34
40
42
26
27
28
30
32
30
28
29
27
34
25
36
33
28
41
37
52
53
53
53
55
60
41
45
39
24
38
37
22
22
22
23
30
24
29
34
25
34
28
22
24
37
24
33
21
25
22
33
25
29
19
30
25
25
30
21
30
23
30
24
33
19
33
32
36
22
34
24
31
32
28
32
27
24
41
22
33
30
32
32
23
23
31
28
33
36
39
30
18
30
31
30
30
36
28
35
38
42
31
40
30
28
33
33
31
34
37
37
35
31
23
32
41
38
36
42
41
47
44
55
76
84
99
115
120
114
111
102
97
67
60
47
39
38
44
35
23
33
26
36
29
32
26
28
28
30
37
35
31
19
29
32
28
34
35
27
32
37
37
31
34
35
22
24
18
33
28
26
24
21
26
25
25
33
23
19
31
28
29
29
37
24
31
26
27
24
26
25
22
31
44
34
27
28
30
28
33
33
35
42
33
40
44
29
39
37
29
36
37
35
30
25
29
27
26
29
31
26
30
36
27
33
45
20
37
27
25
33
37
41
27
22
32
30
32
27
27
22
24
27
26
28
25
21
27
24
26
25
27
28
26
28
20
28
24
25
25
30
34
36
35
32
34
33
43
37
36
24
30
25
28
27
35
33
30
28
29
26
29
27
29
19
33
31
25
21
28
27
30
25
30
24
18
25
33
34
34
32
24
32
22
33
33
29
23
39
37
35
24
32
34
34
34
21
25
38
28
37
55
39
36
33
36
33
37
34
22
28
33
26
28
29
28
28
28
29
35
12
27
20
23
31
29
28
24
27
40
30
30
36
38
35
34
29
29
33
21
26
28
18
33
31
34
32
33
29
34
36
27
37
28
27
43
46
41
36
36
43
29
43
36
42
39
24
28
33
31
37
28
23
28
23
28
28
31
28
21
25
17
28
25
26
25
19
32
18
29
33
16
24
28
25
21
21
31
31
27
35
23
24
26
30
29
24
29
24
22
25
18
24
29
29
32
13
27
28
18
27
24
31
25
28
23
24
26
34
20
23
25
35
24
26
31
23
18
24
23
25
31
22
32
34
26
23
32
30
25
31
26
26
28
30
32
38
30
43
24
30
27
24
39
22
32
33
30
21
21
21
22
23
19
25
19
23
25
30
28
26
24
36
30
27
31
25
25
21
27
23
22
16
22
32
27
20
16
28
24
21
32
33
28
23
19
17
27
16
25
26
19
26
31
33
31
32
15
17
25
26
28
32
28
17
26
30
26
21
27
22
22
26
16
19
26
20
29
20
21
20
29
33
18
28
26
30
29
33
32
24
27
25
22
27
35
31
28
30
30
17
32
28
43
22
32
30
19
25
18
26
17
24
31
24
22
21
25
28
23
31
29
24
17
27
26
26
22
23
26
22
17
27
25
27
18
20
27
20
28
34
37
21
19
31
26
25
26
25
26
23
21
38
23
24
29
31
26
20
29
29
20
23
31
24
24
28
30
17
19
40
31
24
15
15
27
26
32
33
35
31
30
34
34
38
40
36
34
27
36
28
35
25
31
26
27
22
26
25
25
23
24
25
20
25
24
26
28
16
29
21
21
21
22
24
24
25
28
30
29
21
25
24
19
19
21
20
32
14
23
20
17
17
22
16
27
28
28
31
16
17
17
35
16
29
27
27
18
23
23
18
19
26
24
26
27
28
21
28
26
26
27
30
32
24
28
34
24
31
27
29
48
43
43
50
46
54
74
42
46
44
43
38
33
22
27
25
29
22
20
21
23
25
17
22
21
34
23
22
19
16
22
25
24
23
24
28
27
28
21
21
23
24
23
15
21
30
21
19
17
24
32
35
22
20
29
21
27
23
25
19
21
33
23
28
28
25
27
18
23
23
20
23
21
32
21
22
18
16
30
33
19
23
30
29
25
23
15
25
25
21
28
21
20
18
26
24
26
20
24
32
20
23
32
21
29
24
22
17
25
24
30
32
30
30
25
22
29
24
26
28
23
27
11
23
24
20
18
20
30
21
23
15
28
19
24
23
20
25
27
30
22
26
25
24
20
40
35
34
30
33
26
30
30
19
25
22
20
22
18
28
19
30
21
29
37
18
27
32
24
18
28
29
37
28
21
25
31
39
33
27
26
30
38
25
30
23
18
26
21
23
25
20
24
26
33
23
26
35
41
35
20
27
33
25
26
28
21
19
29
23
22
21
28
34
29
24
27
27
27
23
26
23
19
21
27
31
24
23
18
24
29
27
26
31
17
30
19
21
22
23
18
24
28
23
29
20
24
16
35
27
21
25
16
22
20
28
31
24
23
31
19
24
24
25
25
25
35
26
34
34
37
22
29
34
28
37
31
25
23
17
29
33
20
19
23
29
22
27
27
19
27
24
29
26
23
24
14
20
20
19
26
27
22
24
20
20
19
27
18
22
23
23
27
26
16
16
24
29
20
20
19
21
29
26
21
20
22
20
15
22
18
27
22
25
18
24
20
25
20
30
44
40
31
26
19
25
26
24
25
14
18
23
24
14
18
15
18
28
13
18
27
18
25
21
20
26
20
26
22
22
19
18
13
30
22
24
15
13
19
21
14
16
20
21
24
23
20
18
21
23
29
19
28
29
26
23
22
24
23
19
25
18
21
25
22
27
26
23
22
18
25
14
16
14
27
23
26
26
29
21
26
25
25
28
21
34
19
15
19
18
14
16
22
13
26
29
21
19
32
21
21
20
21
17
19
28
29
19
19
21
28
29
33
26
26
31
19
18
23
19
20
25
22
27
25
19
17
23
20
10
16
22
18
29
23
15
20
18
31
23
16
26
20
22
22
13
25
23
20
21
26
25
24
25
13
21
25
28
23
18
27
19
16
15
27
17
21
21
14
20
14
35
17
27
21
26
27
24
28
25
27
25
32
24
27
31
34
21
20
25
22
27
27
30
25
25
28
35
32
24
42
28
20
31
28
30
22
25
23
19
27
29
34
24
34
27
27
30
32
33
28
32
28
30
21
32
39
24
26
18
21
17
26
24
22
21
17
26
26
13
28
27
30
23
20
23
32
18
28
19
20
31
19
22
22
23
18
24
22
14
18
21
28
16
22
15
21
23
25
15
23
16
30
21
20
21
23
27
19
19
17
23
24
21
20
19
23
23
22
18
19
13
36
30
17
15
23
24
19
19
12
25
14
21
19
19
18
26
27
22
25
15
30
20
33
22
21
15
17
25
18
22
18
24
21
18
19
20
25
20
29
34
36
42
30
32
40
40
25
27
18
21
18
14
32
25
29
26
22
23
26
28
24
23
30
18
15
19
12
18
23
19
22
14
20
23
15
29
16
20
23
18
24
30
19
16
16
17
23
13
30
16
10
15
26
20
20
27
16
14
26
18
13
29
15
27
17
29
18
26
17
18
12
22
19
20
19
20
19
17
9
12
19
17
21
16
20
19
15
23
14
21
15
19
20
20
19
8
15
22
21
22
14
19
13
19
26
17
21
16
23
18
18
26
19
11
15
15
16
25
16
19
22
27
19
13
19
24
21
20
18
24
20
22
19
11
15
21
25
14
17
16
17
18
17
20
20
13
14
28
23
21
12
15
15
26
15
18
22
13
15
16
18
18
16
23
27
22
18
14
21
18
20
12
17
23
20
23
21
17
17
24
18
15
24
28
15
18
13
15
17
14
25
17
12
11
14
19
16
18
21
17
21
18
18
24
21
15
15
18
21
18
17
19
21
21
22
21
26
14
20
22
28
18
26
14
24
19
13
35
21
16
13
26
25
14
24
23
25
16
24
15
18
19
28
19
13
7
21
15
21
26
13
15
21
22
19
14
23
18
15
14
24
26
22
22
17
21
31
14
19
18
20
28
16
18
26
17
23
13
12
22
17
15
20
16
24
11
12
23
17
13
22
21
16
23
23
22
23
20
30
32
18
17
22
13
17
12
18
21
18
22
22
16
16
17
19
18
21
19
23
11
16
17
8
12
16
16
33
14
17
16
15
15
20
19
14
14
22
14
17
15
15
15
21
23
21
16
11
13
21
16
15
19
17
22
15
26
17
24
20
15
19
19
17
16
15
13
22
13
13
11
10
7
15
16
16
23
20
19
17
12
22
19
25
16
21
14
22
15
17
21
23
16
19
11
13
13
19
16
16
13
9
14
14
19
16
14
17
20
21
25
26
22
23
25
20
25
16
15
18
19
21
15
19
24
24
21
19
17
17
20
22
29
15
14
20
15
25
18
22
23
22
21
21
23
29
35
35
39
41
47
55
56
49
44
44
41
31
18
21
27
23
23
25
21
18
25
21
22
16
10
17
13
16
9
11
28
11
13
13
13
23
18
20
15
17
12
22
22
21
24
24
31
30
24
30
25
28
21
15
20
22
20
27
22
21
13
25
21
20
16
22
15
18
17
12
22
9
22
17
9
20
19
11
7
18
25
15
13
29
13
17
19
19
15
18
14
20
15
15
16
11
14
17
24
17
9
14
14
18
16
19
14
14
14
18
26
24
25
17
19
15
13
16
17
16
19
15
15
18
12
14
16
21
18
15
18
13
14
12
12
8
18
14
15
15
17
10
17
12
18
9
15
9
17
11
10
17
9
13
16
13
22
16
15
20
18
17
17
11
18
11
16
15
15
14
10
10
11
12
21
15
15
15
19
15
28
3
21
21
16
16
10
17
11
19
10
18
12
15
15
13
17
9
11
17
10
15
19
8
20
16
19
18
21
20
11
15
14
11
23
13
6
14
15
18
14
14
18
8
12
12
17
21
13
16
15
22
12
20
20
14
20
14
25
21
13
15
11
17
15
14
21
13
14
15
19
21
18
23
18
13
17
12
20
19
16
16
14
13
17
21
9
15
12
21
10
14
15
8
21
18
18
17
16
24
17
16
16
25
17
16
16
17
19
18
12
14
12
16
18
12
11
15
14
15
7
16
16
6
9
15
13
13
15
13
14
14
18
13
18
13
12
12
12
18
11
11
14
14
14
15
18
12
18
10
25
14
23
16
21
19
15
16
15
13
12
14
15
10
18
17
21
14
16
21
21
16
28
15
16
14
25
15
10
21
17
18
11
17
19
22
21
23
20
25
20
27
19
22
22
16
6
15
19
10
8
8
16
22
14
15
19
20
15
13
15
17
22
12
23
11
21
19
14
15
17
20
26
17
11
22
19
15
12
15
17
23
17
12
15
20
16
13
16
16
10
14
14
13
15
11
21
16
18
17
13
15
10
14
13
17
18
18
8
22
16
23
16
11
20
14
13
12
17
14
13
12
22
12
17
10
20
17
12
11
14
9
6
11
14
14
11
18
14
12
12
11
10
16
7
10
20
8
13
15
16
19
14
17
10
12
17
19
10
12
11
15
12
13
19
15
12
17
15
13
11
15
15
17
16
19
12
18
16
11
13
15
21
15
12
18
9
19
12
12
15
16
15
21
24
14
18
19
14
19
14
16
14
14
18
15
19
15
10
10
12
23
22
18
12
11
13
26
16
20
20
13
18
16
11
17
31
17
21
15
16
25
16
27
17
14
18
12
15
18
14
7
15
13
10
19
14
15
11
14
8
10
17
25
25
27
37
22
35
48
52
66
82
108
118
125
126
131
140
91
88
76
68
52
44
28
23
27
22
19
23
14
18
20
12
23
16
19
14
21
21
18
19
19
11
18
14
24
16
14
18
20
15
24
20
20
19
25
29
17
15
18
16
13
22
19
14
19
16
14
12
11
11
13
16
11
15
13
12
17
13
18
19
15
17
18
9
11
11
14
11
17
13
10
10
13
14
10
10
8
10
13
17
6
15
7
12
13
13
19
9
13
14
16
11
10
16
17
10
13
10
17
9
19
9
13
15
22
12
16
13
13
19
13
14
18
14
14
11
13
16
9
11
18
13
16
12
16
11
8
19
9
10
8
9
21
15
18
11
16
11
12
19
13
16
17
12
9
12
10
17
13
15
6
11
10
12
11
21
16
14
23
27
32
30
31
25
37
41
27
38
27
14
22
17
12
15
12
7
12
10
7
20
10
10
8
14
16
20
15
21
15
10
12
9
8
12
18
11
14
13
11
8
14
14
12
13
8
18
13
11
11
15
10
14
15
11
16
9
17
9
15
10
10
12
15
6
13
9
12
9
9
14
14
15
8
11
18
13
16
11
10
10
15
8
10
11
9
13
15
5
13
12
21
14
16
17
9
9
12
12
7
4
10
11
7
14
13
18
13
13
13
15
11
18
16
15
12
13
13
11
11
12
13
7
7
9
15
11
11
9
13
13
12
10
15
15
13
17
12
14
14
10
9
6
13
14
18
11
12
17
17
19
11
16
12
13
18
19
16
15
14
9
12
16
16
11
12
13
13
19
11
6
8
10
13
6
9
18
17
10
15
18
15
12
9
14
7
13
13
10
11
11
23
10
6
13
10
14
10
8
23
11
6
12
20
12
17
11
16
15
10
16
11
13
9
10
11
10
23
15
11
9
17
17
10
13
10
13
9
16
12
12
19
9
10
11
10
9
14
14
17
8
18
15
9
12
18
11
17
14
11
18
9
9
14
20
13
22
10
14
13
14
12
9
14
18
14
14
11
12
18
7
23
16
12
9
18
11
15
16
14
18
13
12
11
24
16
14
14
14
13
6
9
16
16
16
16
16
13
14
13
13
12
11
13
15
11
12
9
6
21
12
7
12
12
7
17
11
12
12
11
11
13
12
13
11
9
17
12
4
16
11
17
14
11
16
17
9
14
14
12
9
15
10
13
7
16
16
12
7
10
9
13
10
10
13
16
14
7
12
15
7
12
12
12
13
17
10
11
16
15
16
12
15
13
10
15
11
16
14
14
15
12
12
13
13
13
10
16
16
11
16
7
12
7
15
11
6
20
16
11
13
23
12
14
10
11
13
7
12
12
13
14
11
18
13
12
17
10
12
17
8
10
19
5
19
11
5
11
10
14
15
7
11
6
13
17
6
11
18
9
11
12
10
14
9
10
9
13
10
12
13
9
7
7
13
8
13
10
9
11
7
9
12
12
16
13
14
11
22
8
16
10
13
17
16
15
17
9
8
8
11
15
7
16
12
10
11
12
10
19
13
9
10
10
12
12
8
9
14
13
16
9
7
9
14
12
12
9
23
9
9
15
9
8
5
10
13
6
8
12
12
10
13
15
13
11
19
14
11
15
11
13
9
12
8
15
16
17
16
11
19
19
18
14
14
9
14
7
16
12
8
16
11
14
5
8
13
10
12
16
14
9
11
12
12
16
8
9
11
11
11
13
8
12
13
12
11
11
6
9
9
11
6
11
10
9
13
6
6
15
13
5
14
13
11
9
12
7
11
9
9
9
9
7
13
11
11
14
12
17
12
12
11
13
9
17
11
8
16
9
13
13
16
16
6
14
10
8
7
8
16
11
6
13
13
10
7
14
9
9
8
10
5
13
13
14
7
14
15
6
11
9
12
19
15
19
11
17
12
7
9
4
19
11
13
6
12
4
8
12
10
16
9
11
11
14
9
7
11
10
11
6
8
8
10
11
5
10
13
6
10
12
6
11
9
6
15
6
14
12
8
6
12
15
9
15
7
11
8
13
13
9
9
13
13
11
8
13
13
9
19
14
3
12
16
6
9
13
12
8
12
10
9
5
12
10
12
12
14
12
13
11
15
17
11
8
13
10
13
8
18
8
12
10
8
11
5
11
4
10
13
14
6
9
12
13
12
9
8
8
12
14
13
10
10
14
14
12
11
11
10
15
9
9
19
6
15
4
16
10
16
13
12
13
10
24
12
6
14
12
15
13
10
11
12
10
15
12
9
12
8
13
13
17
18
13
6
11
12
7
9
11
9
10
7
9
9
5
11
11
10
5
10
11
13
12
14
8
12
7
6
9
9
7
10
8
4
8
13
11
11
14
10
6
13
17
7
16
9
13
11
10
8
11
13
10
18
11
7
17
12
11
7
9
14
3
11
9
7
14
11
9
10
10
12
11
11
7
13
11
12
15
16
10
12
16
18
20
15
6
17
14
19
12
7
17
13
14
18
10
7
13
11
17
10
10
8
12
13
8
10
4
12
14
15
10
6
9
24
6
9
13
12
11
11
9
15
12
10
11
6
8
10
11
12
10
9
7
9
4
10
10
15
6
10
10
11
13
5
15
8
9
9
11
12
10
15
14
10
16
13
15
6
8
10
10
9
8
11
16
6
11
11
8
16
10
8
6
10
6
13
11
13
9
8
11
5
15
11
10
13
12
11
11
18
9
10
9
9
5
10
8
12
7
11
11
5
9
10
8
6
13
9
15
11
12
9
10
10
14
9
5
14
6
9
8
10
9
18
10
11
7
10
11
11
14
10
6
12
11
14
11
11
7
12
9
10
9
13
4
6
7
13
10
7
4
10
14
10
9
10
10
12
13
11
7
6
21
8
12
9
7
11
13
12
17
11
13
12
8
8
14
10
14
5
8
10
12
13
15
14
12
9
12
11
9
11
6
10
10
13
11
10
12
8
6
14
10
8
8
6
10
12
18
15
11
12
7
13
9
8
6
4
14
11
9
11
10
5
13
10
6
11
13
9
8
13
19
10
9
10
10
14
7
6
8
10
8
9
6
10
10
4
7
11
3
11
8
4
11
13
9
11
9
8
12
12
9
14
9
15
7
14
10
11
11
8
12
15
4
8
11
14
8
9
7
7
5
3
7
6
11
10
11
9
7
11
8
9
13
14
12
10
9
6
14
8
13
11
17
16
5
9
8
12
7
8
13
8
8
9
11
14
9
6
10
15
12
10
7
11
6
7
8
12
10
11
11
15
11
11
9
4
5
3
14
19
14
11
11
9
17
16
5
10
13
14
12
6
8
17
15
9
8
11
10
14
13
9
7
6
15
9
10
10
8
12
9
14
7
7
4
5
7
6
9
3
12
12
10
8
4
11
14
10
7
10
12
9
16
13
8
8
8
11
9
16
8
8
10
7
17
9
8
9
12
2
8
19
8
11
8
7
4
8
7
6
8
4
12
13
12
7
6
13
9
12
16
7
10
8
13
14
6
10
14
7
10
11
10
9
10
8
8
9
6
8
13
9
6
8
10
6
3
7
7
10
6
8
11
10
11
17
13
10
16
13
7
14
15
9
8
12
9
10
6
10
9
11
6
14
9
14
10
13
11
13
6
12
11
8
13
12
18
9
7
6
11
9
11
9
11
6
14
9
11
11
11
14
7
19
9
12
15
7
6
17
8
5
13
5
6
7
11
5
8
8
6
19
11
13
8
10
5
10
6
9
9
4
13
9
12
8
11
9
10
8
11
5
9
11
9
8
5
12
8
9
8
5
17
11
9
12
8
13
9
5
8
6
11
8
10
15
11
9
9
7
7
12
11
7
11
12
17
13
16
8
10
12
6
4
7
6
10
7
7
11
6
6
10
15
10
13
5
9
14
8
5
14
11
8
10
8
7
6
19
11
8
11
9
9
11
13
10
9
11
11
12
6
16
11
10
14
16
9
8
13
11
12
8
7
13
12
7
3
12
11
6
8
13
11
8
4
12
16
19
9
13
12
8
12
13
11
14
9
5
11
16
12
14
11
6
15
14
15
10
6
11
7
12
8
6
12
8
2
13
6
9
9
4
12
3
8
8
7
12
8
11
6
7
14
9
12
5
8
12
5
10
8
7
5
9
7
12
11
14
8
11
7
15
10
7
10
11
6
9
12
7
13
10
1
8
10
11
12
12
12
13
4
11
2
3
8
6
7
6
8
11
9
6
5
5
12
6
8
6
9
9
13
8
6
3
5
7
8
12
7
10
7
4
10
6
15
4
12
7
14
7
5
4
7
6
5
12
10
9
6
6
6
8
10
10
11
10
7
8
13
10
9
12
4
6
9
7
9
10
16
9
14
9
6
9
6
9
9
12
9
6
8
8
7
5
3
10
10
9
7
11
8
5
9
10
5
2
3
14
9
12
13
12
6
3
5
4
9
7
9
7
8
7
10
9
9
10
8
10
7
7
15
9
11
14
9
18
12
11
11
5
12
11
4
12
9
10
7
10
7
9
8
9
7
3
10
11
9
5
10
9
7
7
8
10
9
12
11
10
6
12
8
7
14
4
5
9
9
7
6
17
10
9
9
8
9
16
11
7
8
5
5
11
9
11
10
17
14
7
7
10
5
10
6
15
3
7
6
15
8
9
6
14
8
9
11
8
8
8
8
9
6
6
5
7
11
11
10
12
11
8
14
6
12
5
8
12
9
4
8
14
7
9
6
8
12
6
10
11
7
3
8
8
12
13
10
8
6
3
9
10
7
5
9
8
7
14
11
8
6
11
5
7
6
6
15
6
11
5
15
7
4
7
4
6
8
6
11
4
4
4
7
11
12
10
5
5
4
9
6
7
5
7
10
8
12
5
4
6
5
12
6
5
8
6
10
6
8
8
12
11
5
5
15
6
10
9
7
9
9
7
6
7
4
9
10
10
8
8
12
7
7
5
9
5
8
6
12
9
4
10
11
9
6
9
5
7
2
10
7
9
16
12
8
9
14
13
5
11
9
8
8
9
10
19
3
15
12
7
10
9
21
9
11
7
8
14
11
7
12
5
13
14
9
12
6
7
6
5
8
8
14
7
11
8
8
10
9
8
13
12
8
12
6
7
7
14
6
6
12
8
10
8
5
9
5
6
2
10
10
10
6
9
8
7
13
6
2
10
6
15
9
9
5
7
6
13
6
9
8
5
9
8
6
9
9
9
7
16
7
8
14
9
7
14
7
5
2
11
8
6
10
8
6
7
11
3
9
5
12
8
10
8
6
10
8
14
14
10
7
6
14
8
9
7
6
10
5
8
7
11
9
9
13
9
16
4
5
8
8
6
5
9
6
6
7
7
9
8
6
7
11
8
9
5
12
11
6
3
8
3
7
11
7
6
9
9
10
8
11
7
2
10
9
9
13
5
11
6
6
6
8
10
6
2
9
8
6
5
5
6
8
6
7
9
7
5
6
5
10
11
7
8
6
9
8
11
2
6
3
6
7
10
7
7
7
5
7
9
7
4
4
10
11
15
10
11
12
8
7
4
11
12
10
10
10
10
13
7
6
5
12
5
11
8
9
8
5
7
7
11
6
7
4
9
10
4
6
4
4
7
5
13
7
8
4
9
10
6
8
6
6
9
4
6
7
11
10
3
9
5
10
7
7
11
11
14
7
10
8
7
9
7
7
7
8
8
11
11
8
9
15
8
7
7
5
7
14
6
9
6
7
10
4
13
12
6
9
9
7
5
1
5
6
13
7
3
8
12
14
6
6
2
8
13
6
7
7
4
4
3
4
8
8
8
9
9
9
7
3
6
12
6
12
8
12
5
4
7
8
7
9
7
10
6
8
9
8
7
7
9
12
10
9
8
10
8
11
8
15
8
4
9
10
9
7
8
8
7
11
7
8
6
9
6
6
7
6
7
9
7
4
13
4
10
6
8
11
7
4
11
3
8
8
8
10
6
5
4
11
11
6
5
10
6
8
7
1
5
9
9
3
5
8
1
5
7
7
9
6
10
6
6
12
11
7
9
7
8
4
5
8
10
6
9
9
6
11
13
13
10
12
10
9
7
5
11
3
8
10
10
3
12
15
11
3
10
6
5
7
10
7
7
6
8
10
8
7
11
5
9
7
6
8
10
5
8
10
15
2
6
7
7
5
8
6
10
7
10
6
14
10
6
12
9
6
6
6
8
2
10
7
4
5
6
5
4
6
3
7
6
4
7
7
5
8
6
12
9
10
12
6
2
7
5
9
5
5
7
9
4
6
4
8
5
7
8
2
4
6
3
4
6
3
7
2
8
5
5
8
9
6
9
4
8
8
6
10
9
7
11
7
5
2
6
7
4
14
8
6
10
4
9
7
7
13
9
8
8
3
9
8
7
13
12
8
8
11
9
6
13
13
9
13
5
12
9
10
7
16
10
17
7
8
7
12
7
12
10
9
10
3
7
7
9
1
8
10
10
7
6
7
8
8
5
11
3
10
6
7
5
5
3
9
3
2
9
4
7
4
9
6
6
5
13
9
8
4
11
8
3
7
5
8
4
8
6
3
9
5
3
8
8
1
9
7
3
8
6
5
7
6
9
8
5
6
9
6
7
8
9
9
5
4
9
10
5
6
4
5
2
7
5
8
6
10
3
2
5
5
4
7
4
5
10
4
7
9
4
9
9
7
9
10
13
11
3
7
13
14
6
7
8
6
11
7
10
7
8
8
6
7
7
6
8
9
3
3
7
8
6
6
6
8
8
7
11
9
7
4
2
10
10
14
6
8
5
7
3
4
9
7
7
10
5
5
5
11
3
5
8
5
5
4
7
5
3
5
7
6
8
7
9
9
7
7
5
4
5
10
5
8
9
9
4
7
8
8
6
6
14
11
6
13
9
7
4
6
2
11
6
8
9
3
6
7
5
6
8
4
5
4
10
9
9
4
13
5
8
17
6
7
9
5
5
9
9
4
3
5
6
8
7
11
8
5
6
8
5
9
3
4
9
5
9
10
4
5
12
7
5
8
7
6
10
1
5
9
9
2
4
5
6
4
5
12
8
1
6
6
10
11
4
8
9
11
4
4
3
7
4
5
4
10
5
8
9
7
7
4
7
2
6
8
5
5
9
9
7
5
12
10
9
6
7
9
6
15
12
6
9
7
6
8
3
3
1
7
9
6
5
7
4
5
5
5
10
11
9
8
9
8
9
4
6
6
10
6
9
11
5
5
8
12
6
10
11
8
8
7
4
5
9
6
6
11
4
5
9
9
6
4
6
8
8
4
11
1
13
7
9
3
7
5
5
7
7
5
9
2
4
3
2
6
7
7
7
9
9
2
5
12
5
14
4
12
7
10
12
16
6
6
7
6
7
6
5
7
5
6
3
11
7
5
2
12
3
5
5
5
9
5
10
4
8
3
10
6
7
8
6
6
6
6
5
6
3
8
7
5
9
7
7
5
4
12
3
3
4
4
6
4
4
5
4
9
11
12
10
5
7
8
5
10
1
5
10
8
7
14
6
8
1
11
6
9
5
6
6
5
4
3
9
8
7
3
6
6
7
6
9
9
4
9
7
8
5
5
2
7
13
3
8
7
6
3
8
6
10
8
9
9
5
4
6
5
4
6
7
8
5
10
14
6
10
4
9
4
4
8
4
9
7
11
5
6
4
11
4
8
10
7
7
9
7
15
4
11
5
2
3
13
6
4
8
5
11
5
0
4
5
13
8
7
7
2
6
3
5
4
4
6
9
5
10
8
4
5
4
3
7
6
3
3
6
9
6
7
5
6
7
8
8
5
6
10
7
7
8
5
6
6
5
5
10
6
6
6
5
7
7
7
6
4
5
6
5
7
3
4
6
7
11
4
3
7
3
11
8
5
4
9
3
8
6
5
6
6
5
6
5
8
8
6
7
7
6
4
5
5
8
11
8
10
6
5
5
11
9
11
5
8
10
9
11
8
5
8
5
7
7
5
8
10
7
7
3
13
6
9
5
7
3
6
8
10
3
5
7
1
5
8
4
7
5
3
6
3
7
4
3
2
4
6
9
4
4
5
5
5
5
3
5
4
5
6
7
4
4
5
6
6
4
2
9
4
10
9
4
9
6
10
5
5
6
5
3
4
6
6
2
7
9
7
2
6
6
4
7
7
3
4
8
4
7
4
5
4
8
5
3
7
5
2
3
8
11
5
5
9
5
7
6
6
7
4
9
5
8
4
6
7
4
6
11
5
5
10
11
4
8
6
9
9
5
11
4
7
13
8
5
9
6
7
8
6
8
8
3
3
6
6
4
1
10
4
6
8
6
4
2
9
7
5
3
4
4
6
8
5
7
2
9
7
3
1
8
2
2
9
5
10
4
6
2
5
6
9
6
8
12
5
7
7
6
9
7
5
6
5
7
6
6
4
4
9
9
6
3
9
5
6
3
7
6
5
7
9
5
5
6
6
5
5
5
5
4
5
10
6
4
9
2
8
7
7
1
5
9
5
6
10
5
5
4
5
9
7
2
4
3
5
5
4
5
6
5
7
7
5
5
7
6
8
7
12
8
5
7
4
1
8
5
3
4
8
6
11
3
6
8
10
2
8
4
4
5
5
6
6
6
7
3
3
3
3
5
7
6
4
3
3
3
5
5
6
2
6
5
5
4
3
3
3
7
5
3
3
2
4
1
6
7
1
3
6
8
6
5
5
5
5
4
11
5
5
3
5
4
6
6
9
4
10
7
7
2
3
5
5
3
5
4
5
4
7
5
7
8
4
4
2
5
7
6
8
2
7
5
8
9
11
4
8
4
8
4
5
11
10
9
8
8
6
6
11
3
7
1
7
4
10
9
6
9
7
2
5
7
8
5
5
4
2
4
3
3
5
2
3
8
6
3
6
4
2
4
5
10
6
2
4
10
8
5
8
3
5
6
6
6
3
8
3
10
6
1
12
4
1
12
6
3
3
0
3
6
9
5
5
3
11
3
6
10
7
6
5
5
7
9
4
3
7
10
10
6
10
6
7
2
6
9
6
5
12
6
8
4
5
7
6
2
6
6
3
0
4
3
5
4
4
8
5
8
5
4
5
5
6
7
5
4
2
5
7
8
11
3
6
4
1
6
4
7
7
4
5
3
4
4
5
5
7
9
5
5
4
5
5
5
5
6
4
3
6
7
7
2
4
5
6
6
5
2
4
2
5
6
5
7
1
7
5
3
3
6
5
2
2
9
8
3
6
2
4
6
1
8
6
3
6
3
4
7
5
1
4
6
5
1
8
2
9
5
2
4
5
4
6
3
6
4
4
7
6
3
2
4
9
7
3
5
6
4
1
7
6
3
4
3
4
3
4
4
2
3
5
5
6
2
2
4
5
4
5
4
3
3
8
6
5
3
4
8
5
5
6
3
1
4
5
6
4
4
4
2
2
6
3
5
10
4
4
4
3
5
5
8
8
3
7
7
6
7
5
7
6
5
7
4
8
6
4
3
8
3
4
2
3
6
9
5
6
6
5
6
5
5
3
2
4
1
7
5
10
11
8
5
12
8
8
3
10
6
8
5
9
9
4
4
5
10
9
8
4
8
10
10
4
11
9
3
5
1
8
3
3
7
5
4
9
2
3
2
7
7
7
6
7
4
9
8
7
7
9
5
8
9
12
6
9
5
9
6
5
6
3
8
3
6
3
3
3
8
5
4
8
2
8
2
3
8
3
10
7
7
4
6
3
6
1
5
4
4
5
7
3
7
7
8
8
1
6
2
2
5
3
8
4
12
4
10
3
4
5
3
7
3
6
8
2
8
2
4
5
3
6
5
5
7
7
3
10
6
2
1
8
2
8
4
4
8
6
2
3
4
6
5
2
3
2
3
1
0
7
3
4
3
6
4
5
1
2
3
4
6
6
6
12
4
3
6
6
6
5
2
4
6
4
3
5
7
5
5
7
3
8
7
4
6
7
4
7
4
3
7
4
0
3
3
3
4
6
3
9
5
4
4
5
2
5
3
5
2
8
9
9
5
4
3
1
3
4
6
2
3
10
2
4
7
6
8
7
7
4
4
5
4
6
2
6
5
6
7
6
3
7
8
4
3
2
1
9
1
3
1
3
4
5
5
4
6
8
3
2
8
5
9
4
7
7
6
5
4
6
5
6
12
6
5
12
9
11
11
10
5
7
5
7
4
4
5
2
5
3
11
8
4
6
6
6
4
3
5
5
4
5
5
2
1
3
5
6
4
1
6
3
6
6
7
6
5
1
3
3
6
4
3
4
4
1
3
2
6
3
4
2
4
5
4
3
2
3
1
4
1
3
3
7
1
3
1
3
3
2
5
7
1
7
6
2
8
6
2
1
4
7
2
4
3
6
9
2
6
7
1
8
3
3
5
6
8
4
4
5
3
7
4
2
2
8
8
5
7
8
4
7
3
1
5
2
3
3
5
5
6
3
4
2
5
3
4
4
5
2
8
5
5
3
7
6
3
2
3
2
4
4
3
5
6
3
6
4
1
1
4
7
8
7
4
10
3
8
4
3
5
5
4
8
7
3
10
5
1
2
6
4
7
5
2
9
13
7
3
2
10
7
3
8
4
4
10
5
8
7
4
5
7
7
5
5
8
4
3
7
8
5
3
9
7
9
3
9
10
7
7
6
4
4
5
3
6
6
3
8
6
6
4
5
4
5
4
2
9
6
5
7
5
3
3
4
6
5
5
2
5
5
9
5
2
6
4
2
2
4
2
3
4
4
3
3
4
6
4
2
4
5
4
8
7
2
4
1
3
4
5
5
5
1
4
5
0
7
6
3
6
1
3
4
6
8
5
5
7
9
1
1
9
7
4
3
5
6
4
1
6
1
4
9
8
7
2
2
5
3
4
4
7
3
3
6
3
6
5
9
2
2
4
4
4
4
0
1
6
2
4
2
3
3
4
6
6
5
2
4
2
5
4
7
6
6
7
9
5
5
2
10
5
5
5
9
6
6
4
2
4
7
1
4
8
3
8
4
4
9
7
6
4
4
3
6
6
2
2
3
4
5
2
3
5
8
8
5
3
7
4
3
4
3
4
7
8
6
3
4
4
3
4
1
4
6
4
2
2
2
5
5
0
7
3
4
7
4
5
5
4
2
4
3
8
2
6
3
6
4
5
1
8
5
2
5
3
5
9
3
6
3
7
5
4
5
5
4
4
7
7
4
6
7
7
6
7
6
6
6
5
3
3
4
4
2
1
3
5
5
9
7
4
3
4
6
3
4
1
8
4
3
7
5
3
3
2
2
4
4
3
4
4
4
2
7
3
5
1
5
6
5
3
3
1
0
3
4
3
3
4
0
3
2
5
1
1
1
3
4
4
1
2
10
3
4
4
11
0
2
3
2
8
6
7
6
4
4
2
1
5
3
4
3
9
5
2
2
6
4
5
2
5
5
8
7
5
5
7
4
3
7
6
3
5
0
6
6
4
6
2
4
3
5
4
4
3
6
2
2
8
3
3
4
4
7
6
0
4
5
8
4
4
1
2
9
6
2
3
4
2
7
4
6
4
3
3
2
3
2
2
5
2
4
3
2
3
5
4
1
4
8
2
5
4
2
6
3
2
5
5
6
4
5
4
2
3
9
4
5
6
7
7
6
4
2
7
9
5
12
2
6
5
2
3
5
0
7
5
4
1
2
4
2
2
6
4
9
4
3
4
8
0
5
5
6
4
5
3
3
0
6
2
3
5
6
3
6
4
6
3
7
4
3
2
5
6
4
3
2
2
5
3
3
2
1
2
3
7
4
1
3
3
7
4
5
2
6
5
6
3
3
7
7
5
6
4
5
7
3
2
1
3
3
6
2
4
2
1
5
0
3
4
7
1
4
4
5
4
3
3
2
3
3
5
5
3
4
4
0
5
3
3
4
3
1
2
5
4
4
2
5
5
4
3
5
4
5
5
3
8
5
3
3
1
3
3
4
1
3
3
9
4
1
4
6
5
3
6
4
3
0
6
6
2
3
1
4
2
7
3
1
4
3
4
5
3
3
1
0
5
5
4
0
6
2
3
2
4
3
3
5
2
4
4
1
1
5
5
4
2
1
4
5
5
2
4
5
6
2
4
2
5
2
4
6
3
4
2
2
1
1
2
1
4
1
3
1
4
4
4
3
4
4
2
6
3
2
8
4
4
3
3
4
3
4
7
1
3
3
6
3
5
4
4
1
2
4
7
5
5
2
7
2
5
4
1
4
3
4
4
2
3
6
4
3
1
3
2
4
5
8
2
1
3
7
2
7
3
9
3
3
0
3
2
3
1
3
3
2
3
2
4
9
6
6
6
2
2
3
1
2
3
3
3
3
5
6
4
3
5
6
4
9
2
0
9
4
7
4
4
5
8
3
7
4
5
4
3
3
4
5
6
2
4
4
2
3
4
1
3
1
0
5
1
1
6
5
4
4
2
6
3
2
0
6
4
1
5
3
1
5
4
3
10
3
5
6
4
1
2
3
4
3
4
4
2
2
3
0
2
4
1
2
1
6
2
2
0
3
1
2
3
1
3
3
3
3
2
7
6
2
5
5
5
4
1
3
6
6
5
6
3
4
7
3
5
5
2
7
5
4
4
3
4
5
5
3
2
2
2
2
2
3
3
1
3
2
4
3
9
2
4
0
3
0
2
2
2
3
6
6
4
2
7
2
3
4
3
4
6
2
4
4
1
3
0
1
2
4
1
7
4
3
2
3
5
1
2
3
5
2
2
5
7
6
2
4
4
3
5
6
7
1
2
2
2
7
2
8
2
5
3
2
8
4
4
5
2
3
6
3
3
3
4
3
2
1
3
2
5
2
3
3
3
4
8
3
3
3
8
6
1
5
2
2
8
5
4
4
3
4
3
6
6
4
4
6
5
2
7
6
4
2
4
3
3
3
3
2
2
6
3
3
1
3
2
1
4
5
2
8
3
3
0
5
6
2
1
4
4
3
4
0
5
6
0
1
3
3
1
3
4
4
5
4
7
2
3
5
3
5
4
2
8
7
3
3
3
5
6
1
4
3
3
4
3
2
2
4
3
2
1
1
3
2
4
4
5
0
4
4
7
0
0
2
4
2
4
2
3
2
6
3
3
6
1
7
3
5
9
11
7
4
1
3
7
10
9
6
4
4
3
8
3
4
3
5
3
6
2
2
4
4
0
3
5
2
5
3
5
4
3
4
4
4
3
7
2
5
5
3
2
5
5
3
2
4
4
2
3
3
2
3
3
1
4
4
1
6
3
3
3
5
5
3
6
2
3
1
2
2
4
7
2
3
2
4
0
3
2
4
2
6
2
2
6
1
3
2
1
3
5
1
9
5
2
0
3
5
12
8
3
7
6
10
4
10
3
11
9
5
5
9
3
9
5
2
4
4
3
3
3
3
7
8
2
3
5
5
3
2
8
4
7
7
3
4
5
3
3
5
3
4
0
4
1
4
8
3
8
4
5
5
3
3
2
3
7
2
3
4
1
3
4
6
6
0
3
3
5
5
2
1
2
3
3
7
5
4
6
5
4
5
4
2
1
6
3
4
3
3
2
3
4
7
4
4
3
5
5
6
3
3
2
3
8
4
7
3
3
2
5
3
6
0
4
3
3
1
0
4
4
5
2
4
2
3
2
3
6
3
2
3
2
5
2
1
6
1
2
4
3
3
1
1
2
3
4
5
3
8
5
1
5
4
3
2
6
4
2
7
2
4
3
1
8
4
3
4
4
5
3
2
3
2
3
5
3
1
2
3
2
3
2
4
2
1
0
0
3
1
6
2
3
1
2
4
4
2
2
1
4
4
2
2
0
0
2
2
4
4
3
0
5
1
2
3
2
3
3
1
5
4
3
3
2
5
2
3
6
1
2
4
4
1
1
4
3
2
4
4
1
4
3
7
3
1
1
2
2
4
2
3
2
4
4
2
5
7
4
6
5
4
5
2
2
6
4
6
3
5
2
2
10
7
4
1
5
5
2
4
4
4
4
4
2
5
1
3
3
2
1
1
3
4
2
6
3
1
4
4
3
2
5
1
3
2
1
2
6
2
5
3
2
3
2
3
2
7
3
0
1
6
3
0
2
3
4
2
2
6
1
4
3
3
5
1
3
4
2
3
5
3
3
2
1
2
4
0
1
2
2
3
6
2
3
4
2
6
5
3
4
7
2
6
4
7
2
7
2
4
7
8
5
1
1
3
6
3
4
4
5
1
5
1
5
3
1
5
1
1
6
3
1
2
6
2
4
3
5
5
5
5
6
6
2
6
5
5
5
4
2
1
1
7
2
2
3
2
4
5
0
2
2
2
5
2
4
5
4
1
3
2
5
0
2
2
8
3
3
6
1
2
0
1
3
3
2
3
4
2
1
2
1
2
3
3
1
1
4
2
2
0
3
5
4
3
1
2
2
1
1
3
3
1
5
0
4
4
1
4
1
1
2
4
3
5
3
4
3
1
4
1
3
4
3
4
2
8
4
2
3
6
2
3
2
5
3
4
4
1
1
6
4
4
4
4
1
4
3
4
3
2
2
5
1
2
2
3
4
3
6
3
2
2
0
1
2
4
3
4
2
1
1
4
3
1
4
3
3
1
4
2
4
2
3
5
1
2
3
3
5
4
7
2
1
3
3
3
3
3
3
2
6
3
3
2
2
2
3
0
4
1
6
4
3
2
0
2
1
3
2
1
5
1
2
3
1
1
2
3
3
2
3
2
2
4
4
2
7
4
2
3
4
3
2
6
6
3
1
3
1
2
2
3
3
2
3
4
1
4
4
2
4
6
3
7
0
3
5
6
5
3
4
3
1
3
1
8
2
5
0
3
4
4
2
3
3
2
3
4
3
5
9
2
1
0
2
3
3
3
1
6
4
3
4
3
2
1
1
2
0
6
4
2
2
3
2
1
0
5
2
6
0
2
1
2
3
0
1
2
3
2
3
0
3
4
4
2
1
4
2
2
4
8
3
3
5
4
7
4
4
3
4
2
4
1
3
5
4
4
2
10
1
4
1
1
0
2
1
4
2
2
1
2
2
6
2
6
4
4
1
1
1
2
3
3
1
3
3
2
3
1
5
3
1
2
2
2
1
3
1
3
3
4
1
2
4
1
3
2
5
1
4
2
6
2
4
1
5
1
3
5
8
3
2
3
1
3
5
1
2
5
3
2
2
4
3
4
2
3
5
2
5
3
1
2
5
0
1
4
3
1
6
3
1
2
2
4
3
1
2
3
0
2
2
2
2
3
3
5
4
3
6
3
1
2
3
3
4
1
0
4
7
6
2
3
3
2
4
4
0
2
3
2
2
4
4
1
3
3
2
4
0
3
3
1
2
1
2
2
4
2
1
4
1
0
4
1
4
1
3
4
0
3
3
1
1
1
7
3
2
1
3
1
3
1
2
0
1
0
2
3
4
4
3
0
3
2
2
1
2
3
3
1
3
3
0
3
3
2
4
0
2
0
1
6
4
0
2
2
1
2
3
1
3
4
2
1
3
2
2
5
3
4
2
1
1
5
2
2
0
4
2
2
3
0
1
2
4
1
4
2
7
4
3
2
7
5
5
5
1
4
1
2
3
9
4
5
4
4
3
1
6
5
3
3
5
4
0
0
7
4
2
4
2
4
4
4
4
1
2
3
5
2
7
3
3
6
5
0
2
8
1
1
2
1
4
2
4
2
1
4
1
2
0
0
1
3
2
3
1
1
5
2
4
0
5
0
5
0
4
5
2
4
4
1
1
5
3
1
3
0
2
1
3
1
6
3
2
2
1
2
1
2
2
1
3
1
2
2
1
1
2
1
2
1
1
4
1
2
2
3
1
1
4
3
1
2
3
1
0
4
2
1
2
0
2
3
1
2
8
2
4
4
1
1
1
4
1
1
1
0
3
4
3
3
2
2
3
3
5
5
4
0
7
2
5
0
4
2
0
5
0
3
2
1
1
3
2
2
1
5
0
5
0
1
2
2
2
0
1
5
3
2
0
7
2
1
2
1
2
2
1
4
1
4
4
3
1
2
3
2
1
2
1
1
1
2
1
3
2
1
0
3
4
3
4
3
3
2
0
1
4
0
2
3
3
0
1
1
2
2
3
4
5
2
2
2
2
3
2
4
1
3
1
2
3
1
2
2
4
2
5
1
2
3
0
4
1
4
0
2
4
1
1
2
1
2
2
3
2
7
1
0
2
4
6
1
3
1
4
3
2
4
4
2
0
4
1
3
4
2
2
3
1
1
1
3
0
0
4
0
2
3
2
1
1
4
2
3
3
3
2
1
1
1
2
3
3
3
3
2
0
2
1
1
3
2
0
4
2
0
2
1
0
2
3
2
1
3
6
0
2
0
0
0
1
2
3
1
5
3
1
3
1
4
4
4
3
1
2
4
2
4
1
3
2
1
1
3
3
2
2
4
0
0
2
1
5
0
1
0
3
2
1
3
3
1
0
2
4
1
2
2
2
1
2
4
0
1
0
3
1
5
0
0
3
2
1
0
2
4
2
4
0
2
0
2
5
1
1
3
1
2
5
2
0
4
0
0
4
1
0
2
1
1
2
2
0
3
3
1
6
3
3
1
3
2
2
0
2
2
2
2
3
3
4
1
2
1
1
5
2
3
2
1
4
2
2
0
1
1
2
2
2
0
2
4
2
2
1
0
3
2
2
3
1
6
1
3
1
3
2
6
4
0
3
2
3
0
3
3
1
6
4
2
2
4
1
0
1
2
1
2
2
3
2
3
3
3
0
1
2
1
3
2
1
2
3
2
3
2
0
1
0
1
0
1
3
3
4
3
2
0
3
2
2
1
1
2
1
2
0
4
0
5
1
1
2
3
0
2
2
0
2
2
0
3
2
2
1
1
4
4
2
3
3
1
3
2
0
3
1
3
6
3
0
1
1
1
1
2
3
5
3
1
1
3
5
2
2
4
2
5
3
1
5
0
1
3
4
2
1
1
2
0
1
2
1
2
3
3
3
3
3
2
2
1
0
1
4
3
1
4
1
0
0
1
1
3
0
0
2
2
3
1
4
2
2
2
2
2
0
2
1
2
1
2
2
3
1
2
0
1
0
2
1
4
1
1
4
2
3
2
1
3
4
2
1
4
2
0
3
2
3
3
2
2
4
3
2
4
1
4
1
2
3
4
2
1
2
3
0
1
2
2
2
2
3
4
2
0
3
4
1
1
1
1
1
1
1
2
1
2
1
1
0
2
2
1
3
3
3
1
1
2
0
0
5
4
1
1
3
1
2
1
2
0
2
0
4
2
1
1
4
4
1
0
2
4
3
4
1
0
1
0
2
2
1
1
2
0
3
2
0
2
4
4
2
2
2
3
3
5
2
0
1
2
3
3
2
3
1
1
2
2
0
1
3
0
1
1
0
1
2
3
1
0
1
0
2
2
0
1
1
2
1
0
5
4
0
1
2
0
1
0
2
1
1
5
2
1
0
0
3
2
0
1
6
2
2
0
2
1
3
3
3
3
1
1
1
2
1
3
3
0
3
2
4
5
2
0
3
2
0
1
4
1
5
2
2
2
1
2
2
3
2
2
4
1
3
3
0
2
2
2
3
2
2
1
0
3
2
1
0
3
3
1
1
4
1
2
2
3
1
2
1
0
1
1
2
4
1
6
5
2
0
2
2
2
5
3
3
5
3
3
5
2
2
2
0
2
3
4
2
3
2
0
3
2
1
2
1
2
2
2
1
2
3
2
2
4
3
2
1
5
2
4
3
0
1
1
0
1
0
1
2
0
2
1
1
4
2
3
1
2
4
2
4
1
3
1
1
4
2
1
2
5
2
0
1
2
1
2
3
1
3
2
5
0
4
1
1
3
0
2
3
3
5
1
2
2
2
2
1
0
2
4
2
1
1
1
3
0
5
4
1
3
2
2
0
2
2
1
2
4
1
2
3
4
2
0
0
4
2
2
2
3
0
1
1
1
1
2
3
2
1
0
2
3
3
1
3
3
1
2
3
1
2
1
6
0
1
2
2
3
1
3
1
2
3
2
1
5
2
3
1
2
2
0
1
1
1
1
1
1
4
3
1
5
1
2
2
3
0
6
1
2
4
2
2
0
0
2
2
2
3
5
0
2
5
1
1
4
0
4
0
2
1
1
1
2
0
0
1
4
3
2
1
2
1
0
0
1
2
4
3
2
2
2
2
2
0
2
4
1
2
1
5
7
1
3
4
2
2
1
5
1
1
1
3
1
1
3
0
4
0
1
2
0
0
1
5
2
1
5
1
2
1
1
0
2
3
0
4
3
1
2
0
2
5
1
3
0
1
1
0
2
1
5
3
0
1
3
3
2
1
2
2
1
2
2
1
1
3
2
1
1
1
2
3
3
1
0
2
1
0
1
3
1
2
1
1
1
0
2
1
0
1
0
0
2
1
8
2
3
1
4
3
1
0
1
1
1
0
0
8
3
2
2
2
1
2
2
4
0
2
2
1
1
1
3
0
1
2
2
2
2
2
0
1
2
1
1
1
0
2
2
2
0
0
2
2
1
2
3
1
2
0
0
2
1
3
2
4
1
1
2
0
2
0
3
1
1
0
0
2
0
2
0
2
2
3
1
0
0
2
0
2
4
0
0
0
3
1
1
1
2
1
0
1
3
3
7
2
0
1
2
0
1
1
3
1
1
1
2
2
2
1
1
1
0
0
1
0
1
3
3
3
0
2
2
1
2
2
1
2
0
1
3
1
2
0
2
3
0
1
1
2
1
1
4
3
3
0
0
2
1
0
1
2
4
0
0
5
3
3
1
2
1
2
3
1
5
2
0
1
1
3
2
1
4
1
1
2
0
0
1
0
2
1
0
0
2
1
2
2
3
3
1
1
0
1
0
2
1
1
3
1
1
3
3
1
1
0
2
3
3
1
1
1
1
2
1
3
1
3
1
2
3
0
1
0
1
0
1
1
1
2
4
1
0
1
3
1
1
3
2
3
2
2
2
1
1
2
2
1
3
0
1
1
1
1
1
2
3
1
3
0
2
4
3
4
2
1
1
1
1
0
1
1
1
1
0
1
2
1
6
3
0
0
3
3
2
2
3
0
4
4
3
4
4
2
2
2
4
1
1
3
1
5
1
4
1
2
0
1
3
4
3
2
3
3
3
0
0
2
1
1
0
4
2
1
3
2
4
0
1
1
2
0
2
2
2
1
1
3
2
3
2
1
0
1
2
1
0
3
2
3
2
1
3
5
1
0
4
2
1
3
0
1
1
3
0
2
0
1
0
2
0
2
1
1
1
2
1
5
1
0
2
3
1
0
0
2
0
3
1
1
1
1
2
1
3
2
3
2
1
1
1
2
0
0
3
2
3
4
1
2
1
5
0
1
2
0
1
1
3
2
2
0
3
2
1
1
2
0
1
1
3
2
0
3
2
2
0
4
4
2
2
3
2
1
2
0
1
5
0
6
1
0
2
2
1
4
0
3
1
0
2
1
2
4
0
4
3
4
3
2
3
3
4
2
1
0
3
3
2
5
2
2
0
0
0
3
1
0
3
0
0
2
0
3
4
0
1
1
4
2
5
1
1
0
1
1
0
0
1
1
2
0
0
0
1
1
0
3
2
3
2
2
1
0
2
0
2
0
4
2
0
3
0
2
1
2
1
0
1
1
1
0
1
3
2
0
2
1
2
2
1
1
2
1
1
0
2
2
2
1
2
2
3
1
0
1
2
1
0
1
1
1
1
1
1
1
0
3
1
4
0
3
0
2
3
2
1
0
0
2
3
2
4
1
2
1
1
4
0
2
1
1
1
0
1
1
4
2
1
1
0
2
1
1
3
4
2
1
1
2
3
3
2
2
2
2
1
0
0
0
1
5
2
1
0
0
2
1
2
3
2
2
1
4
1
0
0
1
0
3
0
1
1
1
2
1
0
1
1
0
1
4
1
1
1
1
1
1
3
0
4
2
0
1
2
2
0
0
5
2
3
0
3
2
0
0
1
2
1
2
3
4
0
1
1
2
2
1
0
1
3
4
1
1
0
2
0
2
2
2
3
3
1
1
1
3
3
3
0
2
1
2
1
1
0
0
2
0
1
1
2
2
0
2
0
1
1
1
1
2
0
1
2
4
2
1
1
1
0
1
1
0
2
3
3
1
2
1
2
1
3
0
2
0
2
0
2
1
4
2
1
1
3
0
5
2
2
3
3
2
0
1
1
1
2
2
0
1
2
2
2
0
2
0
4
0
1
1
0
1
1
1
1
3
4
1
0
2
3
0
2
0
1
3
4
2
0
0
4
0
0
3
1
1
0
1
1
0
2
1
1
2
4
0
2
1
1
3
1
1
1
2
2
1
2
1
0
0
2
1
2
1
1
1
2
1
3
1
2
2
0
0
1
1
0
3
1
1
0
3
0
4
3
2
0
0
1
1
2
3
1
1
2
0
1
0
1
1
1
2
2
1
0
1
1
1
2
1
2
0
1
1
2
2
3
3
1
1
1
4
2
1
1
0
3
2
0
0
2
0
2
0
1
1
1
2
1
2
2
5
1
2
2
1
3
1
0
$ENER_FIT:
0.7054 0.193672 3.959813e-08
$MCA_CAL:
3
0.7054 0.193672 3.959813e-08
$SHAPE_CAL:
3
0.0000 1.000000e+00 0.000000e+00
$ENDRECORD:
