$SPEC_ID:
Shot 132
$MEAS_TIM:
622.00000 677.00000
$DATE_MEA:
08/27/2021 13:21:15
$DATA:
0 16383
0
0
0
0
0
0
0
0
0
0
0
0
0
0
0
0
0
0
0
0
0
0
0
0
0
0
0
0
0
0
0
0
0
0
0
0
0
0
0
0
0
0
0
0
0
0
0
0
0
0
0
0
0
0
0
0
0
0
0
0
0
0
0
0
0
0
0
0
0
0
0
0
0
0
0
0
0
0
0
0
0
0
0
0
0
0
0
0
0
0
0
0
0
0
0
0
0
0
0
0
0
0
0
0
0
0
0
0
0
0
0
0
0
0
0
0
0
0
0
0
0
0
0
0
0
0
0
0
0
0
0
0
0
0
0
0
0
0
0
0
0
0
0
0
0
0
0
0
0
0
0
0
0
0
0
0
0
0
0
0
0
0
0
0
0
0
0
0
0
0
0
0
0
0
0
0
0
0
0
0
0
0
0
0
0
0
0
0
0
0
0
0
0
0
0
0
0
0
0
0
0
0
0
0
0
241
233
270
246
227
242
242
232
216
210
233
247
238
225
218
217
230
254
261
228
262
200
219
234
238
220
226
213
211
233
223
241
223
213
242
223
226
212
230
217
200
208
219
234
225
221
218
214
206
237
198
216
236
209
210
231
224
222
197
212
234
208
234
200
212
210
196
216
221
190
244
231
238
233
232
212
221
243
230
229
207
239
211
197
224
195
227
235
263
192
212
205
230
239
218
197
209
217
257
231
226
213
204
226
204
223
227
200
232
214
218
210
227
211
222
215
240
243
224
231
230
229
203
202
218
218
249
219
190
239
225
213
234
218
224
220
234
223
226
229
204
217
233
227
257
279
328
397
412
378
329
320
297
277
294
308
269
261
232
238
237
253
213
225
207
210
197
238
190
242
234
222
212
228
237
215
219
219
234
237
245
256
242
215
235
219
233
241
234
256
234
278
309
276
285
298
246
236
239
233
230
254
269
310
283
272
254
271
229
245
249
259
237
238
259
243
232
252
246
251
231
216
248
224
281
254
235
225
226
242
243
231
254
253
287
294
252
269
232
214
207
227
242
237
255
250
247
228
209
221
211
230
216
223
217
208
236
218
227
258
224
229
241
237
233
228
210
209
220
243
216
230
260
285
322
364
385
382
352
284
273
235
230
232
255
204
194
236
202
204
187
195
218
224
260
244
302
349
340
364
329
303
250
251
234
204
223
233
242
235
234
235
216
221
207
254
217
219
209
215
202
201
238
261
228
248
268
324
321
322
306
279
252
249
223
220
232
223
210
208
226
232
189
223
203
202
213
210
253
220
253
259
291
296
311
320
305
262
242
207
226
220
198
211
224
218
205
202
204
227
213
211
230
245
212
234
237
212
218
181
214
228
212
241
240
215
219
230
227
214
191
223
195
202
210
223
239
221
198
211
226
206
246
227
230
217
235
214
198
224
206
216
202
194
233
264
264
325
402
458
540
658
690
634
460
370
268
236
224
207
224
191
196
220
195
212
218
191
191
209
200
187
207
205
174
187
208
207
216
240
238
221
211
200
239
229
205
187
208
215
204
190
199
187
222
209
188
189
177
224
234
180
190
190
198
185
218
180
197
210
217
177
193
216
219
181
205
185
204
197
181
202
212
248
270
271
237
289
230
238
240
267
342
399
390
354
313
299
240
256
217
206
197
179
190
199
174
195
144
179
167
169
178
214
181
187
175
196
206
191
187
216
237
220
238
211
179
189
190
176
189
205
175
209
188
162
191
181
190
191
196
182
202
203
222
209
255
226
231
235
208
185
218
267
304
341
345
305
278
289
269
246
275
256
226
222
196
193
180
165
193
184
161
204
196
202
289
276
239
239
200
182
198
165
162
166
166
191
166
195
186
204
197
201
176
182
177
188
167
205
155
191
196
188
189
255
224
197
201
189
233
212
202
176
178
174
190
158
165
169
141
173
167
175
157
164
166
174
138
150
161
181
189
182
227
229
206
258
319
341
283
229
199
174
163
182
162
155
185
170
236
224
256
247
229
201
196
170
184
168
151
165
164
156
148
153
155
166
172
154
144
154
187
168
209
165
177
133
163
193
172
190
210
253
300
352
348
340
304
214
222
195
176
166
148
156
172
174
142
147
133
161
157
154
152
159
161
147
135
159
135
158
171
173
195
205
205
198
191
190
188
185
191
239
201
187
217
199
163
135
153
156
164
161
149
170
160
142
145
145
137
151
120
155
178
144
147
144
144
133
164
142
139
164
126
164
155
160
167
170
181
173
223
234
304
344
323
258
203
222
202
200
235
294
293
272
257
196
183
175
147
175
145
149
146
152
141
149
134
171
119
159
165
210
158
221
199
176
156
173
156
151
166
154
150
147
150
113
149
151
133
145
146
139
136
140
138
133
132
136
143
168
153
159
140
161
141
122
125
133
136
147
118
133
127
133
122
134
125
137
126
154
143
140
137
142
127
151
121
125
109
139
149
147
137
141
130
152
128
136
141
135
146
157
136
172
222
196
252
263
253
234
225
211
224
205
173
152
131
144
150
143
125
124
144
162
147
133
158
141
141
161
141
113
131
134
127
163
140
131
123
153
160
141
127
144
211
274
323
506
608
650
637
507
383
273
192
197
157
230
265
325
382
376
314
279
207
166
135
141
126
152
119
118
133
112
141
116
136
133
110
141
123
125
143
151
167
151
147
120
127
132
111
123
140
138
127
158
116
155
137
117
133
147
138
138
141
139
141
114
135
113
131
113
139
139
147
184
145
162
158
138
132
125
112
119
125
134
95
120
109
133
134
142
116
109
127
122
124
93
113
124
88
112
110
115
95
121
106
119
121
136
138
178
181
170
141
118
114
124
113
115
111
114
107
111
130
128
145
180
182
199
203
229
241
192
160
140
131
129
112
101
98
102
97
109
114
96
96
122
105
97
100
122
101
123
117
123
120
97
96
105
79
99
113
128
118
130
120
149
148
189
152
144
141
106
107
99
123
124
106
122
109
116
101
114
117
105
107
109
111
110
97
109
116
117
134
135
182
172
193
180
138
130
119
102
93
150
101
121
114
155
224
344
474
550
523
475
351
246
172
151
138
128
121
143
121
101
91
104
100
99
125
109
88
100
108
103
82
94
84
74
98
104
112
93
125
103
110
124
107
113
129
86
86
85
99
104
96
106
105
89
126
93
121
95
113
104
101
149
125
137
138
156
174
157
158
130
132
109
93
90
110
96
101
105
99
114
119
102
93
118
98
104
98
98
98
99
80
122
103
93
109
105
119
108
119
149
124
139
159
202
152
152
153
136
155
149
116
126
124
97
100
105
91
82
80
82
83
103
83
97
81
90
98
102
67
73
87
78
103
77
101
83
95
89
79
81
98
88
96
101
105
107
111
72
91
99
92
92
85
85
98
99
96
75
100
112
97
82
95
98
94
108
99
127
130
143
169
168
112
119
101
104
103
120
127
128
114
103
121
81
82
92
113
100
95
87
84
87
93
107
87
117
105
105
120
123
146
136
189
200
230
213
198
154
132
109
99
76
105
100
85
80
86
74
68
86
81
76
82
68
82
88
84
121
132
143
143
158
164
152
114
128
123
100
104
112
138
120
141
150
137
146
144
90
97
87
73
68
83
109
154
199
237
259
287
256
186
137
113
80
76
83
88
79
92
80
60
95
82
81
79
86
77
90
92
88
88
120
158
211
189
215
149
131
112
106
81
85
84
105
105
86
100
101
91
80
89
90
89
85
95
130
138
154
157
166
132
110
106
88
78
75
79
84
72
77
68
71
63
66
71
58
65
68
76
64
85
85
72
109
101
73
84
83
75
74
59
71
55
68
79
65
65
71
80
67
85
65
96
82
59
71
67
83
66
90
95
82
87
80
78
91
80
73
87
73
65
70
78
62
71
79
66
76
74
71
81
89
85
82
101
87
74
94
99
88
83
86
78
77
74
77
82
70
62
101
94
74
76
64
73
71
72
76
60
73
77
67
67
69
74
67
67
68
77
77
84
83
80
88
68
69
61
83
93
80
78
63
82
79
74
65
97
68
66
68
68
82
63
75
90
88
95
106
112
99
88
102
103
100
97
103
102
114
118
125
127
119
134
106
105
78
66
54
70
65
69
75
73
76
81
71
80
58
72
61
62
70
56
84
75
72
77
97
91
100
115
107
86
69
59
78
61
59
85
63
66
79
70
65
66
72
57
72
58
80
100
88
102
91
99
99
97
115
128
184
197
178
165
155
92
97
77
79
65
71
61
66
71
63
63
76
65
45
63
56
51
58
63
74
77
68
58
49
56
67
62
87
83
81
62
69
60
82
77
60
79
67
64
52
61
58
58
59
60
75
59
73
55
58
63
73
69
67
60
67
70
75
56
50
66
60
67
52
56
62
68
53
60
68
67
55
55
77
55
58
53
62
63
53
69
52
67
75
68
59
62
56
73
68
68
46
77
47
60
41
68
66
54
62
66
61
63
64
52
47
67
51
56
56
64
65
71
49
67
60
69
60
59
60
59
69
71
73
67
62
70
63
49
62
52
58
55
60
52
56
64
44
49
71
51
47
53
56
53
46
67
55
89
66
66
66
74
80
77
68
84
61
61
56
61
59
59
55
57
53
57
63
51
57
46
57
52
64
74
62
71
85
90
93
100
107
101
106
89
67
72
71
58
52
51
61
78
99
106
111
123
169
166
180
198
161
157
135
105
69
59
61
70
56
66
54
73
59
71
59
70
57
80
84
87
73
81
85
91
74
86
121
112
98
75
61
64
69
61
67
54
51
52
63
59
63
65
58
58
59
59
58
72
85
93
101
128
123
109
108
92
74
80
83
83
69
76
73
61
71
62
73
65
69
71
74
78
73
76
72
73
65
67
59
66
47
53
54
55
44
51
52
47
63
46
37
45
50
55
39
62
48
66
46
51
48
54
58
40
48
70
38
54
63
47
49
39
67
44
59
59
54
49
56
40
59
43
59
64
52
52
48
57
66
68
58
57
63
84
65
75
68
64
54
67
57
83
70
80
70
47
53
62
50
46
40
58
45
53
46
57
58
50
54
53
60
50
37
47
46
54
73
69
74
62
61
61
58
61
66
60
71
53
63
61
57
65
77
75
58
94
106
118
131
191
211
224
201
210
132
113
98
70
43
53
62
53
47
41
51
47
55
75
70
60
62
68
65
67
45
60
57
61
52
40
48
54
42
63
55
43
40
46
39
58
43
53
47
51
36
42
40
42
51
44
50
45
43
53
47
59
61
50
55
58
50
54
34
53
57
60
59
62
34
39
47
51
42
49
41
56
58
56
67
52
87
60
59
55
55
42
49
45
57
57
52
62
72
61
64
60
44
71
63
77
77
76
88
82
118
142
211
286
331
299
272
213
155
126
88
62
62
44
47
58
56
50
43
55
58
36
45
38
54
45
47
38
39
50
46
53
64
72
56
70
55
66
84
99
121
153
171
142
124
109
86
81
53
45
51
46
50
56
59
35
62
53
56
57
58
58
61
62
76
63
55
70
47
45
49
51
43
51
43
43
54
45
41
43
41
35
45
43
40
59
42
43
37
38
43
42
55
49
34
36
35
40
35
58
52
64
38
62
59
59
52
55
61
45
46
29
46
41
42
51
56
33
45
42
43
39
39
46
56
55
42
37
47
60
41
38
49
45
43
52
48
41
50
55
56
51
56
47
53
56
49
45
41
53
47
51
41
48
47
52
48
46
42
35
44
39
40
33
44
47
40
40
28
42
41
48
40
39
47
38
40
47
43
43
41
37
32
43
43
41
60
52
43
65
68
58
53
45
41
46
43
44
53
42
52
46
38
40
44
41
43
46
39
41
41
46
44
32
40
44
45
59
39
63
63
65
69
81
56
59
58
40
47
46
54
45
49
43
31
42
46
38
46
49
48
41
40
51
55
41
48
41
39
55
42
65
44
41
53
58
66
52
48
59
50
59
57
58
53
63
56
58
62
56
56
51
53
40
53
45
47
51
47
63
74
75
74
107
92
94
123
147
168
149
166
151
151
158
118
116
92
116
96
86
70
77
60
55
48
61
62
54
57
58
66
59
64
63
52
45
61
47
47
45
43
32
36
43
42
41
39
36
36
22
38
41
47
40
35
47
49
46
33
35
36
33
33
40
40
45
28
47
35
42
43
42
47
45
46
41
43
52
34
33
29
47
34
37
48
43
53
41
55
79
69
89
90
73
69
50
57
44
48
46
54
50
49
56
37
36
61
52
56
49
70
45
54
59
40
49
33
45
38
41
32
40
38
38
32
39
39
45
38
44
55
57
42
55
77
75
63
67
61
55
44
52
43
42
38
44
34
41
42
35
53
40
54
76
75
87
118
109
127
111
86
86
73
72
76
82
84
71
65
60
46
37
47
46
31
38
41
46
40
50
47
46
36
47
47
42
38
41
44
34
54
48
54
45
67
72
58
57
45
50
39
48
48
33
44
33
36
33
38
45
37
32
38
50
36
40
34
42
40
33
40
36
52
34
32
44
36
31
31
35
51
57
50
43
51
50
62
52
52
44
43
56
52
44
64
34
34
46
43
59
37
42
33
31
46
37
42
29
27
44
34
29
40
26
35
43
36
46
49
35
36
47
43
50
51
27
43
37
40
42
49
44
38
41
40
35
35
40
33
37
39
37
45
51
58
48
46
44
43
44
27
35
40
35
29
45
39
25
37
47
45
42
41
38
43
48
32
31
32
31
27
29
37
29
39
39
32
32
37
30
31
43
29
42
33
32
31
29
38
42
36
40
35
29
35
31
33
47
39
47
49
58
64
66
51
50
35
59
40
42
50
28
48
44
51
38
38
35
24
31
40
44
36
34
36
42
42
50
39
40
50
49
48
44
66
50
36
37
40
36
45
40
43
69
69
98
103
110
99
75
68
47
42
39
25
44
45
31
35
33
34
38
52
60
57
63
97
105
131
151
139
100
115
83
73
56
45
41
47
37
44
36
37
37
35
32
35
39
30
38
38
50
43
43
42
45
33
44
50
36
53
40
51
42
34
48
30
34
38
34
33
42
27
40
37
27
44
30
34
38
30
41
38
44
44
49
60
64
91
113
128
110
124
103
112
68
59
43
51
46
40
43
45
40
41
36
55
27
36
23
28
30
20
39
43
25
30
39
41
39
33
32
36
44
54
78
71
60
60
58
64
25
49
35
36
36
30
40
46
32
40
41
32
37
60
38
47
33
41
32
41
35
38
38
34
40
41
32
35
28
38
26
36
35
35
37
31
34
30
33
44
44
31
50
41
45
40
36
41
51
35
45
39
29
35
40
42
48
44
53
51
53
46
44
51
41
45
24
39
28
33
33
24
44
27
30
37
37
41
33
30
30
39
41
45
35
38
39
35
33
36
36
45
33
32
33
35
31
30
20
35
31
28
34
39
32
34
33
40
35
35
41
40
22
31
40
37
33
37
19
24
26
34
37
30
32
18
27
29
38
34
26
32
27
37
46
33
41
30
38
35
29
30
27
28
30
34
33
32
35
32
36
32
25
26
33
35
46
41
58
56
61
63
57
58
58
53
42
41
37
36
35
33
35
46
39
40
35
43
48
47
44
45
35
40
40
54
35
43
36
51
49
41
48
48
37
45
44
49
28
30
34
29
30
36
28
34
29
31
29
38
33
32
34
27
30
41
31
32
36
36
41
39
32
42
36
37
37
23
37
37
33
36
35
23
30
32
38
27
33
26
36
37
47
45
55
83
83
57
58
67
52
49
38
29
34
42
30
32
32
31
50
44
33
32
36
34
52
45
33
33
28
23
29
31
25
30
28
27
30
29
21
35
29
35
30
43
28
23
43
32
43
28
39
34
34
32
35
35
32
35
45
25
43
27
30
32
34
27
32
47
23
24
36
18
31
24
33
19
30
29
39
28
37
31
22
24
28
29
25
28
35
25
36
35
30
22
33
29
23
28
36
36
32
28
33
40
37
44
44
25
25
29
22
21
23
26
32
23
34
23
32
30
33
30
23
34
33
26
37
30
24
29
30
30
28
24
29
36
30
32
30
26
28
33
34
29
44
40
43
41
62
46
37
41
50
32
31
32
28
32
40
41
29
38
25
30
29
28
21
40
22
25
35
30
24
25
34
28
24
25
31
29
26
31
33
32
25
32
26
34
24
39
29
23
23
39
25
31
38
43
42
40
44
53
62
56
76
94
82
69
64
62
54
47
41
32
38
26
38
24
21
27
34
26
32
36
19
38
35
36
26
29
33
27
33
31
29
30
30
35
42
27
37
35
27
27
22
28
34
24
16
23
30
36
27
28
29
38
30
31
33
39
25
32
32
25
31
33
31
28
35
36
30
42
40
47
57
61
45
46
33
27
27
30
24
29
31
25
32
32
26
23
33
30
23
26
29
31
21
26
29
34
21
31
27
30
22
28
18
25
23
30
24
26
26
29
29
25
28
34
35
28
42
28
30
40
27
32
28
37
33
28
39
26
39
38
33
31
32
19
30
31
37
32
43
55
61
80
90
78
71
67
48
40
39
30
29
23
23
28
35
18
34
27
37
31
26
28
31
30
23
22
20
22
29
22
25
22
25
30
32
28
28
27
28
36
32
26
38
27
34
31
41
44
33
33
33
32
29
30
29
19
34
31
33
26
26
35
45
31
29
23
37
28
28
25
30
23
31
32
37
41
40
37
39
31
39
34
26
29
22
25
31
23
27
18
29
26
47
34
37
47
54
38
49
56
50
56
39
45
32
30
23
39
19
25
33
31
29
31
19
27
26
23
26
21
26
23
26
21
31
25
28
19
25
24
38
29
32
19
27
23
24
18
24
33
31
22
23
22
19
21
20
25
22
24
28
30
28
31
38
25
26
33
28
23
26
34
29
22
18
26
19
21
32
19
11
29
22
24
29
27
22
25
23
26
28
24
24
22
29
32
22
26
36
33
36
26
14
30
25
18
20
16
24
29
35
25
25
32
30
25
26
21
32
20
20
24
29
23
28
27
30
27
36
34
34
47
44
36
51
50
48
30
44
37
33
26
36
27
29
28
31
25
24
24
30
24
25
31
27
20
20
26
30
29
19
36
22
26
21
22
28
20
27
22
34
30
24
35
26
29
29
33
22
39
27
34
32
26
34
17
18
23
34
28
30
28
17
31
23
26
36
25
41
35
40
41
25
19
24
28
24
22
25
21
29
31
21
28
28
24
17
29
22
24
25
24
38
20
26
21
33
29
30
24
25
27
27
25
39
50
38
28
46
34
43
30
44
32
30
23
35
22
18
23
24
22
26
22
26
24
28
30
20
30
29
23
37
25
33
31
40
52
46
49
56
39
27
32
33
21
26
29
29
17
23
14
31
18
31
18
22
20
33
25
23
20
40
39
48
31
38
38
34
29
23
39
31
27
18
21
26
27
26
16
31
24
27
26
30
25
22
23
20
22
25
30
24
18
28
23
26
29
39
42
37
36
39
26
28
32
27
21
19
24
20
29
22
25
25
22
15
23
17
15
23
23
19
22
18
27
20
16
27
21
20
27
18
22
27
24
25
20
22
30
24
20
20
22
18
14
26
28
23
23
18
22
25
28
25
38
27
28
41
31
44
35
37
22
32
20
28
22
16
16
22
28
22
26
17
20
18
20
29
19
15
17
17
17
16
30
24
24
33
29
25
18
21
18
25
21
25
28
23
26
38
24
26
17
23
24
17
20
25
24
30
26
30
31
18
23
26
31
26
22
23
18
26
19
17
32
35
28
42
35
52
57
89
101
100
85
121
65
71
51
31
42
36
32
13
23
28
23
31
34
19
44
35
37
28
37
17
26
40
30
29
36
24
29
30
29
26
29
29
27
28
46
44
51
47
55
42
67
57
42
39
43
28
23
17
13
24
26
26
19
20
24
31
26
18
37
27
29
26
43
39
28
24
29
39
35
31
33
38
37
47
43
50
63
68
61
74
55
35
42
26
32
24
27
23
23
15
32
23
22
12
16
22
28
22
24
13
15
23
18
19
24
14
13
17
21
25
24
29
24
24
16
19
18
27
27
14
12
24
21
16
24
24
21
15
15
23
34
21
26
21
11
18
21
17
21
30
21
24
20
27
23
22
23
24
21
19
34
17
24
20
22
18
21
11
17
15
25
20
20
21
34
25
21
28
28
27
17
32
30
28
20
27
20
26
31
34
34
25
33
36
33
23
33
16
25
21
28
21
23
25
23
27
20
20
28
22
30
28
24
26
24
25
25
18
16
19
26
23
25
21
28
14
17
29
19
29
24
21
19
28
25
35
51
49
33
40
31
26
25
16
17
23
26
21
19
19
12
20
14
22
25
22
25
27
28
22
21
22
26
16
25
28
25
24
16
22
23
23
24
22
28
38
35
52
42
52
46
35
43
35
33
25
28
21
24
20
20
22
26
18
22
18
30
32
29
35
46
30
41
26
22
29
25
20
28
26
19
16
25
16
14
18
22
14
13
15
22
16
21
19
33
26
22
24
36
24
24
21
28
28
27
41
31
23
33
11
18
18
17
23
18
11
15
18
19
21
27
28
30
27
13
22
14
21
24
17
21
12
23
18
16
17
26
21
28
25
21
17
27
18
8
20
25
21
20
27
25
28
30
31
27
36
26
27
24
30
16
30
17
15
16
18
29
14
22
23
18
18
25
26
20
23
21
24
23
17
17
15
15
27
20
25
25
33
31
35
31
30
35
40
29
29
32
46
32
27
25
25
21
15
29
33
24
30
17
21
21
18
20
14
21
22
20
24
16
21
16
21
27
35
37
61
47
43
50
43
48
39
32
34
16
19
19
22
15
22
17
19
16
19
20
23
20
17
10
18
18
25
25
26
18
16
18
17
23
21
20
21
20
28
20
25
18
20
23
18
25
17
37
24
17
18
16
22
24
20
19
16
19
17
16
28
20
16
18
23
27
20
24
30
19
27
35
21
23
24
27
28
29
22
16
13
26
33
19
22
20
14
23
17
18
20
16
26
20
29
16
15
14
18
19
14
25
14
24
19
19
18
15
18
20
16
12
14
16
17
13
26
13
24
22
19
22
21
30
31
30
25
34
35
38
48
24
30
30
27
22
18
25
24
15
14
10
20
13
12
25
24
27
24
34
25
32
38
31
31
44
38
31
31
22
17
21
18
18
14
18
22
18
25
8
23
12
20
20
9
21
28
24
27
28
31
39
29
31
33
28
33
27
16
18
18
19
23
14
16
18
14
25
12
15
16
16
16
23
15
27
17
17
14
12
21
17
22
20
12
22
19
15
17
16
20
15
17
10
17
22
13
20
18
10
17
14
13
15
18
24
18
19
20
20
16
13
19
9
25
24
13
25
16
12
14
20
22
15
17
13
19
29
17
27
22
25
22
24
24
13
22
21
23
8
26
15
20
18
14
12
17
23
25
18
28
16
20
34
44
44
51
53
72
57
54
47
44
27
37
35
27
19
12
17
18
16
14
19
19
14
17
15
23
10
14
22
23
12
20
19
19
14
25
19
8
26
23
22
22
18
15
23
21
12
15
20
25
21
24
14
15
20
21
17
17
25
19
13
12
18
19
18
18
10
22
19
16
15
15
19
17
18
15
20
24
18
27
26
19
13
21
18
24
25
23
23
25
19
16
9
18
24
23
21
20
18
25
19
13
16
15
15
18
26
11
18
22
11
14
17
18
14
18
12
24
20
25
14
22
26
18
18
16
23
9
20
19
19
23
17
16
15
20
12
17
20
22
29
19
26
22
25
21
18
19
14
17
16
17
16
18
23
21
21
23
23
23
14
16
25
13
20
11
16
15
18
24
17
16
15
18
23
11
19
21
19
20
18
20
21
26
40
49
44
63
76
52
43
39
39
32
29
33
21
26
20
17
14
29
19
29
14
21
13
24
15
19
17
15
18
19
20
17
13
13
17
12
15
20
18
14
17
18
20
18
20
17
17
11
14
16
17
14
20
17
12
18
18
13
17
12
14
21
18
18
15
12
22
15
18
22
17
16
27
19
29
14
16
20
23
23
20
23
21
14
17
16
12
17
16
11
16
26
22
15
18
19
19
18
14
18
13
16
14
10
18
29
12
19
21
18
24
24
33
64
60
65
84
110
111
102
94
93
64
47
43
32
30
14
18
17
7
16
17
11
13
14
20
17
19
20
15
12
12
14
12
11
17
13
8
16
18
23
15
17
9
14
15
13
13
24
16
26
12
19
14
18
15
17
13
21
22
14
18
20
13
14
19
18
13
15
18
11
15
19
16
14
15
11
17
9
15
21
17
25
21
18
15
13
10
15
10
18
21
8
11
11
19
14
10
22
13
20
14
10
16
11
15
14
13
15
18
12
13
8
17
27
7
12
10
15
14
18
13
12
19
12
18
11
12
9
13
8
10
13
17
18
18
19
21
20
12
17
14
16
10
14
11
13
22
21
19
12
15
19
23
21
26
30
22
26
19
13
15
18
16
21
8
12
16
13
14
9
18
13
15
18
8
17
12
14
14
15
15
14
12
16
20
15
10
12
15
17
12
12
19
12
16
7
11
13
22
11
16
12
16
10
14
9
12
14
14
11
12
17
19
26
21
15
18
22
16
15
18
13
28
28
8
11
15
11
12
12
10
17
14
13
15
14
9
6
12
9
22
21
27
15
22
18
18
19
25
26
24
17
15
15
9
16
16
11
16
13
14
17
19
19
13
12
10
7
22
14
17
13
16
10
18
18
17
23
15
15
15
17
12
12
12
16
13
5
13
16
14
12
12
21
11
18
11
16
26
9
14
10
16
10
18
13
15
21
12
17
15
11
17
11
19
12
14
15
16
27
20
7
24
17
22
17
16
11
19
19
13
16
18
13
17
24
33
23
32
30
27
24
24
16
17
12
10
16
10
14
8
10
15
16
7
17
13
13
14
16
16
24
15
7
12
10
14
18
20
11
25
14
18
22
10
17
18
16
15
13
16
14
19
12
12
9
14
17
19
22
9
21
18
22
18
11
17
13
22
19
19
14
15
24
19
13
15
12
13
17
15
7
13
15
16
18
11
12
12
14
14
8
17
13
16
13
19
19
16
21
15
20
15
21
12
17
24
18
31
15
14
15
14
20
19
24
27
45
37
34
52
51
50
40
44
37
38
42
23
28
23
33
20
22
19
10
20
16
13
13
14
20
20
17
16
21
17
24
14
21
16
15
9
14
12
13
19
9
13
17
16
23
12
16
19
15
20
19
18
16
10
18
10
16
20
16
16
14
12
14
11
7
12
13
12
20
21
20
21
12
20
9
13
15
14
13
10
13
13
5
16
16
13
17
14
9
12
12
10
20
20
24
27
18
30
21
16
21
16
13
18
13
20
10
19
23
13
17
16
17
15
15
11
14
12
16
11
12
15
13
15
9
8
14
24
13
15
13
20
7
15
10
11
14
16
14
12
13
16
10
18
8
14
15
18
21
10
19
12
20
18
29
25
10
20
16
18
16
10
18
17
11
14
9
13
14
14
17
11
7
15
10
20
12
17
19
14
13
12
15
13
7
19
11
17
14
20
9
14
14
12
15
13
8
18
13
17
13
5
13
11
21
15
20
8
9
15
15
11
11
10
22
9
12
13
11
13
16
23
17
16
15
14
15
16
13
17
9
19
12
6
15
10
14
13
13
13
16
8
8
16
19
17
14
13
13
15
19
15
18
14
16
16
10
10
15
14
17
15
15
5
13
15
20
12
16
8
22
13
11
9
15
18
18
8
17
10
19
16
16
22
13
20
11
17
11
17
13
19
17
13
12
16
10
13
18
3
14
9
14
14
11
15
17
11
24
20
5
16
10
14
9
9
13
13
17
10
15
10
11
14
15
17
14
14
18
11
9
17
15
16
14
14
11
13
17
12
11
17
14
12
14
14
8
12
15
18
17
6
14
13
16
10
19
20
11
8
6
13
18
8
11
8
16
14
16
14
10
7
17
10
17
10
14
13
11
12
9
12
16
19
13
11
8
12
14
11
8
20
16
18
10
14
17
12
12
20
23
10
11
14
18
23
15
19
20
16
18
16
14
17
19
13
7
13
10
11
13
13
18
18
15
19
14
14
25
16
18
17
14
16
14
21
22
23
17
15
16
11
18
16
22
23
14
26
17
22
26
16
17
10
14
14
10
19
16
11
13
8
10
14
13
6
17
19
14
14
9
8
9
11
16
12
6
15
21
8
13
7
12
15
13
6
15
9
20
5
12
14
18
12
17
16
16
14
15
10
16
9
12
13
11
10
7
9
14
10
12
10
12
11
8
7
11
9
15
15
14
12
15
13
12
12
8
10
17
12
5
11
10
21
10
14
14
15
19
10
18
11
12
10
6
6
14
14
14
11
12
11
10
11
15
20
19
10
16
21
16
10
14
17
13
16
15
14
16
15
10
19
8
18
14
8
21
7
14
17
9
12
12
8
5
14
6
13
15
20
18
12
12
10
12
11
11
7
13
16
9
12
6
10
15
6
17
8
10
14
15
13
13
13
7
11
17
12
9
21
16
14
15
15
18
8
13
22
16
17
13
18
14
13
21
17
22
13
13
13
9
13
12
16
13
12
18
11
17
9
11
16
13
12
13
10
13
10
19
9
14
10
11
16
12
14
19
18
30
35
43
59
57
59
52
60
57
34
50
21
26
19
14
7
13
12
17
14
12
12
12
15
17
11
9
15
11
13
9
15
12
12
10
10
5
8
10
10
14
4
11
10
14
14
12
11
10
14
9
8
12
13
11
10
14
11
8
10
16
10
13
8
15
14
14
17
19
10
15
18
13
16
11
9
14
12
6
17
9
18
12
15
8
10
13
13
12
9
12
14
21
12
11
9
12
14
11
10
13
14
12
9
7
9
11
15
16
12
14
17
13
18
12
20
12
14
14
16
10
11
8
10
6
17
14
6
18
14
17
11
21
12
16
17
9
17
12
8
12
12
8
8
5
7
15
8
7
7
11
13
11
9
8
5
10
16
12
9
9
11
11
8
9
7
14
10
10
7
11
10
10
10
8
9
8
11
11
16
19
9
19
16
21
18
21
12
10
18
21
13
9
15
6
7
9
9
9
10
4
6
10
13
10
9
11
9
11
11
8
9
7
12
3
13
11
11
10
12
11
14
9
4
11
10
9
10
9
11
7
14
7
20
12
12
8
7
12
14
8
12
10
10
12
15
17
17
13
11
12
10
9
8
7
7
12
13
8
12
9
7
14
14
10
7
8
11
13
7
11
10
13
15
15
13
11
12
8
8
11
13
3
11
10
4
17
13
11
8
4
11
10
16
7
12
18
7
12
10
15
8
14
12
9
16
11
5
19
8
11
13
17
17
7
15
11
17
13
10
13
4
12
7
14
14
17
12
10
10
10
13
13
17
12
12
25
13
21
14
15
18
14
16
10
17
14
13
13
15
14
18
15
9
5
7
15
9
11
5
11
10
10
10
9
4
4
4
12
13
8
9
5
5
8
12
19
14
9
14
19
15
12
11
12
14
12
9
9
10
11
12
9
12
12
13
13
16
17
15
11
18
13
12
8
10
9
7
7
10
13
10
10
12
4
8
7
9
10
12
8
8
7
9
10
12
6
6
5
9
5
7
9
8
19
10
11
11
11
15
12
16
8
12
10
10
11
12
10
14
14
11
10
12
10
11
8
11
6
7
10
7
19
7
6
8
10
8
11
10
10
8
11
8
5
7
4
12
10
11
7
8
13
12
8
7
8
11
6
8
7
9
13
9
12
9
5
9
6
9
11
10
14
5
6
12
10
10
13
16
7
15
5
6
9
11
7
9
5
10
10
6
8
2
6
5
7
7
9
7
5
11
4
6
9
2
9
10
8
8
7
5
11
3
9
9
7
8
9
11
8
3
2
4
4
6
8
11
7
12
10
9
11
11
7
12
6
8
8
6
10
6
8
8
7
7
4
5
9
6
5
6
8
7
10
10
7
7
9
9
9
7
8
7
12
9
10
10
6
11
6
13
10
10
11
6
4
10
4
15
13
11
10
12
14
9
8
13
8
10
11
12
6
10
11
5
13
5
15
8
9
9
8
7
3
11
9
7
4
5
6
11
3
11
5
1
13
10
7
10
7
10
14
11
9
9
3
11
13
12
14
6
13
5
9
11
6
12
11
10
8
2
11
6
11
9
7
7
9
4
9
6
7
5
8
7
10
13
9
12
9
10
9
10
10
5
11
13
14
14
18
17
17
21
13
22
19
28
17
26
9
10
10
11
9
9
8
8
11
11
9
12
9
7
8
5
10
5
7
8
14
7
9
9
5
2
10
9
9
8
6
6
8
12
12
8
10
6
12
6
13
10
3
7
9
7
7
12
8
6
9
3
12
11
14
8
12
3
9
7
5
11
11
7
13
5
8
12
5
8
6
8
9
10
11
7
3
10
5
10
7
13
8
9
3
7
6
10
11
8
5
6
7
7
9
8
8
6
4
5
7
11
8
13
10
9
10
9
6
9
9
13
4
4
9
11
11
13
8
9
6
13
12
9
8
5
6
8
2
13
1
14
8
9
6
9
8
13
9
9
7
5
8
8
13
15
17
13
18
12
13
14
14
8
7
10
8
7
12
13
5
5
3
8
4
13
10
8
10
9
5
9
9
11
7
12
7
6
7
15
13
14
12
12
5
11
16
6
10
12
11
6
11
5
7
9
10
5
11
3
8
7
9
15
10
11
12
5
10
12
9
9
13
20
15
27
37
38
52
46
51
35
39
47
33
26
12
23
13
9
9
10
7
3
4
7
12
7
15
7
7
8
9
7
8
18
10
8
7
16
16
14
8
9
14
24
31
45
40
73
61
52
60
56
48
52
33
29
31
15
22
11
6
9
8
5
6
8
5
9
8
14
8
4
5
12
6
6
7
6
5
12
12
8
15
5
9
10
9
10
6
8
10
7
3
7
9
9
11
8
6
8
6
7
10
4
7
5
8
6
8
6
4
10
10
7
7
7
11
7
8
7
7
10
4
2
10
9
7
6
10
8
3
11
7
5
8
2
8
12
12
11
6
10
6
7
10
7
7
7
6
10
5
9
10
9
9
7
10
5
13
3
13
7
5
11
13
8
9
20
3
13
10
16
22
23
30
26
42
46
62
64
48
55
44
33
26
19
21
12
11
10
4
10
5
7
8
4
10
12
3
5
9
2
6
8
9
6
3
9
8
4
8
4
3
7
9
9
8
9
9
6
13
4
11
9
6
8
11
4
8
9
4
11
11
11
8
5
8
13
13
13
17
13
15
18
14
14
13
14
8
11
7
11
8
11
9
6
7
12
8
4
8
6
8
7
7
8
8
7
5
9
3
6
5
3
10
16
7
7
12
10
2
8
11
3
4
4
4
6
6
9
7
6
9
4
10
6
6
2
5
5
6
10
9
12
12
13
6
7
4
6
12
2
10
7
3
7
10
5
13
7
7
5
4
9
15
5
5
3
8
6
10
9
7
7
17
7
6
7
5
8
7
15
8
6
7
9
4
8
4
7
9
6
4
5
2
4
10
10
8
11
8
7
9
3
7
6
7
14
10
9
10
9
10
6
4
13
8
8
7
10
4
6
9
5
11
7
14
5
9
10
8
13
6
13
7
9
4
8
12
13
5
3
4
7
2
9
4
11
11
10
5
4
2
9
5
10
4
13
7
6
5
12
5
8
6
8
3
5
12
7
7
9
6
6
11
6
13
9
6
7
3
6
2
10
2
9
10
6
9
3
4
10
5
11
6
7
6
4
7
10
4
16
4
6
5
7
8
6
7
9
7
5
5
8
7
7
9
8
7
7
2
8
2
9
6
11
14
2
7
10
8
5
6
7
4
5
9
8
10
3
7
6
5
3
6
14
9
8
9
4
11
7
7
8
10
3
9
6
3
5
8
9
4
7
5
6
11
10
9
8
9
11
10
14
12
13
5
5
11
14
15
12
9
12
7
11
9
7
11
13
7
7
10
11
17
18
7
16
15
13
7
5
11
7
9
11
7
10
6
5
13
12
16
13
15
18
9
19
8
10
11
8
9
7
1
10
4
5
8
4
5
12
7
16
8
6
9
8
11
9
9
6
8
6
5
7
4
5
4
5
4
11
6
7
10
7
7
6
5
4
12
6
6
5
10
4
9
7
14
10
8
10
6
8
4
7
6
4
8
6
7
8
3
10
2
5
7
8
14
3
13
9
7
4
15
5
3
8
11
12
6
8
6
1
6
7
7
6
6
8
6
5
4
8
4
8
4
6
9
6
11
9
7
7
5
6
11
4
10
5
11
8
6
7
2
7
4
5
6
12
8
6
7
6
5
5
7
9
8
7
5
2
9
15
13
11
9
6
2
8
9
6
4
4
3
7
6
2
4
4
6
3
8
0
5
2
2
5
3
6
6
5
6
5
2
4
7
3
7
6
6
4
4
11
3
2
7
8
4
6
5
3
5
12
5
10
7
6
6
3
8
2
7
8
6
7
8
5
9
5
7
4
3
12
7
4
4
5
8
13
12
10
7
8
4
7
8
5
2
5
3
2
5
3
6
5
4
5
5
13
5
7
4
5
7
6
7
5
8
4
6
4
6
5
7
6
2
6
4
8
5
6
4
8
9
9
8
10
8
10
9
8
12
5
5
9
4
5
2
5
5
5
6
9
6
4
11
10
3
7
12
4
9
6
7
10
2
9
7
7
3
8
5
7
5
8
2
5
8
2
6
12
6
4
6
6
9
4
7
6
3
5
8
7
2
10
5
4
7
9
4
6
4
5
8
11
1
3
7
6
6
3
8
3
4
5
10
6
11
5
5
1
5
8
7
2
1
3
4
1
6
10
7
5
7
6
9
6
3
6
6
5
7
4
7
9
11
2
5
7
8
4
6
4
6
4
7
4
8
7
6
8
8
7
9
5
9
6
11
7
9
5
5
2
3
4
5
8
7
8
8
6
2
6
6
4
7
6
6
12
7
5
10
6
1
11
10
8
9
6
6
5
8
7
6
8
7
5
7
7
6
7
9
5
5
3
4
7
8
5
11
3
6
8
9
5
4
9
4
3
4
9
4
4
5
4
7
7
5
12
5
5
8
6
8
4
6
9
6
8
7
5
4
5
4
11
10
6
9
11
7
3
5
5
4
6
4
10
8
5
8
5
10
10
15
11
4
10
5
6
5
8
10
7
5
10
6
0
8
5
4
3
5
3
10
4
3
8
6
5
3
6
9
4
7
6
4
6
9
6
3
7
2
4
9
10
4
8
3
5
3
5
3
4
7
6
9
8
4
4
4
2
3
8
11
2
5
4
6
3
10
9
4
8
3
2
7
8
5
5
7
5
5
4
7
5
8
8
5
6
6
2
4
5
9
5
4
4
2
7
7
6
12
2
6
3
10
9
6
8
4
7
9
2
6
7
5
3
4
4
1
4
4
9
5
5
10
7
4
11
9
10
7
8
9
8
5
3
7
4
5
9
3
10
8
6
7
8
2
9
3
5
7
0
4
11
3
3
3
4
2
10
11
5
4
7
8
7
2
5
8
6
5
6
6
6
7
7
3
5
3
7
4
3
2
9
3
8
5
8
10
6
10
4
7
9
8
11
8
8
2
8
6
4
9
9
4
9
8
5
7
5
4
5
5
6
3
0
8
3
8
6
7
4
8
8
7
7
6
6
6
6
6
7
3
8
5
12
7
4
9
5
8
5
2
7
2
4
6
6
2
2
11
9
9
6
5
5
8
2
8
7
9
7
6
8
3
7
4
6
4
6
5
8
5
6
7
5
6
3
9
8
8
6
10
5
5
2
7
5
7
11
7
3
3
5
5
9
3
7
8
6
5
3
6
10
8
10
12
12
13
10
10
9
4
11
11
7
9
2
3
8
7
9
5
4
5
7
7
9
9
9
6
9
6
6
10
7
8
7
7
9
6
8
6
8
2
5
5
7
6
9
3
4
6
9
4
4
7
5
5
4
12
8
4
2
6
6
4
5
8
5
5
4
4
8
9
4
5
6
5
11
5
2
3
12
5
3
8
8
3
6
4
8
3
3
3
6
5
5
2
3
3
3
2
6
6
4
4
5
5
8
3
9
1
8
5
4
6
3
6
6
5
2
7
11
8
2
6
2
5
10
7
1
2
4
6
4
3
1
7
9
4
4
8
7
7
3
3
3
5
3
5
7
5
6
8
8
6
1
8
3
5
7
3
2
4
5
4
4
9
2
6
4
6
7
1
4
3
2
9
4
8
9
5
9
8
9
12
7
3
3
9
5
8
4
4
6
6
10
3
5
3
4
4
7
2
7
4
4
5
2
2
4
3
7
6
8
9
4
7
4
5
8
7
0
5
7
3
2
7
5
2
10
2
8
6
12
8
3
6
4
6
9
4
10
5
6
8
8
7
4
7
3
7
5
6
7
7
8
2
5
1
6
10
6
6
4
3
3
2
1
3
7
5
3
5
7
6
6
7
5
4
1
4
11
4
3
2
7
3
2
9
1
8
5
7
7
7
4
11
3
9
5
4
4
10
3
7
3
2
4
4
6
5
3
2
7
4
2
2
8
4
10
7
5
5
6
7
4
4
8
6
9
5
7
2
3
4
8
4
3
4
9
7
8
5
4
3
9
5
9
4
5
6
6
3
3
2
3
2
7
4
8
3
3
7
5
12
7
15
6
10
10
8
10
9
3
9
3
7
4
7
4
6
6
3
12
10
14
22
31
27
23
23
24
16
11
13
7
8
4
3
2
8
5
7
6
7
8
4
3
6
8
8
4
2
4
8
8
6
6
5
5
10
4
4
7
7
10
5
3
5
4
3
6
3
6
4
7
5
3
7
5
4
10
13
5
11
7
13
9
16
7
11
6
14
3
10
11
7
6
9
5
6
5
5
9
6
4
5
3
2
2
7
2
3
5
4
5
3
5
3
7
8
4
6
6
6
5
2
3
8
3
3
7
6
4
5
6
3
4
3
7
5
5
2
3
5
6
4
4
7
2
8
5
3
6
6
5
7
7
7
3
9
7
1
4
8
10
7
1
5
5
2
4
5
7
3
5
4
3
5
7
8
1
0
3
4
6
3
6
4
2
3
4
3
4
3
0
3
1
3
6
2
6
3
6
5
5
4
0
7
2
11
2
3
3
7
11
5
5
2
3
4
4
8
10
2
8
2
8
2
3
3
7
4
4
5
4
6
5
3
3
7
6
6
2
7
5
2
3
2
9
7
11
4
2
5
3
4
5
4
10
4
5
5
5
6
6
4
7
6
6
3
2
4
2
1
4
5
3
7
7
4
6
9
6
5
5
9
3
7
3
3
6
3
8
3
7
6
7
6
8
3
3
3
4
6
3
4
3
3
6
8
2
4
4
3
4
4
1
1
9
4
3
3
6
6
10
5
6
3
2
6
5
4
6
8
4
3
6
3
7
5
1
5
5
11
6
7
7
6
5
2
2
4
2
1
4
1
2
9
6
3
6
5
5
3
7
5
4
8
4
8
5
6
1
4
7
14
8
7
12
10
3
7
8
7
7
6
7
2
3
5
6
9
5
6
2
6
7
4
6
5
9
8
7
5
3
1
8
9
7
5
7
4
2
2
6
3
4
7
1
4
2
4
4
7
3
3
9
4
1
3
7
7
5
3
6
5
1
10
3
7
1
4
5
6
3
5
5
4
3
1
7
5
5
10
4
5
4
7
3
6
5
2
3
5
4
7
6
4
6
3
1
6
6
4
3
7
4
1
1
7
7
1
5
6
7
9
3
5
3
6
7
2
6
4
3
3
2
5
7
2
5
4
3
8
2
0
9
7
4
1
7
3
3
9
6
3
3
4
5
2
2
4
4
2
4
5
2
2
2
5
1
2
5
2
14
4
3
6
4
3
5
2
5
6
1
6
4
3
2
3
8
3
5
1
2
7
7
5
6
1
3
1
8
4
6
5
3
2
8
5
5
4
4
4
4
7
3
6
4
6
3
6
4
8
7
6
4
5
5
7
7
9
2
5
5
4
5
3
0
7
3
2
4
3
1
2
9
4
6
3
1
2
3
4
10
2
4
8
4
5
4
4
3
6
1
4
7
4
3
7
4
6
4
4
5
4
7
6
6
8
6
2
2
4
3
1
7
8
7
4
6
4
2
9
6
3
4
4
6
2
4
6
1
3
5
4
5
5
3
6
5
2
10
3
7
7
5
8
2
6
4
7
3
5
9
4
4
3
4
5
6
6
3
6
5
5
2
3
7
8
6
6
1
1
7
1
2
2
8
6
3
4
4
9
1
2
3
3
1
6
4
2
6
7
3
4
6
7
7
9
5
3
2
6
5
4
3
2
3
8
4
5
5
5
2
3
5
4
8
5
5
6
2
2
5
4
1
0
7
5
4
7
3
7
5
10
4
3
7
5
2
7
5
11
8
5
7
2
2
5
0
1
6
4
10
5
6
4
6
2
0
4
6
7
4
6
3
4
3
5
4
3
5
2
5
4
2
4
8
8
2
5
2
6
4
7
2
4
1
3
6
6
3
9
7
4
3
4
4
4
3
9
5
4
4
3
4
4
1
6
2
4
3
6
3
3
5
3
7
4
9
4
11
5
4
4
7
4
1
7
9
0
2
7
4
5
5
10
3
5
3
2
7
2
6
8
2
5
4
3
4
3
3
1
1
3
5
5
9
4
1
3
3
3
6
9
1
6
6
2
2
7
3
4
4
4
2
4
3
7
3
1
5
6
7
5
7
4
4
8
3
3
4
2
4
1
6
3
4
5
7
1
6
4
6
2
1
5
4
2
3
6
3
1
2
3
6
2
5
5
6
1
2
3
7
2
2
3
4
4
1
7
0
3
2
8
4
0
9
4
3
5
5
4
6
2
2
2
3
2
1
4
5
3
5
7
1
9
1
3
3
7
0
5
3
4
6
3
3
6
5
3
5
3
4
5
4
6
4
6
1
5
3
2
5
3
1
2
1
9
3
5
5
5
3
2
10
5
4
5
5
7
5
3
6
7
0
6
2
1
8
7
4
5
6
3
2
8
5
3
5
4
5
3
4
2
5
6
3
6
6
4
5
7
8
0
3
5
5
5
6
4
7
5
8
5
5
4
6
5
2
5
3
3
2
3
3
5
1
4
4
4
4
5
2
4
3
5
4
4
5
4
1
4
4
2
4
5
3
2
5
5
6
3
3
4
2
2
2
5
4
2
1
4
5
3
3
4
5
6
4
7
8
2
3
5
3
2
3
2
1
9
2
2
2
7
2
2
0
6
2
3
2
3
3
6
1
1
5
2
5
4
3
4
7
4
2
8
5
4
2
2
5
4
3
5
4
5
1
5
5
4
3
4
5
6
2
1
3
2
2
2
7
3
6
4
5
8
2
3
2
0
4
2
1
1
4
4
3
5
3
3
7
6
6
2
2
5
3
3
6
6
5
2
6
2
3
3
4
3
1
3
6
3
3
7
8
5
3
3
9
7
5
4
10
7
5
8
6
8
11
4
6
6
4
5
4
4
3
5
4
1
3
3
10
5
1
3
3
3
4
5
6
3
4
3
3
6
3
4
2
3
7
2
3
7
5
9
2
3
8
3
5
7
4
8
12
7
15
12
12
16
14
16
22
18
10
9
10
7
2
6
3
8
3
7
3
1
0
2
5
5
7
4
7
4
5
6
2
6
4
2
4
3
1
7
5
4
4
4
2
5
1
3
1
6
3
1
3
2
1
2
3
3
0
3
5
6
8
6
4
3
4
2
2
3
6
6
1
3
6
1
3
3
7
2
2
6
5
3
5
6
6
3
8
6
4
5
7
5
4
5
8
1
5
6
4
1
2
7
3
4
1
4
6
6
9
3
4
3
4
5
3
4
2
2
2
5
3
5
4
1
2
5
9
6
2
0
2
8
4
1
1
3
3
3
2
2
5
2
1
0
2
3
1
2
1
2
1
4
5
1
2
3
1
2
2
4
1
4
1
1
2
3
7
1
1
3
2
3
5
0
3
4
4
7
1
2
2
6
3
2
2
4
2
3
2
8
5
4
0
4
5
8
5
2
6
3
5
4
5
1
5
1
1
2
3
5
3
1
8
5
2
0
5
3
2
1
1
3
2
0
2
3
2
2
4
4
1
4
8
2
2
5
4
2
2
3
4
3
3
1
4
6
1
6
2
2
3
4
7
3
3
2
2
0
4
6
2
5
4
4
0
3
3
4
2
3
3
6
4
6
2
5
2
0
2
5
2
2
2
4
1
3
2
3
2
1
3
1
1
4
4
1
2
5
2
4
9
2
3
6
1
3
2
0
3
4
4
3
1
2
1
5
3
0
5
4
3
4
1
4
6
1
4
6
3
4
5
7
3
7
5
4
0
5
9
2
6
8
3
7
4
3
4
7
5
0
2
5
4
0
3
4
1
0
2
6
4
6
4
1
7
2
2
3
2
7
0
3
1
5
2
1
4
2
2
6
2
6
4
4
0
4
1
2
3
2
3
2
0
1
2
2
0
0
2
4
3
3
2
4
2
5
8
3
2
3
3
2
1
3
2
5
4
0
2
2
3
1
2
1
6
0
3
3
3
3
3
3
6
3
1
4
2
2
5
7
3
4
5
4
8
2
4
3
6
4
4
3
1
1
4
6
1
3
5
1
5
5
8
7
1
2
1
4
5
1
4
3
3
2
9
3
3
2
4
2
4
3
2
6
5
4
3
1
4
2
3
5
3
4
1
2
4
1
3
3
4
5
1
0
3
3
3
3
0
6
4
6
5
1
2
2
4
1
0
0
5
2
4
3
4
5
2
1
2
0
3
4
1
6
3
5
5
2
4
4
2
5
3
3
6
4
7
2
3
3
2
4
1
4
3
1
1
4
1
3
3
2
3
3
5
3
1
5
2
3
2
5
8
4
6
3
4
3
5
4
5
3
4
3
4
8
7
1
6
4
4
0
6
1
2
2
4
1
2
3
4
4
3
3
5
2
5
4
1
1
3
2
1
4
2
4
1
1
2
8
1
5
1
5
2
5
3
0
3
0
0
5
3
2
2
3
0
0
4
1
2
5
2
6
1
3
3
1
2
6
4
3
3
2
4
4
2
3
2
2
2
2
4
1
2
2
1
2
3
1
6
5
1
1
3
4
1
1
6
2
2
3
3
5
4
0
7
1
6
4
1
2
4
2
1
3
2
4
3
7
3
3
3
1
2
1
2
0
3
2
3
4
3
4
4
6
1
2
2
3
3
5
1
3
3
4
1
3
2
4
5
4
3
2
2
2
4
4
3
4
1
4
2
3
1
6
1
2
4
0
2
5
1
1
3
4
2
4
3
3
6
6
1
1
2
2
1
1
3
3
2
2
4
2
1
3
5
5
2
1
1
1
2
2
4
3
0
2
1
2
5
3
3
6
2
2
9
1
2
1
1
2
6
2
0
3
0
1
1
0
6
1
5
3
4
2
2
6
6
0
0
3
6
3
7
4
6
5
6
4
7
6
4
2
7
4
8
3
3
5
7
4
6
7
5
2
1
2
1
3
5
4
4
4
6
4
3
1
3
1
4
2
1
1
4
5
4
1
4
2
2
2
2
1
3
3
3
4
2
2
1
1
2
0
6
4
2
1
3
4
3
2
4
4
1
1
2
0
3
4
2
5
4
3
2
1
2
2
1
6
3
7
3
4
5
0
4
2
3
2
6
3
1
2
7
2
3
7
7
8
17
13
7
5
7
9
11
7
9
5
5
7
2
1
3
2
1
1
5
7
2
4
3
3
1
2
2
5
1
2
3
3
4
1
10
2
1
5
3
3
0
3
1
3
5
4
8
2
1
4
4
3
5
5
1
4
5
5
3
3
3
3
1
4
4
2
3
4
4
1
2
2
4
1
2
1
2
3
3
4
6
4
3
1
2
4
2
3
3
2
3
1
2
2
2
0
0
2
3
4
8
7
1
4
1
5
1
3
5
2
1
8
9
4
13
7
10
5
10
8
8
5
7
5
3
3
4
3
2
2
3
2
5
5
1
4
1
1
1
2
1
0
2
1
2
2
3
4
4
1
2
2
1
3
6
3
6
4
1
4
3
4
3
0
1
1
5
3
3
1
2
2
3
1
3
2
2
5
1
6
5
3
1
0
5
3
4
3
5
1
4
4
4
2
4
4
1
2
2
4
2
2
2
3
2
3
1
6
3
4
1
1
2
3
6
5
4
2
6
1
3
3
5
3
3
5
8
5
2
4
4
5
4
1
5
1
2
1
1
6
9
3
4
2
8
4
4
6
4
4
2
2
3
2
3
4
2
6
3
3
7
1
1
3
3
7
2
3
5
3
3
0
6
4
3
5
2
3
1
1
3
2
3
1
5
6
1
5
3
4
5
2
3
5
6
6
5
3
3
2
3
4
1
2
5
2
3
4
1
3
2
1
2
3
3
0
3
2
2
2
2
4
7
3
1
1
0
0
3
2
3
4
3
3
0
2
2
3
1
7
1
1
0
1
2
2
2
2
0
1
2
0
3
1
1
2
1
2
1
3
3
3
5
3
0
4
4
1
1
1
5
0
4
2
5
6
3
0
3
3
4
4
2
1
2
1
1
4
1
2
0
0
1
1
2
4
4
7
5
6
3
4
3
2
1
2
0
3
0
3
1
2
0
8
3
1
0
4
3
1
1
3
1
2
2
0
1
3
3
5
4
2
3
2
2
4
4
4
2
1
4
3
3
6
1
2
2
2
1
3
3
1
3
3
1
1
0
2
1
0
3
3
5
4
5
4
1
3
2
4
0
2
1
2
3
4
2
2
1
3
3
7
5
7
4
2
0
3
2
3
3
6
3
3
2
1
1
3
2
0
2
2
2
2
3
3
1
3
3
4
1
2
2
1
4
1
5
4
2
3
3
4
4
1
1
4
5
2
3
1
3
3
4
3
3
0
3
2
0
1
3
0
2
3
3
1
2
3
4
2
2
4
2
2
3
1
3
0
2
4
2
5
3
2
3
2
3
2
3
0
2
2
2
2
2
3
2
3
2
1
3
0
1
4
2
4
0
1
2
3
4
3
2
0
2
4
1
1
6
1
3
3
4
3
1
2
0
2
3
1
0
2
4
6
4
0
3
2
0
3
2
3
1
0
1
3
2
5
3
1
1
1
1
2
0
0
1
2
5
1
3
2
4
5
2
4
2
5
3
2
2
3
5
3
1
1
1
2
1
1
0
7
2
3
2
4
2
1
3
1
0
3
5
1
1
1
2
5
6
4
0
1
3
2
2
5
3
3
4
0
5
6
6
5
5
1
3
8
1
3
2
5
0
8
6
3
1
0
3
6
0
5
3
2
1
2
4
2
2
4
1
4
4
3
0
3
2
2
0
2
2
0
2
2
0
2
3
1
1
4
2
7
1
1
2
4
5
5
4
2
3
0
2
2
2
4
3
1
2
1
1
2
2
1
1
3
4
1
4
5
1
2
5
1
3
1
4
3
2
2
0
4
2
4
3
2
1
1
3
1
2
0
2
3
3
4
2
2
7
4
6
2
2
0
3
4
3
2
2
2
2
4
1
3
2
4
1
2
4
1
1
2
4
3
3
1
0
2
4
7
5
5
4
3
5
0
2
0
1
1
3
2
1
5
6
3
4
0
5
3
4
3
2
2
0
2
2
4
2
0
2
3
3
4
3
4
2
4
4
2
1
2
2
0
2
4
7
7
1
2
4
1
0
4
2
1
2
2
3
1
1
1
0
3
2
3
1
1
0
1
1
4
3
0
1
3
3
1
1
1
0
1
6
2
0
4
1
1
1
2
5
4
4
2
4
1
0
1
1
4
1
5
2
0
1
4
2
3
2
3
2
3
2
2
1
2
7
4
5
2
1
2
2
4
3
4
1
3
2
1
2
1
0
2
0
2
5
1
4
4
1
0
3
3
1
2
1
2
2
0
2
2
1
2
1
3
5
3
2
3
2
2
3
2
3
1
2
2
1
1
3
3
2
1
0
4
2
0
3
2
3
5
6
5
5
6
7
6
2
1
3
3
3
2
4
1
2
2
4
3
3
1
3
0
3
4
3
1
4
2
4
4
3
2
0
3
3
3
1
2
3
6
2
3
2
5
2
0
5
4
6
4
2
2
3
2
4
0
2
2
1
1
4
3
1
0
2
3
0
2
0
0
3
0
1
1
4
2
2
1
2
4
3
0
1
1
4
2
2
3
1
0
1
1
3
3
3
2
3
0
1
3
3
1
1
1
2
3
0
3
1
2
1
3
2
3
2
1
2
2
1
5
8
1
4
2
4
3
5
2
7
2
3
1
4
0
3
3
3
0
3
1
1
1
4
2
1
2
0
4
0
1
1
1
1
0
4
3
2
0
2
2
1
4
1
1
1
0
1
7
1
3
1
2
2
2
1
1
0
1
2
2
3
2
3
1
7
0
2
0
4
2
3
4
0
2
0
2
2
0
2
2
3
1
3
2
2
3
1
4
1
1
1
0
0
5
0
0
4
0
1
2
2
0
1
0
5
6
1
2
1
1
2
2
1
0
0
6
3
1
2
2
1
1
3
2
4
3
0
1
1
1
1
2
2
0
2
3
4
2
4
1
3
3
3
1
3
2
2
4
3
2
2
1
1
5
1
1
2
2
2
1
4
1
4
2
3
3
6
0
4
1
1
2
2
3
2
3
1
0
1
3
2
1
0
2
4
0
3
2
4
5
1
0
0
0
4
0
3
0
0
1
1
0
0
1
1
1
1
1
0
2
0
1
2
1
1
1
0
2
2
1
1
1
3
0
2
1
0
0
1
1
2
3
2
1
3
1
3
2
2
2
2
1
2
3
2
1
0
3
2
1
3
1
5
0
2
2
0
4
4
0
1
2
0
3
3
4
0
1
2
6
3
4
2
0
0
1
3
0
2
1
2
2
1
3
2
1
1
4
3
3
1
4
3
3
1
1
1
2
4
4
1
2
2
3
4
2
1
1
1
1
1
1
1
0
2
1
0
0
0
2
3
2
0
2
2
2
4
1
6
1
2
1
2
0
2
4
6
1
3
3
1
0
4
0
1
2
0
0
1
1
2
1
2
0
5
3
3
0
1
3
1
3
0
2
2
1
2
0
2
3
3
2
4
2
2
2
1
2
3
0
1
2
0
1
2
2
0
3
1
0
1
2
2
3
0
2
1
3
1
1
0
1
0
0
2
4
3
1
3
4
1
3
2
3
2
0
2
1
0
0
2
1
3
5
0
2
2
4
3
1
1
3
2
4
2
1
0
0
2
5
0
2
3
1
2
0
1
0
3
2
1
2
0
1
3
2
1
2
0
2
2
0
0
1
3
0
2
3
3
2
2
0
1
2
0
1
3
4
2
2
1
2
1
0
0
3
3
2
4
0
6
2
3
1
4
3
2
1
1
3
4
1
4
1
2
1
4
3
2
3
1
1
0
3
4
1
0
0
3
1
3
2
2
0
2
1
2
0
1
2
3
2
1
1
5
1
2
0
0
1
1
2
1
0
0
1
5
3
4
5
0
1
1
0
3
3
2
0
0
2
3
2
0
3
3
1
0
1
2
1
1
1
1
4
3
1
2
3
3
1
3
0
2
1
3
2
1
4
0
2
0
0
1
3
2
0
2
2
2
0
3
1
2
1
3
1
0
0
1
1
3
1
1
1
2
1
1
0
1
0
1
0
1
0
1
3
1
1
2
2
0
2
2
1
0
0
1
1
3
0
2
3
2
0
2
0
1
1
2
2
2
1
1
2
1
3
1
2
4
0
2
0
5
3
6
1
0
3
2
2
0
2
1
0
3
3
0
1
2
1
3
0
3
2
0
0
3
1
0
0
2
1
3
2
1
2
1
0
0
0
2
2
0
3
2
0
1
0
2
3
2
3
2
1
0
3
2
6
3
4
5
4
5
1
2
4
3
4
3
2
1
0
1
2
1
0
1
3
3
1
1
2
2
2
5
1
0
3
4
3
0
0
0
0
1
1
1
3
0
0
4
2
1
3
3
2
0
5
4
1
5
1
3
1
3
3
3
3
2
1
3
2
0
2
6
1
2
2
2
1
3
3
3
2
6
6
12
10
7
5
4
8
5
8
5
3
1
1
2
2
2
0
4
1
2
1
1
1
2
1
0
0
1
2
2
0
2
1
3
1
1
2
0
1
0
2
2
3
4
1
0
2
3
1
0
1
1
2
1
3
1
3
2
2
0
1
2
1
3
0
1
1
2
1
0
0
1
1
0
0
2
0
3
3
2
0
1
1
2
0
1
0
2
3
4
1
3
3
2
0
2
2
1
2
1
1
2
1
2
2
2
1
0
3
4
1
1
0
5
1
0
1
0
1
1
3
1
1
4
2
3
1
1
0
1
1
1
0
3
1
3
1
2
1
1
1
3
1
1
1
3
1
1
3
2
0
0
1
4
1
4
2
0
2
1
0
1
0
1
2
1
1
4
3
1
0
1
0
2
1
1
0
0
1
1
1
1
7
3
1
3
3
3
2
0
1
1
2
2
1
0
0
0
1
1
0
1
2
1
5
5
1
0
1
2
5
2
0
1
0
0
2
1
1
1
2
1
2
3
1
2
5
4
7
8
5
8
8
9
4
6
8
7
9
4
4
3
2
2
1
0
1
2
4
1
1
4
1
0
1
2
1
0
2
2
0
2
3
0
0
0
2
2
1
1
1
2
1
3
1
0
3
1
0
1
0
0
0
4
2
0
2
0
0
1
3
2
0
1
0
0
2
2
1
1
3
0
1
0
0
0
1
1
2
3
0
1
2
0
2
0
1
1
4
3
3
3
2
1
0
2
5
1
1
2
1
0
2
3
0
1
1
5
3
1
2
2
3
1
0
0
1
0
1
3
1
1
1
3
1
4
6
3
2
7
4
4
5
8
4
5
1
2
4
2
2
1
1
0
1
1
2
0
0
1
2
3
1
0
0
3
2
1
1
1
0
1
0
2
0
2
2
0
1
1
2
2
1
2
2
1
1
1
4
1
1
3
1
2
0
2
1
2
1
2
2
0
1
0
1
3
2
1
1
0
1
1
2
1
4
1
0
0
1
2
1
2
0
0
1
0
2
2
0
2
1
0
1
2
0
0
2
1
2
1
0
2
1
0
2
1
0
1
0
0
1
0
1
1
1
0
2
0
1
3
2
5
0
5
1
1
0
2
1
3
2
1
1
1
2
3
0
1
2
0
0
1
1
1
1
2
0
1
2
2
3
1
4
1
0
2
2
1
3
2
1
3
1
2
1
3
1
2
3
1
0
1
2
2
2
1
1
0
2
1
1
1
0
1
0
0
1
0
1
1
1
1
0
0
0
0
0
6
1
1
1
1
1
2
0
1
0
0
0
0
0
2
2
0
1
2
0
1
2
3
0
3
2
0
0
5
2
2
1
4
0
0
1
2
0
0
1
4
2
0
1
1
1
4
1
0
1
0
0
0
1
2
1
3
2
1
0
1
3
0
0
2
2
1
0
1
2
0
4
0
1
1
1
1
1
0
0
0
1
7
1
2
3
0
0
2
2
0
3
0
3
3
0
0
3
0
3
0
1
1
1
3
3
2
1
0
3
1
0
1
2
1
3
0
3
2
0
0
2
0
1
2
1
3
1
0
0
1
1
4
1
1
2
1
2
3
1
1
1
0
0
3
4
0
0
1
2
1
1
3
2
0
2
0
3
2
0
1
3
0
0
1
1
0
1
0
0
0
1
1
0
1
1
1
0
2
0
0
0
0
3
2
1
1
0
0
2
2
1
1
1
0
1
1
3
0
2
2
2
1
2
1
4
2
0
1
2
3
1
2
4
0
2
0
3
0
2
3
0
0
2
0
0
1
0
0
2
1
1
0
2
1
1
2
0
2
1
1
0
0
1
0
1
0
2
1
1
1
0
1
0
1
3
0
1
3
1
2
0
0
2
1
3
1
2
5
2
0
0
0
1
2
0
1
2
2
1
2
0
2
2
1
2
1
1
1
1
1
0
3
2
2
2
2
3
1
1
1
1
3
2
1
1
3
2
0
2
3
1
1
1
2
2
0
0
1
1
0
0
0
0
0
2
1
1
1
0
1
0
2
0
1
2
0
0
1
1
0
4
0
2
1
1
0
1
1
1
1
5
1
1
1
2
2
2
2
2
0
2
1
1
1
1
1
0
0
4
3
0
0
2
0
0
1
4
0
2
1
3
1
3
2
4
1
3
2
1
3
4
3
3
1
2
0
3
2
4
2
3
1
3
0
3
0
3
2
1
3
3
0
1
0
0
2
2
0
1
1
1
1
0
1
0
3
2
2
0
2
2
0
0
3
1
1
2
0
1
2
1
2
0
1
1
3
0
3
0
0
2
0
1
1
0
0
3
2
1
1
0
0
4
4
2
0
3
3
1
0
2
1
0
1
0
0
0
0
2
2
3
1
2
2
1
0
0
2
2
0
2
1
3
1
3
1
0
0
3
1
1
1
1
1
0
1
2
0
1
2
1
1
3
1
1
3
2
3
3
2
0
1
3
2
1
3
0
1
1
1
1
0
0
0
3
1
0
0
0
3
1
0
3
1
1
1
0
1
0
1
0
1
1
0
1
1
0
2
0
1
0
0
2
2
0
0
0
1
2
1
1
0
1
1
2
0
1
1
1
2
2
0
1
1
1
2
1
1
1
1
1
0
0
2
3
1
0
2
2
0
3
0
2
3
0
0
3
2
0
1
0
0
0
2
1
2
0
2
0
0
2
1
2
2
1
1
2
1
3
0
1
1
2
0
0
1
1
4
3
1
1
1
0
1
2
0
2
3
3
0
0
0
0
2
1
1
0
0
0
0
0
1
0
1
1
0
1
2
1
0
1
0
1
2
0
1
2
1
2
1
2
0
2
0
1
1
2
1
1
1
0
1
2
0
0
0
3
1
1
0
1
0
0
1
0
0
0
3
2
2
0
2
0
0
2
1
2
1
0
0
2
2
1
0
0
1
3
0
0
2
0
2
0
1
0
1
0
1
0
1
0
0
1
0
0
0
0
1
1
2
1
0
1
1
0
0
1
0
1
0
0
1
1
0
1
0
3
0
2
1
2
0
1
1
1
1
1
0
1
1
2
1
2
2
2
2
0
0
1
0
1
0
0
2
1
2
0
1
2
0
0
2
1
0
2
1
2
1
0
0
2
0
2
0
1
1
2
0
0
0
0
0
0
0
0
1
2
1
1
1
0
0
5
0
4
0
2
1
0
0
0
1
0
0
2
0
0
1
1
0
0
1
0
0
0
0
4
2
2
0
1
2
1
2
2
0
0
1
1
1
3
2
2
2
3
3
1
2
2
0
4
3
3
2
3
0
0
2
2
1
4
0
1
2
2
1
3
4
0
0
0
1
0
2
1
1
1
1
0
3
0
0
1
0
0
1
1
1
1
1
0
0
1
0
2
0
2
0
2
0
2
0
0
1
1
2
0
0
0
2
0
2
0
2
0
0
1
1
0
2
1
2
0
0
2
0
2
2
2
2
0
2
0
3
1
0
1
2
1
2
0
2
4
2
6
2
0
5
1
1
1
2
3
2
4
2
2
0
0
1
2
1
1
0
0
3
1
3
3
1
1
0
3
1
1
2
3
1
1
0
2
1
0
2
3
3
1
0
2
0
1
0
1
0
1
2
1
1
0
1
4
2
0
0
0
0
1
1
0
1
1
0
0
1
0
1
1
1
0
2
3
2
0
0
4
1
0
0
0
0
1
2
1
0
0
0
1
0
1
1
2
1
1
1
1
4
0
0
1
2
1
2
2
0
2
0
0
0
0
1
0
0
1
1
1
2
0
0
0
1
0
0
1
0
2
1
0
1
0
0
0
1
1
2
1
0
3
0
2
0
1
0
1
0
1
1
1
0
1
1
2
0
0
0
0
3
0
0
0
0
2
2
2
2
1
2
1
0
1
2
0
2
1
0
2
1
0
0
2
1
1
0
1
3
0
1
2
1
0
1
2
5
0
0
2
1
2
0
2
0
0
1
0
2
2
2
0
1
0
2
1
1
1
0
0
1
1
0
2
1
1
0
0
0
0
0
0
0
3
1
1
1
1
0
2
1
0
0
0
1
1
1
0
0
1
1
0
0
0
2
3
3
1
1
4
2
2
1
0
1
0
1
0
1
1
0
1
1
1
0
1
2
1
0
1
0
1
1
0
3
0
0
0
2
2
0
1
0
0
1
1
0
2
0
0
0
2
0
1
0
2
0
0
0
0
2
1
0
2
2
1
1
0
1
1
3
0
1
1
1
0
0
1
1
0
1
1
2
1
0
0
1
0
1
0
3
3
2
0
2
1
1
1
3
0
2
1
2
0
1
2
2
1
1
0
0
0
0
0
0
0
0
1
0
1
2
1
2
3
2
0
2
2
2
1
0
0
1
0
0
0
0
4
1
1
1
0
3
2
0
0
0
0
3
3
1
1
1
2
0
1
1
1
0
1
0
0
2
1
1
1
1
4
1
0
1
1
1
2
0
2
0
0
1
2
1
1
0
0
1
3
1
1
1
1
2
0
1
1
1
1
1
1
3
1
1
2
0
0
0
1
0
0
1
2
3
1
1
1
0
0
0
0
0
2
0
0
0
1
1
0
1
0
1
0
1
1
2
0
0
2
1
0
0
1
0
0
1
2
2
1
3
0
1
1
0
0
1
0
1
0
1
0
0
0
0
1
0
3
0
0
1
0
1
1
0
1
1
1
1
0
1
0
0
1
0
1
1
0
0
2
1
0
2
0
2
1
0
2
0
0
2
0
2
0
1
0
1
1
2
1
1
0
0
0
1
1
0
2
0
0
0
0
2
1
0
1
1
1
1
1
4
0
1
2
1
0
1
1
1
1
0
0
1
1
0
0
1
0
0
0
0
1
1
0
0
3
0
1
3
0
0
0
0
0
2
0
0
0
1
1
1
1
0
1
1
1
1
0
1
3
1
1
1
0
0
0
3
2
1
0
0
2
0
0
0
0
1
0
1
1
0
2
0
2
0
1
0
2
0
2
2
0
1
2
1
1
0
1
1
1
1
1
0
2
0
0
1
2
1
0
2
2
0
0
0
3
0
0
1
1
0
0
1
0
2
0
0
3
1
0
1
3
0
1
0
0
2
0
0
0
2
0
0
0
0
1
1
1
0
1
0
0
1
0
1
2
1
0
0
1
1
1
2
0
1
0
2
1
1
0
1
3
1
1
0
2
1
0
0
1
1
0
1
1
0
1
1
3
2
1
1
0
1
1
3
1
0
2
2
0
1
1
1
3
1
0
2
1
0
0
1
0
0
2
0
2
0
1
1
0
1
0
0
3
1
0
0
1
0
0
3
1
1
3
1
0
1
1
0
1
0
0
0
1
0
0
0
1
0
1
1
1
1
1
6
2
0
2
2
0
0
2
0
0
0
1
1
1
1
2
1
1
2
1
1
4
0
1
1
0
1
2
2
1
0
1
0
0
0
3
1
1
0
2
0
3
0
0
1
1
0
2
0
0
2
2
1
2
0
1
1
1
0
0
3
1
4
0
1
1
3
2
1
0
1
1
2
0
2
1
2
0
1
1
2
0
1
0
0
0
1
0
1
1
0
1
0
0
2
1
1
1
1
1
1
0
0
2
0
4
0
0
0
0
1
0
1
1
1
1
0
0
2
0
0
0
1
0
0
1
2
4
1
0
1
1
1
0
0
0
0
2
1
0
1
0
1
1
3
0
2
1
2
1
2
2
1
1
3
3
0
0
1
0
2
1
3
1
2
0
1
1
1
0
1
2
0
1
0
0
1
0
0
0
0
2
1
1
2
0
2
1
0
0
1
0
3
2
1
2
2
0
0
0
2
1
2
1
0
0
0
1
1
2
1
1
2
0
1
0
2
2
0
2
1
0
1
1
0
1
1
1
0
0
1
1
0
1
2
0
1
0
0
0
0
1
0
1
1
1
0
0
0
0
4
1
1
0
0
1
0
1
0
0
1
0
1
0
1
1
1
0
0
1
1
0
2
2
0
0
1
0
1
0
2
2
1
3
0
0
2
1
0
1
0
0
1
0
2
2
1
1
0
1
1
0
1
0
0
0
1
1
1
0
2
0
1
0
0
0
0
0
0
0
1
2
1
1
0
2
2
0
3
1
2
1
0
0
2
2
1
2
0
0
0
1
0
1
3
1
0
2
0
1
1
1
2
1
0
1
3
1
0
1
0
0
3
0
0
2
2
0
2
2
0
0
1
1
0
0
1
0
1
1
0
1
1
0
0
0
1
0
1
1
0
2
0
0
0
0
0
1
0
0
0
1
1
2
0
0
0
1
2
0
1
0
0
0
0
1
0
0
1
0
3
0
1
0
0
0
2
0
3
1
1
2
2
0
1
0
0
1
0
1
1
0
0
2
1
0
0
1
2
0
1
3
1
0
2
1
1
2
2
1
2
0
2
1
0
0
0
1
1
0
0
2
0
0
2
1
1
0
1
0
0
1
0
0
0
1
1
0
2
0
1
0
1
1
3
0
2
1
1
1
1
2
0
1
0
1
1
0
1
1
3
0
2
3
1
1
0
0
0
0
1
1
0
3
0
1
0
0
1
1
1
1
2
1
2
0
0
0
1
1
0
1
3
0
2
1
1
0
2
0
0
2
0
0
0
1
0
0
1
0
1
0
1
0
3
1
0
0
0
1
1
0
0
1
1
0
1
0
2
0
1
0
2
0
2
0
2
1
4
0
2
2
1
1
1
1
3
0
0
1
0
1
0
2
2
2
2
0
2
1
0
1
0
1
0
0
0
0
1
1
1
0
0
0
0
1
1
3
1
0
1
2
1
1
0
1
0
1
1
1
0
0
1
0
2
0
0
0
0
2
1
0
0
0
0
0
0
1
2
0
1
0
0
1
1
0
0
0
0
0
2
1
1
2
1
0
1
0
2
2
1
0
0
1
1
0
1
1
0
0
0
2
0
0
2
0
1
0
1
1
1
1
1
0
0
0
0
1
0
0
0
0
1
0
0
0
0
0
1
0
2
0
0
0
1
0
1
0
1
0
0
1
0
1
0
1
0
0
2
0
0
2
0
1
0
1
0
3
0
0
0
0
0
1
1
1
1
3
0
2
2
1
2
0
2
0
0
0
1
1
0
1
0
2
0
0
0
2
1
2
0
1
0
1
2
0
0
1
0
0
0
0
1
0
$ENER_FIT:
0.1505 0.194059 5.490919e-09
$MCA_CAL:
3
0.1505 0.194059 5.490919e-09
$SHAPE_CAL:
3
0.0000 1.000000e+00 0.000000e+00
$ENDRECORD:
