$SPEC_ID:
Shot 106
$MEAS_TIM:
261.00000 299.00000
$DATE_MEA:
08/26/2021 13:09:08
$DATA:
0 16383
0
0
0
0
0
0
0
0
0
0
0
0
0
0
0
0
0
0
0
0
0
0
0
0
0
0
0
0
0
0
0
0
0
0
0
0
0
0
0
0
0
0
0
0
0
0
0
0
0
0
679
708
669
705
647
646
689
623
682
623
638
625
633
621
541
606
584
562
622
550
532
588
556
588
509
525
493
509
480
511
479
466
507
459
459
472
471
487
491
488
450
442
466
497
471
449
439
391
438
436
417
441
381
403
392
406
384
368
399
384
380
404
397
380
404
402
386
391
379
382
335
368
388
344
325
363
329
353
349
352
346
371
360
332
341
357
327
351
307
326
352
326
348
314
346
328
292
327
327
304
313
334
337
348
341
331
328
308
335
299
289
301
290
279
307
323
270
272
281
325
307
296
307
279
281
338
278
270
277
283
340
262
279
311
296
286
288
270
302
275
247
325
285
292
263
269
292
277
291
270
279
245
284
243
257
264
255
308
281
258
269
239
272
279
251
261
276
232
265
281
256
257
268
278
239
243
273
247
253
259
256
275
273
275
273
269
250
266
255
238
262
235
236
248
246
237
239
256
249
266
266
238
231
249
288
235
246
251
253
257
270
256
244
228
266
248
257
228
222
238
224
259
240
249
248
258
235
251
236
249
248
269
255
248
267
243
251
261
235
215
225
214
259
237
236
224
229
219
221
275
247
232
245
248
227
212
234
226
251
228
237
209
235
251
223
250
220
256
242
274
270
245
265
226
238
225
220
219
237
248
240
262
240
262
242
236
220
232
232
230
248
225
226
240
250
234
208
242
291
355
507
614
708
568
406
386
380
387
390
328
278
280
237
220
228
261
227
214
195
211
232
223
243
245
253
204
218
221
214
188
226
220
221
245
253
232
235
224
239
228
267
301
295
266
281
298
271
275
251
258
232
212
224
220
242
245
286
301
319
296
277
252
253
246
257
249
219
231
269
246
276
239
220
249
216
263
260
300
298
275
242
189
247
255
280
261
313
410
412
364
315
277
273
233
221
246
262
249
265
253
208
229
254
226
200
235
231
216
226
259
215
224
219
227
267
271
285
270
278
243
215
236
231
228
256
284
313
421
547
620
638
495
352
287
260
207
256
230
199
235
211
247
227
211
252
224
231
298
318
405
522
574
466
413
349
280
274
238
267
212
208
197
229
228
225
248
262
232
240
200
217
226
239
237
260
251
293
287
279
325
389
419
414
345
288
240
226
230
242
215
226
241
233
221
246
227
228
202
191
176
228
205
230
246
252
238
236
277
247
229
233
229
213
233
227
231
193
211
210
241
236
240
235
236
258
237
245
251
249
224
183
224
214
224
214
212
248
243
235
260
238
228
204
215
209
212
214
199
230
237
216
219
213
248
266
233
284
274
237
253
216
242
206
191
221
202
231
184
227
227
263
339
308
293
264
230
251
214
211
189
204
187
211
203
210
231
181
214
195
166
191
181
183
195
207
194
203
175
191
195
195
198
201
222
191
216
211
199
167
216
212
185
222
231
213
221
222
296
215
226
220
194
227
190
203
189
204
183
203
212
193
164
192
218
185
210
210
203
190
204
194
206
217
234
275
289
359
427
451
388
308
271
297
465
619
805
842
790
615
474
393
290
259
217
235
201
209
210
228
209
252
253
224
214
209
177
204
203
215
181
207
189
228
237
208
236
206
220
187
183
185
191
212
200
213
206
215
182
204
216
200
194
192
197
212
209
245
266
287
300
252
252
221
187
207
252
312
335
353
330
308
302
282
305
264
240
188
180
210
195
160
185
197
179
175
193
174
193
170
182
186
178
160
154
169
173
177
171
186
190
204
225
239
251
236
273
233
251
229
207
235
196
197
189
218
198
256
276
290
261
258
258
272
243
227
171
197
183
202
165
172
176
203
164
175
183
180
159
197
155
161
172
179
194
223
216
233
242
238
257
309
279
254
204
196
204
174
170
168
186
194
222
238
312
289
316
234
200
178
183
172
187
183
193
172
165
181
167
164
166
149
174
185
212
229
232
250
251
217
224
194
196
222
258
269
311
399
357
356
383
312
270
220
197
196
186
187
226
169
215
175
181
169
177
195
213
197
177
171
141
183
180
183
167
200
200
252
235
262
221
204
213
211
207
223
235
210
239
191
177
167
149
167
155
185
149
181
181
174
150
163
167
170
149
176
184
186
162
173
163
149
155
167
147
151
155
180
163
156
164
187
176
177
211
228
299
353
329
278
236
177
186
205
247
331
417
373
357
290
241
211
168
156
167
161
170
202
187
184
175
161
171
170
163
199
194
209
174
176
188
235
254
234
243
245
212
207
156
168
166
167
164
154
154
176
143
133
144
163
169
147
186
163
194
173
149
143
155
160
149
150
138
161
139
165
179
172
144
154
151
170
132
134
151
159
168
136
164
180
159
172
172
180
177
179
168
174
188
181
155
141
138
164
163
164
171
184
220
323
326
364
303
282
294
324
308
335
256
229
191
170
168
182
160
170
187
191
190
177
168
163
187
173
170
168
158
127
148
134
166
141
173
138
166
183
203
187
246
314
436
618
691
752
724
538
395
324
222
200
158
144
166
167
174
178
155
166
146
150
137
151
154
149
162
151
143
159
125
140
149
141
134
137
161
133
151
174
166
186
193
187
162
184
159
151
149
146
137
138
140
153
179
179
156
172
184
195
177
175
165
141
136
134
134
144
149
154
170
181
196
178
173
183
145
132
142
117
134
133
138
129
148
153
140
140
128
156
129
127
140
127
120
130
130
135
142
127
145
153
122
133
128
161
164
140
159
160
137
136
138
124
132
156
132
129
108
163
126
135
145
136
147
161
169
157
130
131
134
139
131
120
122
137
124
127
137
120
136
128
116
107
136
155
135
165
187
216
173
184
152
132
116
124
130
131
125
135
136
160
171
190
227
247
287
277
294
249
238
167
155
152
125
145
146
137
126
136
132
157
142
142
152
166
144
123
140
168
187
190
194
186
200
159
135
138
119
126
110
114
114
137
144
150
180
225
221
271
246
216
165
139
145
138
151
155
150
135
158
148
133
142
114
138
152
159
130
132
124
129
116
105
97
116
113
119
135
130
139
114
124
129
139
144
120
116
119
141
143
134
136
164
159
136
116
126
126
108
135
147
143
202
215
223
260
272
302
299
305
238
181
145
136
135
135
129
140
122
123
129
136
122
118
148
125
165
141
128
143
128
122
124
136
155
166
191
219
205
227
224
218
226
173
182
168
173
193
192
144
169
135
123
152
113
108
110
122
125
102
119
113
111
125
123
118
126
115
100
103
105
105
120
111
101
102
105
108
109
104
138
117
139
137
146
115
120
124
101
115
127
104
127
128
120
104
111
116
112
127
132
110
119
103
128
128
163
181
223
219
180
195
171
166
143
171
170
194
207
204
181
150
139
135
125
136
118
137
113
122
148
124
121
129
130
107
110
147
121
175
199
211
254
286
316
294
268
222
158
143
125
104
121
123
115
106
108
108
117
104
93
102
91
96
89
107
117
142
152
196
224
257
229
178
129
140
139
123
130
120
146
158
164
205
179
127
149
109
113
102
100
111
108
160
184
254
311
340
285
209
193
123
106
101
123
114
113
116
116
108
107
129
99
109
91
109
98
98
106
110
145
162
175
195
201
168
148
130
113
90
125
97
94
98
125
137
122
106
120
106
96
91
93
119
125
134
160
184
183
170
142
128
103
82
91
116
92
107
91
87
97
92
112
98
90
68
80
102
82
105
113
128
115
129
136
110
107
96
104
104
114
86
98
98
90
108
75
110
136
107
112
116
99
110
107
109
101
112
120
135
138
147
105
111
91
102
111
92
105
99
80
87
93
81
110
84
93
90
103
99
111
120
107
117
122
117
121
152
120
161
143
128
126
110
83
96
113
89
107
137
97
101
108
108
107
101
98
101
100
101
88
91
91
95
105
85
103
122
100
96
77
106
96
89
110
95
110
129
134
144
138
129
132
112
97
102
78
96
103
90
86
120
126
146
156
142
143
158
153
133
153
192
192
170
205
186
198
221
243
222
285
218
225
153
113
104
95
105
86
82
83
90
95
98
89
110
95
104
91
87
91
104
113
108
118
129
114
121
99
112
96
99
108
96
102
87
99
94
90
94
89
96
91
96
107
78
99
95
101
105
112
121
123
111
114
126
162
155
181
218
218
197
150
123
105
94
87
100
86
101
101
96
92
91
85
78
93
100
83
96
72
103
80
81
84
85
74
96
83
112
117
114
118
105
108
99
89
81
93
88
105
92
106
84
86
101
95
104
87
97
99
96
87
98
94
78
80
94
83
78
98
82
90
88
105
84
75
68
79
79
95
81
75
67
81
74
68
79
90
81
90
111
112
117
96
93
99
83
100
115
104
115
96
98
100
81
103
88
88
98
86
81
96
77
85
72
81
83
77
68
81
74
91
91
72
77
95
101
100
134
139
121
109
96
105
105
97
91
82
94
85
85
71
71
83
84
83
79
79
84
75
92
94
66
80
85
100
85
89
77
88
92
104
77
113
111
118
141
117
103
101
84
85
83
104
87
87
62
79
94
92
97
86
71
82
83
79
96
109
119
110
141
131
141
159
150
100
93
87
97
88
77
81
76
83
77
107
124
169
222
282
350
373
418
359
245
183
130
112
98
93
80
77
96
88
98
100
113
119
116
104
118
99
100
103
85
85
94
81
90
86
82
100
84
86
102
85
90
101
90
70
74
95
96
75
97
79
75
81
105
106
129
139
197
234
248
187
167
126
95
101
91
72
97
107
120
91
99
89
97
83
90
92
95
66
66
69
77
93
68
74
73
78
68
52
63
67
86
79
84
91
66
67
63
58
57
76
58
75
80
73
66
67
87
84
76
69
95
72
64
53
77
78
92
62
57
65
73
70
72
88
64
97
84
89
67
90
86
101
81
80
88
62
71
75
106
95
108
105
113
118
99
92
88
97
101
91
89
77
91
65
81
89
68
74
77
74
86
69
63
78
72
59
78
73
84
83
89
73
85
120
93
103
107
109
95
83
100
97
103
106
101
87
103
103
94
84
92
94
86
80
105
90
97
111
127
102
112
97
90
87
82
79
69
66
93
73
79
73
81
78
75
71
83
83
85
97
101
102
102
85
85
84
78
66
70
105
99
67
69
64
79
54
68
71
69
56
68
66
67
68
62
77
82
57
61
83
92
51
70
69
75
72
76
88
77
70
86
75
82
86
81
76
69
79
73
78
65
75
67
100
115
99
98
124
108
99
77
78
64
89
80
85
89
100
81
90
74
89
66
75
94
93
98
75
96
84
100
119
121
128
135
131
115
104
82
72
73
78
72
80
76
59
78
70
76
52
68
78
54
56
53
76
68
60
66
70
55
85
67
80
103
88
84
78
81
78
89
99
92
79
81
69
77
72
74
67
70
80
74
81
96
82
88
95
93
81
94
74
93
99
85
90
90
104
99
86
87
67
94
96
77
77
69
69
69
62
89
70
76
62
67
64
63
64
51
50
68
62
77
76
67
49
70
65
61
73
52
60
66
60
80
75
76
83
65
65
70
65
63
54
49
61
55
67
68
62
54
65
57
48
67
66
63
85
83
64
67
73
71
71
68
51
71
65
60
56
68
69
80
68
68
69
62
57
54
70
65
63
59
71
62
67
51
63
54
59
73
53
45
61
51
67
70
43
63
83
67
54
63
74
56
55
62
77
55
63
64
70
60
68
66
73
83
84
86
88
76
80
68
88
61
59
62
79
73
55
63
56
55
71
71
58
52
65
50
52
67
70
60
68
50
53
53
76
65
72
67
62
90
56
56
67
58
59
57
65
52
56
61
69
58
63
79
73
62
96
73
70
69
74
64
69
55
63
67
64
80
86
101
122
99
100
104
115
77
77
92
91
71
103
81
81
69
59
65
59
56
72
66
74
72
73
74
78
99
91
119
116
128
136
167
162
173
196
185
215
226
194
184
163
166
146
143
149
129
103
93
103
103
80
87
91
75
83
87
77
94
76
96
86
88
67
44
62
75
68
66
67
74
68
54
43
60
72
66
71
76
72
73
70
57
60
55
57
46
48
55
62
61
55
58
63
73
67
66
62
57
58
54
53
70
61
51
60
47
68
68
54
64
74
63
59
67
61
62
69
53
54
56
77
64
82
74
82
81
95
72
54
84
88
96
84
92
94
95
102
82
67
86
62
65
64
54
46
67
47
50
52
52
58
52
59
57
70
65
72
82
84
105
157
146
140
143
122
121
80
69
63
67
68
59
67
62
51
59
52
63
60
75
62
55
80
76
56
70
71
70
102
126
156
149
137
153
131
98
82
80
58
48
58
58
54
62
71
46
64
66
66
72
57
56
69
56
74
58
68
63
68
70
58
67
63
62
64
62
62
58
55
49
82
52
63
56
59
63
54
50
48
54
54
64
68
67
67
50
57
68
51
51
67
53
41
54
56
45
50
54
59
77
56
72
73
64
67
69
76
74
64
58
62
76
63
74
66
62
63
72
60
65
55
56
63
49
60
47
54
55
55
56
51
55
53
57
68
54
57
72
77
80
80
92
82
77
72
79
72
57
54
50
47
39
48
45
46
58
55
65
49
72
63
67
74
59
44
55
49
49
56
68
49
63
36
53
44
58
66
63
50
39
45
58
58
58
54
48
51
48
42
58
55
40
47
62
55
47
47
52
49
61
42
65
71
59
58
50
53
48
49
58
60
50
58
52
44
54
45
68
54
47
59
79
72
72
82
80
74
61
52
52
77
65
46
52
60
60
61
49
47
53
57
39
51
45
57
54
65
58
71
69
45
68
60
48
69
68
63
77
62
63
49
52
59
45
46
48
51
59
46
45
56
65
62
65
60
76
73
69
74
90
110
129
168
190
187
195
155
141
87
87
71
44
61
53
68
56
50
47
59
57
51
62
58
48
45
57
59
59
54
46
62
73
67
64
51
65
46
52
46
46
61
55
38
43
58
36
51
57
63
66
51
61
45
51
42
57
54
75
62
77
88
133
151
239
304
332
357
331
282
189
158
137
107
72
96
73
85
71
62
69
48
56
63
63
54
53
45
42
49
40
50
52
50
60
60
59
60
65
70
72
76
70
49
65
52
53
49
54
56
47
55
43
48
54
45
43
63
44
70
76
62
69
46
78
58
61
49
50
45
42
51
35
55
45
43
36
42
59
61
58
45
55
60
65
50
50
51
56
48
57
50
54
41
62
47
57
51
50
57
66
64
52
64
76
71
71
87
79
85
75
76
53
61
49
44
63
41
49
62
43
58
44
51
39
58
54
61
45
54
44
66
46
38
59
51
52
46
51
44
47
41
51
45
43
58
48
50
53
55
43
59
53
63
48
60
60
64
51
45
50
61
48
56
59
50
49
40
52
47
49
47
40
48
53
45
52
53
66
43
65
63
52
40
48
44
49
48
47
41
38
34
42
43
56
40
47
40
36
49
40
38
59
41
75
66
68
77
78
51
82
71
84
56
76
52
56
51
60
63
63
71
59
63
58
80
88
57
64
75
61
60
58
44
45
51
58
55
73
60
66
49
55
39
37
49
58
52
55
51
46
40
46
34
38
39
33
46
42
37
40
46
43
52
58
45
42
51
67
52
66
52
66
61
48
56
71
67
66
61
59
40
50
45
48
54
41
44
50
57
59
60
70
63
71
50
66
53
51
38
46
41
56
45
44
48
44
50
38
55
50
50
50
43
57
46
43
44
48
45
42
39
49
29
35
39
44
27
51
49
51
57
40
50
48
48
50
63
52
50
62
58
50
62
48
58
50
42
45
38
40
39
53
40
55
39
42
43
49
45
40
53
47
47
50
41
43
42
23
43
43
50
45
39
36
35
48
47
38
46
44
49
38
45
44
44
36
38
48
43
52
48
47
50
63
36
44
45
42
35
34
43
41
31
37
52
51
44
57
47
37
39
35
34
41
35
47
44
42
51
39
49
38
33
32
43
35
48
45
47
60
60
73
108
109
106
109
103
66
50
45
38
54
54
54
48
44
49
56
41
37
34
50
40
50
35
33
32
41
42
47
30
47
40
42
46
49
47
51
47
39
42
47
40
41
43
52
44
50
46
41
41
41
53
70
51
65
65
76
74
95
137
128
133
152
125
99
94
60
56
39
49
64
41
33
38
37
42
30
38
35
51
42
42
33
44
49
35
42
38
31
39
35
35
37
41
47
52
47
48
47
52
29
46
43
43
53
56
42
46
51
45
45
59
44
44
37
49
35
50
40
48
41
45
35
38
56
50
54
53
65
52
72
72
52
48
53
57
38
35
40
43
41
41
47
38
52
49
43
53
48
48
27
36
22
42
42
42
44
40
44
45
45
44
35
34
46
36
34
44
38
54
53
54
40
52
59
40
42
37
55
50
39
55
39
43
51
34
45
44
50
29
32
50
58
36
53
55
71
66
105
112
131
130
139
115
93
73
62
46
39
27
28
31
43
43
42
45
55
34
40
39
45
42
34
42
38
28
39
37
43
33
27
47
37
40
34
51
36
45
38
51
59
39
55
63
61
43
39
51
48
39
51
33
42
46
47
59
41
59
60
53
48
47
50
45
43
41
38
43
34
42
48
36
50
35
49
43
38
43
49
49
41
45
44
38
44
31
42
32
38
39
44
37
50
55
51
59
68
90
86
78
73
50
64
52
47
47
43
46
43
44
41
35
39
47
36
32
33
39
33
38
32
32
36
39
42
30
40
35
38
38
48
43
30
38
40
40
39
36
35
42
26
38
37
33
46
38
46
39
44
33
36
38
42
41
35
33
57
41
36
42
38
35
34
41
34
33
36
46
36
36
32
38
33
44
37
51
50
34
43
43
46
27
37
34
39
40
32
41
31
37
32
37
33
41
40
40
41
33
44
36
29
34
33
36
33
30
30
37
32
33
35
54
39
34
40
39
33
46
49
58
70
59
61
59
64
67
42
60
52
31
45
40
46
39
36
40
37
31
51
42
39
35
37
27
32
50
43
45
46
52
44
39
35
39
40
49
45
42
36
57
50
49
45
50
61
59
54
46
39
41
35
32
34
53
35
38
36
39
28
31
32
48
40
44
41
44
55
50
56
50
41
52
41
38
37
33
42
31
42
49
39
40
31
24
41
31
23
31
32
41
35
31
33
34
39
33
28
39
41
41
39
45
56
58
78
60
80
75
50
41
42
48
45
43
29
46
32
40
37
31
33
37
29
35
27
35
46
42
28
43
50
45
53
45
55
63
74
61
46
53
51
48
38
50
38
37
38
30
37
31
41
44
39
38
32
33
35
47
44
59
43
66
74
63
55
66
54
38
43
47
33
34
40
29
42
43
39
45
40
34
55
41
38
32
42
30
40
42
27
44
41
33
55
49
37
58
61
72
72
68
79
72
62
52
49
32
35
35
42
33
36
31
27
33
31
28
30
30
41
34
37
26
42
43
30
23
28
23
32
43
38
35
43
27
31
34
42
36
36
34
23
42
34
37
36
36
47
30
40
31
35
36
40
31
69
56
55
49
65
49
52
39
38
27
38
33
44
33
30
32
36
37
30
38
34
37
40
35
33
28
33
25
31
24
33
28
27
22
35
28
44
34
37
34
30
39
31
28
32
39
29
32
28
39
32
30
31
30
37
40
38
30
27
30
33
23
25
31
28
36
43
35
22
30
40
30
37
52
59
51
86
66
67
69
59
66
51
31
41
45
32
18
37
38
24
30
34
38
44
35
51
35
29
38
40
33
31
55
50
54
51
47
44
39
38
32
28
28
50
33
57
44
58
45
56
54
56
47
37
36
36
45
35
27
28
33
32
36
31
30
32
48
46
45
34
32
45
59
66
43
58
63
56
64
46
57
49
51
49
79
76
71
75
61
60
51
58
34
42
27
25
44
27
36
23
32
29
35
29
38
33
28
33
40
29
23
37
33
35
29
26
37
26
35
36
41
28
31
31
46
25
30
34
22
24
34
30
34
25
28
28
31
32
33
41
26
28
33
37
34
28
33
33
31
33
36
32
22
30
29
30
26
31
25
41
19
20
27
26
35
22
29
17
33
24
30
33
39
34
34
46
33
28
37
29
35
27
23
26
27
24
17
28
31
23
31
34
26
35
24
21
24
36
28
27
31
36
33
26
31
33
38
28
39
42
26
35
24
25
27
26
29
23
26
35
27
40
30
28
31
22
35
34
24
32
41
42
63
63
59
65
50
48
67
43
43
31
32
28
34
32
30
37
24
27
37
42
22
41
30
33
26
32
26
34
38
38
33
27
40
20
29
29
38
24
38
29
42
36
37
47
63
71
73
52
53
65
37
35
27
24
39
26
31
31
36
25
24
34
39
39
49
54
58
62
43
36
49
40
39
43
33
29
30
28
27
34
28
31
23
26
27
37
23
43
33
34
31
28
40
36
27
27
26
32
45
47
43
42
44
47
43
35
34
35
36
33
28
31
30
31
31
39
29
38
37
33
30
43
37
44
48
32
31
38
34
22
23
25
34
30
35
25
21
36
28
31
36
24
35
24
32
30
25
23
23
19
23
28
35
42
28
37
36
40
32
24
28
35
33
32
33
36
39
47
48
44
72
38
51
31
41
30
17
33
29
22
26
36
44
36
32
41
31
27
32
39
46
53
52
43
41
49
34
34
27
37
42
45
33
37
32
29
33
32
29
16
27
35
28
31
25
30
32
38
26
33
46
68
62
50
46
43
64
49
40
30
40
32
30
28
24
42
33
32
26
18
29
25
29
23
23
29
38
24
21
33
29
48
22
31
42
40
39
36
44
47
36
29
30
31
26
25
30
37
30
22
32
39
33
20
27
32
25
36
27
26
26
23
26
32
33
34
39
33
31
31
36
39
39
21
37
38
31
38
44
33
36
23
38
37
29
26
26
33
36
28
27
27
24
32
23
20
23
26
31
27
23
32
22
24
37
34
18
25
24
26
20
21
36
30
30
37
32
31
26
27
28
19
26
35
23
28
33
39
44
37
40
36
22
43
38
34
21
25
33
31
27
18
31
30
33
24
33
27
32
26
30
34
40
41
38
38
34
34
42
33
49
23
45
32
27
25
34
27
23
27
32
17
25
33
42
36
31
34
30
47
34
46
46
46
52
39
42
38
25
23
25
30
33
25
15
32
26
24
25
24
21
23
18
22
25
22
32
24
23
22
26
23
26
22
34
31
23
22
31
24
35
27
29
26
26
21
30
22
25
26
30
28
25
20
23
23
26
34
18
28
17
24
29
28
28
19
22
19
24
24
30
27
32
30
24
24
34
37
40
40
39
37
43
26
40
37
33
40
24
31
23
33
36
36
38
30
33
32
32
26
27
36
47
50
67
77
81
100
118
104
114
74
82
56
46
41
31
36
23
36
35
26
24
35
23
31
30
26
22
32
31
29
29
36
24
35
26
36
34
32
38
39
38
41
37
28
23
30
29
30
30
26
19
24
31
20
24
37
27
33
23
35
24
25
28
21
23
23
37
31
25
22
32
35
29
28
34
21
28
32
38
43
41
29
26
42
52
39
27
43
36
38
25
34
20
31
32
30
44
35
43
35
37
38
43
36
34
27
34
33
36
27
35
19
23
25
23
32
29
22
22
24
23
23
26
27
35
28
25
34
27
29
32
27
31
26
23
25
24
32
26
31
30
23
35
26
37
24
25
22
28
34
26
28
21
25
24
23
16
18
25
22
23
26
24
31
30
21
20
32
20
27
27
22
26
25
24
33
16
24
27
23
27
27
16
27
19
33
26
35
33
27
36
34
39
39
24
41
32
31
29
39
38
39
29
40
26
28
29
24
34
24
33
24
25
22
27
34
26
22
17
22
26
29
17
20
34
29
15
34
26
26
37
39
25
31
20
27
25
30
24
27
29
16
28
22
22
26
28
14
30
25
34
31
31
33
32
46
43
41
40
33
58
38
43
30
33
30
33
28
27
24
33
27
27
29
29
22
25
22
19
26
25
28
19
32
24
32
16
28
25
20
23
18
22
24
19
25
25
24
28
33
27
27
31
33
29
28
23
21
24
24
26
21
23
15
18
24
20
33
28
30
12
23
33
35
24
30
30
25
17
27
22
32
16
33
25
34
19
24
26
32
24
22
20
33
33
31
44
35
36
37
26
33
36
30
30
21
25
27
33
25
36
33
20
20
29
34
34
33
34
27
32
17
16
20
26
24
19
23
38
30
20
24
19
21
33
25
28
19
24
27
29
13
22
24
24
22
29
23
35
23
21
21
29
23
24
17
24
14
28
25
28
27
31
18
23
22
24
22
29
23
23
25
26
16
23
20
26
22
20
23
23
28
28
13
20
28
23
23
18
26
16
24
23
28
13
28
26
29
27
23
21
34
30
27
19
22
27
18
14
31
28
25
30
26
22
28
34
31
21
21
23
28
27
26
19
33
21
19
29
20
20
31
26
24
26
22
21
18
19
18
26
22
28
28
15
20
18
22
24
24
24
26
17
22
25
20
28
27
35
26
30
29
30
25
23
35
29
30
29
24
22
27
23
24
20
16
19
28
25
28
20
23
26
29
20
22
26
21
29
24
32
28
39
24
25
29
28
30
22
24
25
22
21
25
19
17
29
24
35
20
28
22
26
29
23
19
22
25
23
26
18
18
21
25
18
23
26
19
31
31
24
21
21
27
18
17
22
19
20
29
20
26
21
29
14
15
24
24
25
14
20
22
25
25
25
24
27
25
13
30
26
33
23
22
24
24
21
26
27
30
28
28
23
27
35
23
28
30
27
36
42
43
44
50
44
48
48
40
32
21
18
24
21
21
28
16
23
23
17
23
16
24
27
17
26
19
23
34
21
22
27
28
14
20
32
23
21
19
30
21
26
21
31
26
23
29
20
24
27
15
33
18
19
22
25
28
22
17
21
27
26
29
15
14
22
23
29
13
24
20
37
20
21
22
17
31
29
33
22
25
27
16
19
32
30
23
25
21
15
28
22
27
25
21
20
20
33
24
30
32
19
28
43
32
28
27
34
18
13
25
21
29
22
22
28
26
25
21
28
25
28
24
26
24
26
23
27
25
19
25
27
22
23
34
23
26
33
27
22
32
24
26
17
32
26
21
22
23
23
23
20
19
24
19
24
19
29
33
16
28
17
23
23
18
29
20
23
25
31
28
21
25
23
23
31
32
23
36
29
34
32
22
24
35
30
28
31
23
24
21
21
30
28
29
27
27
22
33
26
24
22
18
24
24
20
20
29
33
19
29
28
27
22
31
28
18
35
27
29
23
23
21
22
30
23
19
29
17
17
31
19
23
27
22
18
25
25
26
22
21
22
21
18
30
23
21
21
20
23
19
26
19
10
16
34
19
22
18
26
18
27
21
21
28
20
27
37
29
25
26
36
36
19
29
26
21
26
18
24
16
22
22
25
23
20
20
27
12
24
25
24
28
17
19
27
14
13
16
21
24
22
19
30
31
19
21
20
28
21
21
16
26
31
20
18
19
9
25
28
33
24
21
27
12
20
15
24
23
25
27
22
16
21
27
24
25
27
27
24
17
30
27
30
11
19
15
19
22
18
24
19
24
16
21
21
18
28
20
19
23
16
23
30
18
19
26
26
20
15
29
23
22
28
30
32
22
27
20
19
14
21
31
16
29
26
25
21
24
19
23
24
14
28
18
19
20
17
24
25
34
18
27
22
21
23
23
19
18
16
14
22
18
25
26
19
30
21
18
23
23
26
20
21
25
12
15
21
18
24
17
22
16
18
23
19
23
20
20
15
20
22
18
27
12
28
21
19
29
18
13
31
20
20
23
16
24
19
22
20
24
25
21
16
21
17
28
22
19
23
10
18
23
13
20
18
17
17
22
15
27
19
21
19
15
21
21
29
30
26
9
21
19
18
27
21
23
15
14
23
21
24
31
30
27
22
25
34
29
23
27
16
16
19
24
20
29
20
28
19
28
25
22
33
34
24
26
26
21
28
24
18
22
24
27
16
21
33
32
32
34
28
27
20
28
19
34
28
23
23
26
22
29
28
26
28
39
28
27
37
35
33
25
25
28
18
14
19
25
24
20
19
17
26
27
20
30
28
23
18
25
19
18
19
17
19
25
17
19
24
30
20
18
22
20
28
23
17
35
17
18
15
25
14
30
18
22
17
13
22
21
21
26
18
28
22
32
24
17
24
15
19
23
26
15
19
24
24
16
25
22
27
16
22
20
16
26
23
16
18
20
25
16
18
25
22
22
20
27
24
23
17
20
19
22
21
20
21
10
24
19
22
17
14
26
16
25
24
31
34
40
29
22
18
40
30
22
27
23
22
14
30
31
31
21
22
23
13
16
19
16
27
19
22
18
18
21
16
21
15
17
16
18
13
18
19
4
23
22
16
21
30
17
17
17
20
15
21
22
20
12
24
19
22
27
10
22
18
24
18
19
15
27
23
30
28
18
29
29
29
28
18
17
26
23
15
19
16
19
14
18
19
33
20
16
20
17
22
17
26
15
17
20
21
23
16
15
13
13
13
22
18
18
16
16
20
19
24
21
24
20
17
20
17
23
25
17
24
25
20
13
26
17
13
16
18
16
22
20
20
27
20
22
12
21
24
19
19
24
17
13
22
26
19
16
18
23
20
15
20
20
19
13
26
16
27
19
23
15
14
19
22
15
18
15
17
18
21
19
14
21
18
14
16
21
24
19
30
19
15
20
16
31
18
17
17
23
13
15
16
17
21
13
20
18
17
20
11
10
17
29
22
19
18
23
19
24
28
38
39
40
39
37
38
43
44
26
31
20
24
21
28
25
30
23
18
30
16
19
20
22
21
22
14
19
20
19
20
21
23
13
20
12
24
10
24
20
22
13
13
12
16
18
18
10
9
25
25
12
17
20
18
17
21
22
17
20
26
20
12
18
20
20
24
28
21
18
19
23
15
12
11
18
20
15
14
23
22
17
25
17
20
14
21
18
24
18
17
17
23
20
9
18
18
18
20
20
20
23
22
17
16
22
16
15
12
13
14
19
9
18
21
20
15
18
17
11
17
16
10
25
17
19
16
18
14
16
22
19
18
20
18
21
13
21
17
15
17
12
16
20
19
33
24
17
24
19
14
26
19
17
13
11
12
19
15
19
20
14
13
15
19
13
16
24
13
25
11
18
10
19
18
18
23
20
20
13
17
19
16
11
14
19
19
16
17
14
10
23
19
11
9
15
32
25
17
22
21
23
22
22
23
14
24
21
14
21
15
14
20
20
21
15
21
20
26
25
24
22
15
19
18
20
23
11
19
17
12
13
20
28
19
24
32
50
28
60
56
58
64
57
34
37
34
32
14
31
33
19
21
22
18
20
12
27
22
15
14
23
22
14
11
17
20
11
13
17
22
19
15
18
15
13
21
14
26
26
34
28
22
25
30
23
18
27
28
18
18
16
20
18
14
23
20
14
17
14
15
13
14
17
21
17
17
11
12
19
18
11
19
12
18
10
15
15
18
19
13
13
19
15
19
16
17
11
11
16
4
13
9
12
21
24
24
8
11
15
11
20
24
22
14
23
20
12
26
15
20
16
6
17
17
15
17
14
20
19
11
17
13
18
11
17
23
22
17
16
12
14
15
6
20
13
13
14
21
9
15
9
7
14
14
11
12
17
14
15
13
13
15
15
21
17
13
13
13
14
15
19
16
19
15
22
7
14
19
6
14
18
17
10
19
12
17
11
12
17
10
17
17
21
13
10
10
20
17
21
14
19
19
10
26
10
19
11
18
15
14
19
18
13
12
19
23
10
11
11
17
18
11
12
15
15
11
13
13
17
15
17
14
17
14
10
15
19
11
22
16
19
17
8
24
15
16
17
16
18
12
11
22
12
14
23
18
14
24
14
18
21
15
15
17
21
11
18
14
15
14
15
18
23
9
19
14
10
13
11
13
16
10
16
19
12
11
12
15
19
10
12
16
20
17
17
15
15
17
16
19
20
14
17
14
10
14
9
16
12
9
8
14
11
14
16
9
6
17
15
16
11
16
10
17
10
9
12
16
16
15
15
11
22
19
18
12
14
14
13
13
18
15
10
16
17
10
11
13
13
12
20
13
16
13
27
23
15
18
21
12
21
25
21
12
11
11
18
15
19
18
14
26
30
21
27
37
42
27
38
20
11
18
20
20
11
10
15
13
14
17
20
15
11
15
12
21
11
14
16
16
8
17
16
26
11
16
22
8
20
19
13
12
9
17
15
11
12
17
16
17
15
18
14
11
14
14
12
14
16
16
15
12
17
10
10
14
8
14
13
18
16
10
13
13
11
13
16
14
10
16
17
7
8
12
10
13
18
13
10
15
16
16
11
12
8
24
10
10
8
11
11
14
10
13
18
10
16
15
13
12
11
12
10
13
14
14
14
9
19
10
11
14
13
10
11
14
10
18
11
15
15
16
9
14
15
10
13
9
17
16
14
17
17
6
13
14
19
19
15
10
17
22
15
18
26
31
16
21
27
30
16
17
14
16
13
13
15
12
10
17
14
11
15
15
8
17
15
12
11
21
17
16
24
24
26
17
21
22
20
26
28
19
20
16
14
17
11
10
19
19
16
21
11
11
12
8
16
18
10
15
15
11
8
17
17
13
20
12
20
20
17
28
38
56
78
88
120
114
160
161
166
142
86
64
69
52
39
31
20
17
15
13
14
17
10
13
19
23
14
22
21
20
13
19
20
19
14
18
10
15
13
11
13
16
16
15
19
16
21
18
14
22
21
20
20
20
19
18
14
19
13
13
13
14
9
18
14
11
9
9
11
6
12
15
16
14
15
13
9
5
18
11
16
9
13
11
6
13
15
13
11
16
10
20
12
13
13
16
14
17
6
11
11
12
7
7
16
14
14
12
10
17
13
16
12
12
17
12
12
8
11
12
8
7
17
9
15
9
14
12
12
13
12
12
10
14
12
12
8
10
10
9
10
12
17
10
21
17
18
11
13
14
13
14
9
16
10
15
12
17
12
21
22
15
16
10
11
16
12
17
14
16
15
17
22
26
35
28
34
44
34
41
38
21
20
19
20
12
14
9
16
13
8
12
12
8
10
15
10
15
12
13
11
10
13
10
14
11
16
16
11
13
10
9
14
19
11
20
7
14
25
13
13
8
15
15
21
11
13
11
17
23
9
17
14
18
20
12
10
10
16
16
13
13
7
14
14
7
10
13
13
12
9
7
17
16
16
15
21
18
13
15
15
11
13
9
8
15
14
15
11
12
12
11
8
11
17
9
11
9
14
12
15
18
16
10
10
17
18
13
17
12
13
16
15
12
10
15
13
14
11
5
8
16
10
13
4
10
16
13
11
14
11
16
8
8
15
10
10
14
14
8
8
8
15
14
16
17
19
9
11
12
11
12
7
9
7
11
12
7
6
12
11
10
21
12
14
10
19
3
11
16
11
11
10
6
10
13
16
11
14
15
7
11
7
8
19
11
6
11
12
10
13
11
10
10
10
11
10
10
10
15
8
21
15
15
15
22
7
14
16
14
16
15
13
8
12
14
20
16
10
14
12
7
20
19
9
19
10
11
7
9
8
12
16
7
16
9
11
6
7
10
14
7
11
12
15
12
11
13
15
10
21
14
16
19
18
8
11
8
14
8
10
18
13
16
8
10
15
16
13
9
21
16
11
10
4
16
19
14
13
18
14
18
14
14
24
15
33
35
23
31
19
29
19
16
11
19
16
15
11
11
12
12
11
15
10
10
14
16
11
14
15
14
16
9
11
16
14
10
12
11
13
22
14
16
18
10
10
21
17
10
10
17
11
13
12
8
14
10
9
16
7
10
2
8
11
11
8
11
6
7
13
7
16
11
7
16
8
18
6
16
17
9
14
10
14
21
11
8
7
19
17
10
16
21
8
19
17
14
14
11
14
11
8
17
16
12
10
4
8
13
16
7
9
12
13
13
11
9
10
17
13
20
11
15
9
9
8
21
15
14
18
13
9
14
11
18
14
8
13
10
16
5
14
8
10
13
12
13
18
10
10
14
14
12
16
15
17
9
14
10
7
8
13
9
14
11
11
14
18
5
7
11
11
13
9
16
10
13
9
10
7
16
14
9
11
11
12
10
7
16
7
13
11
8
12
13
9
14
17
15
7
7
10
15
13
12
12
12
8
13
13
6
9
12
9
15
9
7
7
7
15
11
9
13
6
12
15
12
10
9
10
8
6
8
12
10
12
7
6
17
15
11
14
11
13
15
23
22
27
22
32
36
33
23
15
19
12
19
14
9
12
11
13
20
13
6
8
7
8
11
10
8
13
15
17
11
6
10
12
16
7
11
10
12
16
12
5
9
14
10
8
11
9
14
18
9
12
14
11
6
14
7
11
10
7
12
8
7
11
15
12
13
11
19
10
6
19
16
10
11
9
12
15
15
17
12
13
7
15
13
17
13
11
8
13
5
10
11
21
8
16
7
5
10
8
9
9
8
7
12
19
14
5
12
12
12
15
10
5
5
12
17
12
7
6
12
11
10
6
14
12
16
7
19
16
9
6
12
12
9
13
14
12
8
12
10
14
11
16
16
12
6
13
10
10
9
13
14
14
14
11
9
17
12
11
13
10
14
8
18
9
8
9
11
15
9
10
9
9
13
12
6
11
10
8
10
7
9
16
9
7
10
11
11
14
10
10
4
6
9
13
11
11
22
10
10
13
11
10
14
11
5
14
10
12
6
7
14
13
10
8
8
14
12
11
10
12
10
11
11
15
9
12
13
11
10
12
13
11
8
4
13
14
11
8
16
9
12
10
13
11
14
8
12
13
13
13
15
15
15
15
13
10
18
11
10
13
11
18
8
10
18
11
11
14
10
10
10
11
13
8
5
8
12
16
10
8
13
13
8
12
11
9
9
14
8
11
14
8
11
14
15
7
9
11
10
10
8
11
8
13
9
11
10
20
14
12
10
13
9
14
13
14
12
14
11
13
12
9
15
6
9
15
10
8
9
6
7
17
9
11
11
7
6
10
15
11
15
10
10
10
17
10
14
14
18
10
11
9
10
13
9
15
12
10
7
13
15
15
15
12
18
15
19
21
13
7
14
12
8
10
6
11
11
10
9
8
8
15
15
14
12
16
17
12
9
11
7
8
6
11
12
11
10
13
10
11
9
15
12
11
9
14
8
13
10
10
14
8
11
12
21
18
12
9
10
10
9
14
6
15
15
9
9
14
15
10
10
6
11
18
7
9
6
2
12
10
13
8
11
8
12
5
7
8
8
12
11
9
9
8
14
9
9
11
4
6
15
16
9
16
9
3
15
9
16
8
10
7
11
11
13
6
9
18
10
13
14
12
13
10
10
9
9
11
12
11
8
8
7
9
11
7
9
9
11
14
12
17
15
8
9
17
13
11
13
9
9
8
11
12
14
8
11
8
16
9
9
9
12
12
6
13
10
4
9
7
9
7
13
7
15
15
12
8
5
7
5
14
14
5
6
12
8
7
16
9
7
12
10
7
6
9
10
13
10
11
4
13
13
9
11
16
11
9
12
18
11
12
10
8
8
7
12
11
12
13
13
11
15
19
6
8
10
15
7
9
15
11
10
10
11
14
12
5
11
9
9
9
6
11
11
12
10
11
8
5
9
14
9
10
16
9
10
9
9
10
13
3
9
11
7
11
8
9
10
14
9
10
7
10
10
5
8
17
9
12
14
8
6
3
14
10
8
8
8
7
6
9
7
13
8
13
8
11
13
17
12
13
10
10
13
10
15
14
12
13
11
11
15
11
20
8
6
11
13
5
9
8
12
13
14
12
6
7
8
9
14
10
12
6
18
11
12
12
14
10
13
8
3
14
5
8
11
9
13
2
12
8
9
9
12
10
13
10
13
7
10
10
14
5
7
8
8
5
12
15
10
8
8
10
9
15
7
13
7
14
15
13
7
11
7
8
11
15
14
15
12
6
10
7
9
10
12
8
8
8
10
13
8
5
9
9
8
8
13
10
11
7
5
15
11
7
7
11
8
10
8
12
9
8
6
9
11
12
5
9
8
7
10
20
7
11
15
9
14
9
8
6
7
6
14
7
11
8
6
18
11
16
9
12
12
11
12
8
11
13
7
12
7
9
5
10
9
6
12
13
10
10
7
8
5
12
7
9
7
11
9
13
8
9
10
18
15
16
12
10
12
13
6
14
6
12
15
8
11
7
16
12
12
7
12
10
5
14
9
8
10
11
5
8
10
8
11
10
12
12
9
9
9
9
6
14
10
12
10
7
9
9
15
9
9
10
10
9
11
12
11
8
9
11
9
12
14
12
11
8
8
12
14
6
14
5
6
4
8
4
12
11
7
11
5
17
6
11
10
8
11
9
19
6
10
2
6
9
5
7
8
8
8
14
8
5
7
12
8
8
11
10
15
12
13
8
9
12
13
12
7
12
10
8
5
11
6
10
8
3
15
16
8
5
15
8
4
8
10
4
12
5
7
11
7
17
7
8
12
10
7
10
15
10
22
7
7
7
17
8
8
21
11
14
4
12
11
11
7
10
3
10
7
12
9
12
4
7
11
10
11
10
9
12
9
8
9
8
15
6
14
11
6
11
16
9
9
5
11
10
8
8
11
15
15
11
9
8
9
10
13
10
13
7
11
5
10
7
10
5
6
11
9
5
7
5
7
9
13
3
11
4
10
7
7
10
8
9
14
12
10
10
10
10
8
11
8
7
11
14
11
9
11
8
6
15
8
5
3
8
12
8
9
8
16
16
3
4
8
5
12
8
9
15
6
8
8
9
8
10
6
3
12
4
7
9
8
12
3
14
9
5
15
9
7
10
16
3
8
8
8
3
9
5
12
11
13
9
8
11
11
3
4
5
11
7
11
6
10
12
9
16
6
14
14
8
9
9
10
12
7
14
10
9
10
12
4
5
6
5
11
6
10
9
5
9
7
12
5
6
14
6
7
9
13
9
12
5
6
9
9
5
6
10
11
9
5
2
8
8
9
7
9
6
11
10
9
7
8
12
4
13
6
6
10
5
10
5
6
10
8
3
7
12
8
5
5
9
8
9
6
15
12
8
8
12
9
6
4
14
11
9
13
17
6
9
5
7
10
17
12
15
11
10
9
7
7
5
6
8
7
5
7
6
7
11
8
13
11
12
7
5
7
13
12
10
6
10
5
10
8
11
10
3
3
7
8
10
7
12
10
5
5
8
6
8
8
6
8
6
8
12
7
12
11
2
12
10
5
7
16
6
10
8
8
6
13
13
6
10
10
11
5
11
11
8
8
10
12
11
6
10
8
6
5
10
5
13
10
6
12
7
4
10
5
12
6
5
8
7
10
6
10
5
5
7
14
9
17
10
6
14
7
6
3
7
8
9
5
7
7
7
6
11
8
9
10
12
6
6
10
10
7
8
12
6
8
3
9
10
7
11
7
9
11
10
6
6
15
8
5
11
9
9
8
10
9
9
8
10
13
7
11
6
8
7
9
11
7
7
8
10
11
4
7
7
10
11
9
7
6
11
12
2
9
3
7
10
3
9
13
5
4
7
10
14
10
6
8
11
11
8
5
16
14
14
15
9
10
11
10
7
12
10
16
7
13
11
10
8
6
10
9
12
10
7
12
13
5
6
8
15
9
22
3
12
7
6
10
5
10
7
7
7
9
10
12
5
7
6
6
4
14
16
8
11
9
10
10
8
12
5
14
5
11
7
12
4
5
7
13
9
6
6
6
11
6
6
5
6
8
7
6
10
9
6
6
11
9
5
10
11
4
9
8
10
11
3
8
4
9
7
8
8
7
9
3
11
5
12
4
6
7
4
8
7
8
16
9
8
8
13
10
8
10
11
4
12
9
5
8
4
8
9
6
6
2
11
7
4
11
13
10
5
10
1
10
4
11
8
8
7
9
8
9
7
8
6
8
6
6
6
8
7
6
10
4
8
5
5
3
9
17
5
5
5
8
10
13
13
11
10
9
10
7
12
6
6
11
6
9
15
5
9
9
10
8
8
10
7
9
4
7
8
9
10
10
6
10
8
10
15
8
6
9
10
4
11
7
6
8
5
6
6
7
13
9
5
6
7
14
5
5
8
11
11
5
13
6
7
4
4
10
9
15
9
5
10
7
3
5
7
2
6
4
18
10
7
8
5
9
9
3
10
10
9
8
9
7
5
9
13
9
5
9
12
8
4
7
8
10
6
6
7
9
9
13
5
4
11
4
8
9
10
9
12
9
8
7
6
14
4
3
5
7
5
7
6
5
7
6
10
8
6
7
7
9
6
6
9
8
10
14
8
4
6
5
10
10
7
12
9
5
5
5
5
5
9
8
9
5
11
9
6
3
8
6
9
8
4
7
9
8
9
6
6
12
5
2
5
6
8
5
12
8
8
6
13
9
5
10
11
4
10
3
8
3
8
9
5
10
4
4
7
13
11
5
13
10
4
7
8
8
9
5
10
6
12
3
8
6
8
5
5
4
9
8
10
12
7
5
9
11
8
15
5
5
9
5
9
14
9
7
5
13
2
8
10
6
7
8
4
4
8
9
8
6
8
6
3
3
5
9
12
11
5
7
7
4
7
5
7
9
11
11
7
6
5
9
7
7
10
1
8
10
6
8
9
7
6
7
8
7
9
11
8
11
13
3
12
7
4
6
9
11
8
8
11
6
9
11
13
6
10
10
6
12
10
11
4
10
15
4
7
11
9
13
11
10
8
8
7
5
7
9
8
6
11
5
4
12
14
10
7
10
7
9
7
6
6
8
4
7
9
8
7
6
4
8
10
9
6
5
6
9
5
9
10
7
8
8
9
7
7
7
3
4
2
8
15
8
6
2
8
9
7
6
6
4
7
11
4
3
5
3
13
8
6
8
9
10
5
10
7
2
9
7
7
7
6
10
10
11
8
3
6
10
13
6
10
6
3
11
13
9
10
10
5
11
15
8
12
13
11
10
9
9
8
7
11
1
7
9
11
9
8
1
9
15
8
14
11
15
13
17
9
9
10
11
11
7
5
7
4
8
6
4
7
8
4
3
7
7
5
7
7
8
7
7
5
6
11
7
4
9
12
5
6
3
8
5
3
3
10
4
4
5
7
3
5
4
6
4
7
6
11
6
8
5
3
11
9
5
7
5
4
6
5
5
10
4
7
9
7
11
8
3
5
9
7
6
11
7
2
5
2
9
10
5
6
8
5
4
6
8
9
10
2
8
0
5
2
4
6
10
1
11
8
9
8
7
6
5
11
7
7
10
7
8
9
7
9
7
8
9
6
7
5
8
11
8
5
7
13
5
12
9
6
8
5
10
7
9
14
10
6
11
6
10
8
6
5
9
8
6
6
11
11
5
8
8
10
5
5
6
5
7
5
4
14
5
6
4
9
10
10
10
4
6
5
13
10
13
12
7
9
6
6
7
9
10
4
9
5
7
12
3
10
6
12
10
8
11
4
8
11
4
10
7
4
11
3
9
5
7
9
8
11
6
6
4
7
9
5
8
1
12
4
5
6
9
7
3
6
10
6
7
10
7
8
9
9
9
7
4
6
6
6
6
12
9
3
6
6
3
8
9
7
6
5
4
6
6
6
3
8
6
6
6
6
6
6
4
7
9
6
6
6
5
4
6
6
3
13
8
8
7
6
10
5
6
9
8
3
6
7
6
5
4
5
13
6
5
8
11
0
5
6
4
11
6
13
5
9
7
5
8
9
12
5
10
6
7
8
8
6
4
5
2
6
8
6
4
5
8
12
3
7
3
5
9
7
6
5
4
6
2
12
5
11
5
6
8
6
4
6
6
5
3
4
9
5
3
9
7
2
8
5
8
6
10
10
7
7
7
6
5
8
9
4
4
11
6
5
2
7
10
6
5
5
8
7
8
7
10
6
6
7
5
11
9
7
5
12
8
7
6
4
4
5
7
7
8
8
8
6
6
7
7
9
4
15
7
6
6
12
7
12
5
9
4
7
7
10
11
3
8
7
7
10
10
6
12
9
4
5
9
8
5
7
5
8
8
7
5
4
8
5
6
6
6
5
3
8
5
3
6
9
11
6
7
7
10
5
5
3
5
8
7
7
3
9
5
4
3
7
9
6
3
9
9
13
5
5
11
6
9
7
8
7
7
7
7
9
5
4
6
6
10
3
7
4
3
9
7
4
4
4
5
10
5
6
7
9
4
6
10
10
6
7
9
9
6
4
4
5
6
8
9
5
8
5
7
7
4
15
9
5
4
8
9
9
8
7
4
8
4
12
3
9
5
5
10
6
5
6
6
6
7
4
5
11
4
4
3
8
5
4
5
2
5
6
5
1
8
6
2
7
7
9
7
8
5
4
10
7
4
6
5
5
5
6
7
11
4
3
7
5
6
10
3
9
9
5
8
6
6
3
4
10
4
5
8
7
9
6
2
9
6
6
9
8
7
4
6
7
6
8
7
3
9
7
6
5
6
7
4
4
9
7
7
7
6
3
10
5
4
5
2
6
6
7
10
4
13
6
4
11
10
12
14
10
15
9
9
8
14
6
5
6
4
3
5
8
10
5
8
4
5
8
10
8
8
5
5
1
5
5
2
4
10
8
6
6
9
7
5
5
4
5
7
3
6
6
8
4
13
8
8
4
7
5
4
2
6
7
5
6
9
7
2
5
3
8
7
6
10
4
6
8
9
5
7
3
7
4
5
2
7
9
1
7
8
5
5
5
6
14
12
3
6
6
13
5
6
9
8
6
7
3
8
4
5
8
0
7
6
6
5
6
7
2
6
8
4
9
6
5
4
6
7
7
9
2
3
4
9
4
4
12
13
7
8
4
10
11
3
9
4
7
3
9
3
12
5
10
9
9
5
4
7
12
4
8
2
7
6
7
7
2
4
11
3
13
5
7
4
5
8
6
11
5
4
9
7
10
11
7
9
5
5
7
4
2
5
7
1
5
10
7
6
11
8
5
6
5
7
5
8
10
5
2
3
8
8
6
6
3
4
5
4
5
9
3
6
5
6
3
10
6
6
5
3
7
8
4
2
4
10
3
5
7
4
8
2
8
6
5
9
8
5
5
6
3
3
5
8
6
9
3
3
4
11
6
4
4
6
6
8
5
3
9
9
4
7
9
7
2
3
9
8
6
6
6
4
2
6
11
9
3
3
8
7
6
4
6
8
9
8
5
5
4
4
4
3
5
5
3
5
7
6
4
4
9
5
2
4
6
8
7
4
6
4
8
11
7
5
5
3
8
8
4
3
7
5
3
2
8
4
2
5
4
5
4
5
6
4
5
1
2
7
9
6
8
9
10
3
3
4
7
5
5
3
4
6
3
3
4
3
3
6
3
6
6
7
3
5
2
4
8
6
7
6
7
11
6
9
4
4
5
8
14
7
6
7
7
7
16
5
4
4
3
5
5
5
2
8
5
6
3
2
9
9
7
5
5
10
6
4
9
6
4
5
17
5
6
8
3
10
8
6
9
7
5
3
9
4
7
10
5
4
7
3
8
13
9
7
7
6
10
3
6
8
2
2
5
6
6
6
3
5
3
4
4
5
3
7
7
7
5
5
7
4
3
9
7
8
2
6
3
5
4
6
5
9
4
2
10
9
6
7
3
6
3
3
6
7
0
5
14
8
7
5
2
5
4
2
6
4
7
5
3
6
4
7
4
4
6
4
3
10
6
4
11
7
7
6
4
4
2
6
5
3
8
6
4
11
8
9
3
8
1
9
3
7
3
5
8
2
8
6
7
8
4
6
7
5
9
6
6
7
7
8
7
8
8
3
3
7
3
5
5
7
3
7
2
6
10
6
3
9
3
3
5
6
4
5
4
6
6
6
3
7
4
4
9
7
4
7
2
8
5
11
10
4
8
6
2
4
2
9
9
8
6
5
3
9
4
2
4
7
6
3
9
7
5
7
6
2
4
5
7
7
9
4
7
3
2
4
8
4
4
3
6
3
2
3
6
1
4
8
4
3
2
2
7
4
6
3
3
8
5
8
10
1
5
1
1
4
4
5
9
5
9
6
4
1
9
5
5
5
5
5
7
6
6
9
2
6
7
3
12
5
8
6
7
6
3
5
1
5
2
6
6
6
6
7
5
5
7
8
9
3
8
9
8
9
9
7
10
9
8
6
6
8
9
7
3
7
5
6
7
3
8
5
7
3
6
5
7
9
4
6
8
0
7
2
2
4
10
7
5
4
6
2
5
8
10
11
12
6
10
4
6
5
6
7
3
5
7
7
5
9
5
12
5
7
4
1
9
5
7
7
3
5
5
1
6
5
4
5
6
3
8
5
1
8
2
6
3
6
6
6
4
6
8
5
4
8
3
8
3
3
8
4
4
3
6
5
3
4
8
6
10
3
4
2
5
5
7
6
6
7
6
4
2
5
3
5
5
4
2
6
7
2
4
4
6
9
2
4
1
4
6
5
5
7
7
5
10
11
8
5
6
3
7
3
4
2
7
5
4
4
5
7
11
2
6
3
5
4
3
4
9
5
15
6
7
9
6
3
4
4
2
2
3
7
5
4
7
5
7
0
3
4
6
7
5
6
6
5
5
6
7
5
4
4
4
6
4
7
7
3
8
3
2
5
2
8
5
8
9
4
9
8
1
6
5
10
5
6
5
5
7
8
4
4
3
6
4
3
5
5
8
4
8
5
5
1
10
6
5
2
5
2
7
5
5
4
5
6
7
4
5
5
6
8
6
11
1
13
7
2
9
6
11
5
1
3
6
4
5
7
1
4
6
8
7
5
6
6
5
4
1
3
5
6
7
4
6
5
7
7
9
6
4
7
5
8
5
4
6
4
4
8
5
6
3
6
8
3
6
5
3
3
2
3
3
2
1
3
4
5
2
2
5
3
5
7
6
5
6
6
4
4
6
3
2
5
4
5
3
4
7
8
3
4
7
9
7
3
6
7
6
1
7
5
3
4
3
2
10
6
5
8
5
8
4
4
3
5
2
5
5
3
4
3
6
6
5
5
8
4
7
4
6
4
7
5
7
5
4
1
4
4
6
1
3
4
5
4
3
7
4
6
2
2
4
3
6
3
6
6
1
3
2
4
6
4
8
8
4
5
5
6
4
4
3
10
6
6
9
5
6
5
5
5
4
6
5
9
5
5
2
3
4
8
7
6
8
5
3
3
9
6
3
6
6
3
6
5
8
12
6
8
9
4
10
6
7
12
6
9
7
8
3
5
5
3
5
9
4
4
10
4
4
5
7
4
1
8
7
6
3
4
5
6
4
4
1
1
5
4
2
5
3
2
5
3
1
3
6
2
3
4
6
4
7
7
2
3
6
7
7
7
5
3
5
6
5
7
4
3
2
4
4
4
4
2
3
5
3
3
3
7
4
4
7
4
2
7
6
4
6
3
7
4
9
9
3
8
9
7
7
10
5
4
5
8
8
7
9
5
3
9
6
4
3
3
7
2
7
5
10
3
6
2
2
3
4
1
5
4
3
6
6
5
2
3
4
4
8
8
1
4
2
6
4
3
5
10
3
5
6
5
3
5
9
4
4
3
6
8
7
6
6
1
2
5
5
2
7
1
6
5
3
9
5
4
6
9
5
2
5
6
2
7
3
3
8
4
6
3
3
7
9
5
4
6
3
8
4
4
3
9
3
3
5
3
4
3
8
6
3
3
2
2
2
4
5
5
4
5
9
5
2
5
4
5
4
3
4
1
7
5
4
5
1
11
6
3
5
2
4
8
4
4
7
9
4
2
7
11
5
6
2
3
8
7
6
2
10
3
7
3
9
5
5
5
3
3
5
3
5
2
0
2
6
5
1
1
1
2
5
3
3
6
3
4
7
3
2
4
6
1
2
6
5
4
5
5
7
3
6
2
3
1
4
6
6
3
7
5
3
3
7
7
4
5
5
3
1
4
2
4
6
4
2
5
5
3
4
5
4
5
4
6
0
6
8
4
4
3
4
5
3
9
8
2
4
1
5
6
4
2
5
5
6
5
2
4
5
7
3
4
1
2
3
4
9
3
5
2
0
7
4
3
6
3
3
8
4
3
3
6
2
6
3
4
4
3
9
5
4
3
5
3
5
3
5
5
2
9
8
5
4
8
3
6
3
2
4
7
6
7
0
2
2
5
0
2
7
6
5
3
5
4
3
5
3
2
4
5
4
5
8
4
7
4
5
5
8
5
6
5
11
10
7
5
4
7
1
6
7
8
9
8
2
8
5
12
7
6
3
3
5
3
3
5
7
7
6
7
6
2
2
5
6
5
1
4
5
4
5
4
4
4
5
5
3
1
4
6
3
6
2
6
2
5
6
4
8
3
5
3
4
2
3
4
1
4
7
2
6
5
2
5
11
10
5
3
4
1
6
6
4
1
5
6
7
4
2
6
7
1
6
3
2
6
3
2
2
3
1
3
8
1
7
5
4
5
6
5
6
3
5
4
4
1
8
6
3
5
8
2
5
5
2
2
6
3
2
8
5
7
8
3
7
10
5
7
5
12
8
7
8
5
6
4
5
2
3
7
4
3
3
9
1
3
4
11
2
2
3
4
5
5
6
3
7
4
4
6
6
0
3
2
8
2
1
2
2
7
6
5
4
4
5
5
6
2
4
2
5
2
1
4
5
1
3
2
6
3
2
4
1
5
5
5
9
8
7
4
3
3
6
6
1
4
2
4
3
7
4
3
2
8
7
1
2
4
4
2
6
2
6
5
3
6
7
7
1
7
5
6
3
4
2
6
1
7
4
4
2
6
8
1
2
4
9
4
6
8
5
4
3
3
8
4
5
3
5
2
1
5
5
2
2
3
4
4
4
2
2
4
1
3
3
3
4
2
2
7
5
1
2
6
5
3
6
0
4
2
1
5
2
4
6
6
6
6
5
5
7
2
1
3
10
6
3
2
2
3
2
2
5
2
6
2
5
2
4
8
4
4
4
5
6
4
6
1
2
4
3
3
5
2
6
2
3
4
3
3
4
2
3
2
5
0
4
7
2
4
4
5
3
4
3
8
2
4
5
1
8
4
2
2
6
1
3
5
6
3
3
5
3
5
6
2
4
4
4
5
6
7
5
3
2
4
3
7
3
1
4
2
5
2
5
4
2
7
6
7
1
3
1
8
3
3
5
7
4
8
2
8
5
4
5
8
5
3
4
7
5
1
3
2
1
2
6
2
7
4
3
3
5
1
2
5
1
2
1
4
4
3
2
2
2
5
3
4
3
2
4
6
9
4
3
4
6
3
6
5
7
2
0
5
6
4
2
5
3
3
2
4
1
4
5
6
4
6
3
2
3
3
3
0
3
4
10
4
3
3
3
3
2
5
2
3
4
3
2
3
4
3
3
4
6
2
5
3
2
6
3
4
7
7
2
1
1
1
5
3
2
3
3
1
3
3
2
1
4
2
6
8
3
5
2
5
5
7
3
8
4
7
8
5
2
5
2
5
7
3
2
5
4
7
6
1
3
6
7
6
1
2
4
6
6
6
2
7
4
6
3
4
3
3
7
6
4
6
0
3
1
3
2
3
5
6
6
0
3
3
6
3
4
4
3
4
3
5
1
2
4
3
5
2
3
2
4
1
5
3
4
4
4
2
4
3
3
1
3
2
1
7
4
9
5
2
6
4
2
4
7
3
3
3
0
1
1
5
5
1
5
4
2
3
4
2
10
7
6
2
3
5
4
8
4
4
4
3
1
4
2
2
4
3
8
4
1
3
3
4
10
5
2
3
5
1
5
0
0
3
1
3
4
4
6
4
3
4
0
2
3
3
3
5
2
7
2
4
2
8
3
3
4
2
5
2
1
2
1
4
2
2
1
6
1
5
0
2
1
4
2
4
1
3
1
4
6
2
3
3
3
3
3
3
2
5
5
2
5
2
2
4
3
2
5
6
4
6
6
6
8
6
8
8
5
7
6
8
7
7
9
9
3
6
5
3
4
5
3
5
6
3
0
6
4
4
4
1
4
3
7
2
5
5
4
5
6
0
0
7
3
3
3
2
2
2
2
2
3
5
3
2
1
3
2
1
4
5
3
2
2
1
4
5
2
3
0
3
3
3
1
5
5
2
4
2
2
7
10
7
5
7
8
5
3
5
8
3
1
3
4
3
5
3
4
5
3
2
2
2
8
4
4
1
5
1
2
3
4
3
3
2
4
3
4
9
4
3
7
5
4
4
3
1
2
2
1
5
5
4
3
0
6
5
3
3
4
3
0
4
3
3
7
3
3
2
3
0
5
6
6
3
3
6
3
5
11
7
4
5
1
4
5
3
2
1
1
1
4
5
2
5
2
3
3
1
2
3
4
6
3
4
0
5
3
4
5
2
7
2
5
4
5
5
5
3
3
4
2
3
3
6
4
3
1
3
1
5
0
3
0
3
3
5
2
2
1
1
0
4
5
3
3
5
3
3
6
1
4
3
4
4
2
6
4
3
4
3
4
2
1
1
3
2
2
3
2
5
5
6
2
4
4
4
4
2
3
4
8
4
6
9
5
7
11
6
7
2
4
6
1
2
5
6
2
5
5
4
4
2
2
3
4
2
3
4
1
4
1
3
3
3
3
3
1
1
5
4
2
2
5
2
3
0
3
2
4
1
2
0
6
3
1
1
7
2
1
3
2
2
3
2
2
2
4
4
6
1
0
1
1
2
1
3
6
4
4
5
2
0
2
2
5
1
2
3
1
1
3
5
1
1
4
6
6
5
7
6
3
9
6
6
5
7
4
3
4
6
6
2
3
4
4
4
5
4
3
4
4
4
4
3
2
3
2
2
1
4
1
2
2
5
3
3
8
5
2
2
3
7
4
3
4
5
2
5
1
5
1
2
9
4
1
7
3
3
5
2
3
3
2
3
1
1
4
1
3
2
2
7
4
4
6
5
3
3
1
1
1
8
1
2
4
4
4
3
0
5
4
4
2
1
4
2
1
3
2
4
5
2
3
3
4
4
4
1
3
1
2
3
7
2
0
2
2
9
1
5
2
1
2
2
5
4
1
2
4
2
2
4
1
5
3
4
3
2
4
6
3
2
3
6
3
3
6
5
3
5
2
4
2
4
2
2
2
2
8
2
4
4
5
4
1
3
4
3
1
5
5
1
8
3
1
3
4
5
3
4
3
3
2
2
6
2
2
2
5
1
0
2
5
0
4
5
2
3
1
1
3
4
7
1
2
3
2
1
2
3
3
6
1
3
3
3
4
1
3
4
1
3
3
1
2
7
5
1
2
2
1
1
3
5
3
2
1
5
3
1
2
0
0
4
6
2
0
3
5
1
1
4
3
2
5
3
8
7
2
3
2
3
2
4
4
4
1
2
1
4
2
3
2
3
6
4
6
6
2
0
8
1
7
2
4
2
8
5
4
4
2
3
1
4
3
2
3
4
9
2
5
3
5
2
2
0
0
1
6
2
2
1
3
3
1
2
3
1
4
1
2
3
2
1
4
2
4
2
5
2
2
4
0
4
5
3
1
1
4
5
2
2
6
0
2
5
3
4
2
4
3
3
6
4
5
2
5
5
4
2
7
1
1
2
4
6
3
3
4
4
6
3
3
6
4
2
5
2
5
6
5
2
2
6
3
3
3
1
1
3
3
0
3
1
2
3
3
3
3
1
3
1
3
4
1
2
2
1
2
1
4
2
2
1
2
3
7
2
5
0
1
3
3
5
3
3
2
5
4
4
4
2
8
5
5
6
5
6
2
4
2
1
4
0
6
2
2
2
4
3
4
4
3
4
2
5
5
6
2
1
5
6
6
2
1
2
0
3
3
1
3
4
3
4
2
5
3
1
3
4
2
1
3
0
2
3
3
3
3
6
4
3
4
3
1
5
4
1
1
3
1
7
0
1
3
1
3
4
2
4
1
1
2
3
2
2
2
5
3
2
0
2
3
1
2
4
1
4
2
2
4
3
1
3
2
1
3
4
3
5
2
1
6
3
3
4
6
1
3
4
4
1
3
5
0
3
1
4
0
4
3
0
2
0
3
2
5
1
2
1
4
6
4
3
3
2
2
3
0
7
2
2
1
5
1
4
3
5
1
5
1
1
2
6
1
4
0
3
4
1
2
3
2
3
1
4
9
4
4
5
6
4
6
8
6
3
4
4
3
1
4
5
4
8
7
1
7
7
5
9
4
2
10
7
4
4
6
2
2
3
2
2
1
1
1
6
2
4
0
1
4
5
4
2
5
1
2
2
3
1
4
2
3
1
1
1
0
4
5
2
1
5
1
2
3
2
6
2
3
1
0
2
2
2
1
2
1
4
1
1
5
0
1
5
2
0
1
3
3
0
1
3
3
3
2
3
5
3
0
3
2
2
2
2
5
4
1
0
0
2
2
2
2
3
1
3
3
0
2
4
3
0
2
1
0
1
2
2
3
3
4
6
1
3
3
3
0
0
2
3
3
7
3
3
2
2
1
5
3
2
4
4
2
4
4
3
3
0
1
3
5
3
2
5
1
2
4
4
2
1
1
1
1
1
1
2
3
1
5
4
0
1
1
3
1
1
1
3
1
4
2
2
1
3
4
6
9
2
3
5
2
4
2
1
3
2
2
4
3
2
2
1
5
4
2
2
3
1
4
2
5
4
1
3
6
2
4
1
0
3
3
2
1
3
3
3
3
5
5
1
2
0
1
2
2
4
1
4
2
3
3
4
7
1
2
0
4
2
0
3
0
5
4
2
3
3
2
3
2
1
1
2
1
4
3
3
1
3
7
2
6
2
2
4
1
1
4
4
3
2
1
1
3
6
4
2
0
4
2
2
2
3
2
3
0
1
2
2
2
1
1
1
0
3
3
1
4
5
1
1
3
0
3
3
0
3
1
2
2
1
0
2
1
2
0
1
2
4
2
3
4
2
3
0
2
0
3
0
2
4
5
2
1
1
2
3
3
0
7
2
5
2
2
2
2
2
0
0
3
3
0
3
1
4
1
1
2
1
1
5
1
1
2
2
3
1
4
2
5
1
5
0
8
2
1
7
1
4
6
2
0
4
3
2
2
5
2
2
2
2
2
2
2
2
1
2
2
3
2
1
2
3
1
1
2
3
3
3
2
0
3
2
0
4
2
3
3
5
2
1
2
1
1
4
2
3
0
3
1
1
0
2
1
5
1
1
2
4
0
0
1
1
1
3
2
2
0
2
5
3
8
2
3
2
2
2
5
2
0
5
3
1
4
0
1
2
3
3
2
3
2
2
1
1
1
2
3
1
2
3
6
1
4
5
0
3
2
5
3
4
4
4
3
4
1
1
2
2
3
0
3
5
2
1
1
5
2
2
4
3
3
3
0
2
2
3
1
1
1
1
5
2
3
2
4
1
3
4
1
5
6
1
2
2
3
3
1
3
1
4
7
0
4
1
6
4
0
0
1
1
4
0
0
2
2
0
5
2
4
5
4
2
0
7
2
1
2
1
2
2
2
1
1
4
2
7
1
6
2
0
9
2
5
3
3
1
4
6
4
1
2
1
3
4
2
1
1
2
3
2
6
3
0
4
3
2
1
0
0
3
2
2
3
5
5
3
4
5
3
1
0
3
1
0
0
4
1
3
3
2
2
1
1
3
3
3
4
2
1
1
5
1
3
5
3
2
5
1
2
2
4
0
2
5
1
2
4
4
0
5
2
4
0
0
3
0
1
4
0
4
1
1
3
1
7
2
0
1
4
0
1
0
4
1
0
3
1
2
1
2
2
6
2
4
5
4
2
0
1
5
2
0
3
2
2
3
2
3
4
1
5
3
2
3
2
2
1
5
4
2
2
2
2
3
3
4
1
3
5
1
0
1
1
1
1
1
2
1
1
1
2
3
3
3
0
1
2
3
4
0
3
2
2
3
2
3
1
0
0
2
0
1
1
2
1
3
3
5
2
1
1
1
4
1
3
2
1
2
3
2
2
1
0
2
3
2
3
0
0
0
4
5
3
3
2
1
1
1
1
3
3
1
4
2
1
2
5
4
3
3
2
2
1
1
0
2
3
1
2
2
2
3
0
5
0
5
1
1
2
0
3
2
0
1
2
3
1
3
1
2
3
1
4
2
2
2
1
3
2
2
2
5
2
3
3
3
3
2
2
0
0
1
2
1
2
3
5
3
1
1
3
1
1
6
2
5
2
1
2
1
0
7
0
2
1
1
1
2
0
5
1
4
0
6
1
3
2
2
1
1
3
2
2
3
2
3
4
2
4
2
4
4
3
3
5
4
3
5
1
8
3
0
0
2
0
1
1
2
3
1
4
1
2
1
4
2
3
1
0
0
3
0
3
3
0
2
4
2
2
2
2
2
3
2
2
5
4
0
6
1
2
4
3
0
2
3
2
1
3
2
1
3
0
1
3
0
4
5
5
4
3
3
4
1
1
2
2
1
1
2
0
0
0
4
2
2
2
1
1
2
2
2
5
2
0
3
1
2
2
2
1
2
3
2
0
0
2
4
1
1
4
2
4
1
3
0
2
4
2
0
0
1
0
3
2
1
1
2
5
3
2
2
5
2
3
2
1
3
1
2
2
0
1
1
7
4
3
2
3
0
4
2
1
0
3
1
3
1
3
2
2
3
1
1
5
0
0
1
2
1
0
2
2
1
0
1
6
0
2
2
0
3
1
1
2
1
0
1
0
1
0
7
1
0
5
1
2
1
2
1
2
2
2
2
1
3
1
0
2
2
3
0
2
1
1
1
1
1
0
2
4
2
3
3
1
2
0
2
2
4
1
3
4
1
2
2
2
4
3
2
4
0
4
2
2
2
7
2
2
2
3
2
0
1
3
0
2
0
1
2
3
1
1
2
7
7
2
1
1
2
1
3
1
4
3
3
1
2
1
2
0
1
1
1
1
1
2
3
5
2
1
1
2
4
0
1
2
2
5
2
3
2
1
1
1
0
1
2
0
3
2
2
2
1
1
5
2
3
3
0
2
4
3
0
0
1
2
1
3
1
1
3
3
0
3
4
2
1
1
0
1
4
1
5
1
4
1
0
2
4
0
1
3
3
1
4
1
4
1
3
5
2
0
1
3
3
2
3
1
4
0
2
2
1
0
3
3
1
1
3
5
1
0
0
4
1
3
2
2
1
0
3
1
1
1
0
2
2
1
1
0
3
1
4
0
3
0
1
0
3
3
0
3
1
2
2
1
1
1
0
2
2
3
1
2
1
1
2
1
1
0
1
1
1
2
0
3
0
3
2
4
3
1
1
2
0
1
4
0
3
3
0
3
3
0
3
1
3
2
0
3
3
2
1
2
1
2
0
3
3
2
2
2
2
0
1
0
2
3
3
0
4
0
1
2
2
2
3
0
2
1
3
2
2
2
2
2
1
3
2
3
5
0
0
2
1
2
2
1
0
3
2
1
4
3
0
4
2
0
2
0
3
3
2
4
2
1
0
5
1
1
2
1
0
2
0
0
2
1
1
1
4
5
2
1
0
2
2
3
2
1
0
4
1
2
4
2
3
3
2
6
3
1
2
3
0
2
1
0
4
3
3
0
0
2
1
1
1
1
1
4
2
1
2
2
2
5
2
3
5
3
1
5
0
2
0
2
0
1
2
0
2
3
0
3
2
3
6
2
4
2
1
1
3
3
1
2
1
3
1
5
4
0
4
5
1
1
1
1
5
3
1
3
3
3
4
4
1
2
2
3
3
1
1
0
1
0
1
2
3
3
1
2
2
4
1
2
2
1
3
3
2
3
2
1
2
0
0
2
1
0
1
0
3
0
2
4
4
2
0
3
2
2
1
3
1
2
2
2
5
5
2
5
2
0
1
0
1
1
1
3
1
1
1
6
2
0
0
1
0
1
0
3
1
1
3
4
2
1
2
2
1
3
2
2
1
2
1
0
1
0
2
2
0
0
0
1
2
1
1
0
0
0
1
0
2
0
2
1
4
1
3
1
1
1
1
1
0
2
2
1
2
1
3
1
0
2
4
5
1
4
0
1
1
2
1
1
0
2
2
1
1
3
1
1
2
1
2
1
1
3
4
2
3
2
4
2
0
4
1
4
2
5
6
2
3
3
2
2
2
2
0
3
2
2
0
0
6
4
2
3
0
0
3
2
3
1
1
2
3
3
1
3
2
0
0
2
2
2
2
2
0
1
0
1
2
1
0
1
2
0
1
2
0
2
1
4
1
4
1
0
3
5
1
3
3
3
5
2
0
6
3
2
0
2
1
2
1
5
1
2
2
0
3
1
3
3
5
2
2
0
1
2
0
1
2
0
0
2
2
0
1
2
0
1
2
2
1
1
0
2
1
2
0
0
2
0
2
0
2
2
2
1
3
2
1
1
2
1
2
2
2
1
2
1
0
3
3
1
2
1
1
2
2
3
2
2
2
1
3
2
3
2
1
1
0
3
2
2
1
1
2
3
0
1
2
1
2
3
2
2
4
2
1
0
1
3
1
0
0
2
1
2
2
3
0
3
0
1
3
1
3
4
3
2
1
0
2
1
1
2
0
3
2
4
1
3
2
3
1
2
3
3
3
2
1
1
1
4
2
1
4
1
3
1
2
0
0
0
1
2
0
2
4
1
1
4
2
2
1
1
1
2
1
1
0
1
3
1
5
0
0
2
1
2
0
2
2
2
1
1
5
0
1
1
0
3
0
0
1
1
1
0
2
1
2
4
2
3
2
3
2
3
3
4
1
2
0
2
4
4
2
5
3
4
3
2
3
3
1
3
1
1
2
0
4
1
3
3
3
1
2
3
0
2
3
1
1
2
0
2
1
2
2
1
2
1
3
2
2
1
3
0
0
1
1
4
2
2
1
0
0
0
1
1
2
2
2
0
2
3
0
1
1
1
4
2
1
0
6
2
2
1
4
2
0
5
1
3
2
1
1
0
2
1
0
2
1
4
1
2
0
0
0
2
1
1
0
0
1
2
1
2
0
1
1
2
0
0
2
2
1
0
1
1
3
2
2
1
1
4
2
4
1
3
3
0
4
0
1
0
1
3
3
2
1
2
1
1
1
1
3
2
0
1
1
2
1
0
2
3
2
1
0
1
1
1
0
1
2
1
3
0
1
3
0
2
0
2
3
2
2
0
2
2
1
2
2
3
2
1
1
2
0
1
1
3
2
3
3
2
3
0
1
0
0
5
1
2
2
2
1
1
2
1
2
1
0
0
4
1
5
3
3
1
1
0
5
5
2
2
3
0
3
0
1
3
0
0
$ENER_FIT:
0.3353 0.194567 7.764071e-09
$MCA_CAL:
3
0.3353 0.194567 7.764071e-09
$SHAPE_CAL:
3
0.0000 1.000000e+00 0.000000e+00
$ENDRECORD:
