$SPEC_ID:
Shot 139
$MEAS_TIM:
234.00000 319.00000
$DATE_MEA:
08/27/2021 14:57:34
$DATA:
0 16383
0
0
0
0
0
0
0
0
0
0
0
0
0
0
0
0
0
0
0
0
0
0
0
0
0
0
0
0
0
0
0
0
0
0
0
0
0
0
0
0
0
0
0
0
0
0
0
0
0
0
0
0
0
0
0
0
0
0
0
0
0
0
0
0
0
0
0
0
0
0
0
0
0
0
0
0
0
0
0
0
0
0
0
0
0
0
0
0
0
0
0
0
0
0
0
0
0
0
0
0
0
0
0
0
0
0
0
0
0
0
0
0
0
0
0
0
0
0
0
0
0
0
0
0
0
0
0
0
0
0
0
0
0
0
0
0
0
0
0
0
0
0
0
0
0
0
0
0
0
0
0
0
0
0
0
0
0
0
0
0
0
0
0
0
0
0
0
0
0
0
0
0
0
0
0
0
0
0
0
0
0
0
0
0
0
0
0
0
0
0
0
0
0
0
0
0
0
0
0
0
0
0
0
0
0
376
359
370
365
340
339
388
355
351
310
372
332
357
349
342
349
336
327
341
294
315
337
309
358
315
348
294
320
346
339
343
333
295
324
345
332
305
323
308
272
310
324
310
364
313
312
311
294
340
353
281
314
343
317
299
280
294
305
271
296
313
257
313
291
323
284
298
288
345
290
274
311
316
313
305
300
300
312
308
314
289
299
290
296
287
302
308
272
282
307
307
249
312
265
257
280
278
279
292
294
302
289
316
285
299
320
276
296
301
275
297
260
308
304
310
319
329
316
309
324
303
285
295
305
313
304
298
293
319
314
272
273
312
281
284
293
287
273
291
307
307
330
339
331
388
448
567
604
596
558
462
421
431
440
434
388
321
367
297
312
296
281
264
289
301
263
256
287
291
263
258
281
264
289
301
280
266
262
284
257
308
306
285
270
277
303
342
286
345
320
280
334
313
350
337
313
296
297
313
292
281
287
346
348
324
323
307
286
298
284
317
309
272
301
299
266
308
297
304
288
294
332
318
344
324
305
296
295
295
317
294
343
370
377
397
373
327
292
286
270
298
295
294
276
280
292
269
275
234
281
272
257
263
282
304
275
253
280
246
271
255
287
282
267
307
289
259
241
300
268
306
318
360
447
414
533
549
461
382
312
315
280
312
313
270
306
269
294
307
288
311
291
313
333
342
390
462
444
442
366
315
304
302
360
257
303
265
294
264
275
263
272
321
269
287
271
289
294
269
276
251
320
317
329
312
364
380
455
371
355
330
296
303
297
297
305
275
257
282
267
251
274
287
274
259
243
253
260
325
370
333
340
331
288
294
271
265
253
265
244
244
233
242
258
270
264
267
233
282
274
248
295
240
269
279
232
248
272
241
261
263
264
265
252
245
263
240
235
244
248
247
246
283
281
340
298
307
257
243
268
282
276
279
244
273
256
282
263
271
252
268
237
270
258
277
283
261
275
305
286
268
275
269
237
274
238
259
228
232
233
209
204
216
230
258
272
213
217
213
221
211
234
244
272
235
225
258
255
242
262
260
271
251
258
238
238
232
219
240
270
267
230
251
247
226
246
225
241
236
227
242
246
217
242
215
227
201
212
222
247
281
272
309
235
265
245
272
243
289
286
295
318
434
494
496
485
462
420
434
414
439
454
500
539
490
405
345
338
302
303
267
247
254
270
234
236
249
239
223
212
229
202
259
242
256
229
250
222
248
283
307
345
288
256
260
248
236
214
246
253
255
247
226
248
233
240
253
253
237
258
247
226
243
264
263
272
332
295
297
260
241
246
279
375
383
396
415
356
341
334
354
372
265
262
220
224
218
204
231
219
225
227
207
194
191
226
216
214
220
229
209
207
221
211
227
249
213
226
254
249
265
251
256
243
216
243
257
235
237
241
246
210
266
294
291
286
278
254
259
287
276
255
226
212
209
215
232
214
243
227
228
211
208
195
212
192
194
218
206
216
258
240
268
305
275
276
279
286
274
247
224
240
229
196
197
207
197
225
259
289
352
369
381
337
258
214
225
224
226
219
253
221
205
213
197
227
194
218
232
232
212
252
231
237
230
254
262
218
264
246
295
324
321
313
304
300
312
243
253
251
234
209
201
214
230
216
214
193
232
223
238
216
218
230
224
218
200
176
193
191
193
218
234
238
300
320
326
262
229
242
253
286
326
288
257
245
223
221
222
156
195
215
211
187
174
190
184
208
172
178
204
247
188
186
180
176
202
190
171
203
173
210
191
179
195
199
200
220
216
228
260
313
402
463
479
460
357
292
270
260
346
339
482
510
469
421
336
250
227
216
205
195
207
240
185
208
218
185
177
210
214
206
209
240
239
211
203
237
206
216
248
214
218
210
198
186
192
189
183
193
167
181
166
157
184
186
184
199
196
201
202
187
211
182
179
179
183
149
174
177
180
171
181
170
166
162
175
178
161
201
190
172
176
181
176
178
172
175
164
178
189
187
208
174
204
216
193
193
173
190
159
177
190
209
274
298
406
402
434
355
331
325
310
294
269
236
256
240
222
171
201
180
191
198
211
198
200
199
215
208
209
205
181
174
194
201
202
204
205
226
229
270
276
327
325
354
445
449
558
553
507
413
349
278
255
206
210
207
172
223
186
204
207
192
186
176
185
203
168
183
186
173
182
188
176
182
186
179
176
172
176
185
177
185
204
236
199
178
189
192
171
157
163
173
171
173
141
176
154
158
159
187
197
231
197
177
162
180
169
157
187
168
192
202
203
216
265
273
228
242
191
201
143
192
158
168
161
165
167
156
153
165
139
164
146
146
146
126
161
167
152
182
164
157
160
146
144
131
143
126
146
166
167
179
154
158
139
151
164
131
141
139
173
154
142
139
142
185
148
165
165
169
161
169
119
139
171
153
146
146
133
151
144
144
142
160
159
157
171
150
168
173
162
195
203
188
189
183
168
143
163
152
167
129
145
167
150
185
197
174
182
197
200
225
193
151
189
154
163
159
160
155
165
173
151
139
159
165
178
171
189
178
142
166
157
203
208
275
311
268
280
220
223
171
150
138
159
172
166
169
192
187
195
243
193
203
203
173
163
176
172
164
161
212
182
204
163
141
135
144
162
172
161
149
154
157
142
125
164
148
152
153
170
140
142
174
161
167
168
155
145
135
124
158
153
142
164
156
132
152
130
144
158
159
158
166
161
181
223
214
215
270
279
242
296
259
256
184
179
163
138
141
145
150
164
169
167
148
149
152
176
151
172
181
176
178
166
154
145
157
143
166
161
159
175
196
183
202
247
239
215
238
203
209
230
219
231
203
178
148
156
179
140
141
124
163
128
140
131
117
137
134
141
136
107
134
126
136
137
124
123
127
137
110
132
123
146
140
156
166
156
173
148
156
139
132
165
131
157
129
169
130
134
140
130
163
135
129
136
143
128
149
177
161
209
183
183
179
192
179
179
177
159
203
191
194
181
210
181
180
138
163
147
150
140
151
132
152
163
157
167
185
159
164
188
176
187
222
197
223
220
198
200
196
173
167
143
152
129
137
160
139
149
153
141
114
133
132
137
138
113
133
157
168
172
240
275
297
303
252
220
198
196
163
149
157
171
172
199
262
270
243
242
175
157
131
149
144
144
147
217
231
319
382
438
419
294
254
170
150
137
147
169
162
147
132
141
141
124
130
117
99
132
124
124
148
169
168
225
275
331
329
299
243
190
145
117
130
141
138
128
154
174
152
169
154
136
127
127
122
149
171
191
230
263
249
266
211
168
142
115
103
112
104
109
96
113
123
93
114
102
104
124
114
120
99
125
143
159
155
145
139
138
132
120
106
107
102
124
112
86
106
104
117
122
105
119
136
131
114
134
117
111
125
109
135
134
156
157
127
112
120
106
111
111
108
96
113
122
118
98
117
102
119
112
111
127
120
140
127
155
161
155
146
161
155
159
152
139
122
140
138
160
104
152
118
117
135
110
116
111
116
102
141
135
115
98
106
101
112
118
111
106
100
121
118
101
107
123
110
98
117
120
130
170
147
132
119
147
125
117
110
141
95
120
107
125
118
131
128
136
154
168
190
204
166
149
148
119
133
166
168
163
184
221
224
279
295
247
242
197
178
141
120
120
109
107
100
103
116
96
99
108
88
105
101
84
115
114
120
135
132
138
149
152
124
131
121
104
126
111
110
102
108
106
105
109
93
107
98
84
87
101
110
89
111
120
126
138
116
128
130
142
166
221
240
303
330
292
289
170
161
127
141
116
118
103
107
104
117
101
99
94
88
109
85
96
106
99
89
103
95
97
101
90
112
98
114
135
107
131
99
125
112
102
94
105
106
96
103
114
94
108
98
87
117
106
115
96
90
101
95
111
89
95
93
113
93
101
101
94
91
110
81
109
93
70
92
102
81
89
86
92
99
93
100
114
101
111
97
107
107
95
112
108
108
93
108
106
128
137
113
107
107
112
109
117
103
123
98
95
84
109
74
93
83
101
91
86
112
95
92
112
100
99
95
148
110
123
96
107
104
114
109
104
127
122
103
75
85
108
90
83
110
100
83
102
81
88
85
87
108
120
84
79
86
101
89
102
109
101
114
108
96
120
121
144
117
115
110
93
92
105
92
102
101
99
95
105
89
104
101
113
115
118
115
129
138
133
122
109
120
140
121
114
103
111
96
115
122
110
121
120
139
136
156
179
215
293
360
387
384
364
250
240
183
136
133
119
146
126
110
120
125
117
113
114
116
121
107
97
97
105
106
120
95
102
112
97
113
117
117
112
105
105
89
96
105
98
83
98
112
97
119
101
107
115
113
115
149
157
182
217
236
205
157
180
151
117
114
111
101
100
100
118
99
105
84
102
117
98
106
92
89
90
100
78
88
93
85
91
91
105
81
95
79
96
97
87
84
73
76
72
91
75
82
79
95
81
100
86
97
90
67
78
101
78
76
96
87
86
83
86
76
91
80
78
68
86
96
99
89
112
95
104
83
100
96
107
99
125
85
83
115
126
121
124
133
119
128
115
101
118
106
98
119
100
98
83
87
96
86
94
72
94
80
95
88
90
99
70
86
91
101
88
92
84
93
87
86
123
92
97
116
92
119
104
111
123
120
110
107
116
111
118
107
105
103
105
105
129
111
114
128
135
136
128
118
94
115
105
102
87
83
92
71
71
97
88
83
108
75
78
104
114
93
106
96
110
88
106
130
99
84
106
90
95
91
103
97
49
84
68
80
96
65
87
78
64
73
86
74
84
88
76
78
81
102
103
76
91
79
77
84
83
90
79
109
95
69
86
63
80
91
93
78
78
92
114
89
118
115
107
108
112
110
118
118
94
92
93
82
71
102
102
92
85
81
127
111
111
141
104
104
125
113
95
98
123
131
126
135
129
93
97
87
81
75
83
93
100
86
100
93
81
76
98
76
80
82
64
68
79
92
65
78
85
86
96
89
81
107
95
92
105
83
84
104
114
108
91
79
84
94
98
69
104
87
84
92
96
88
87
82
94
84
100
79
103
103
102
109
113
117
106
88
101
91
79
95
94
86
93
76
78
90
90
83
73
66
58
66
71
65
66
62
71
70
68
55
62
70
83
90
76
69
73
91
75
91
117
113
95
68
94
67
80
67
78
77
68
80
78
79
71
77
75
82
72
80
60
80
72
80
83
78
82
51
76
62
74
76
73
81
64
70
86
80
91
81
77
71
95
74
79
55
64
74
76
88
58
69
62
54
82
59
70
74
66
62
54
81
68
62
59
59
61
74
52
89
76
57
78
65
62
70
83
68
87
78
88
85
92
100
103
114
89
88
85
86
68
71
89
75
78
79
71
63
55
65
73
72
77
72
74
68
89
64
62
71
52
72
71
87
76
71
83
76
72
68
69
83
81
56
76
81
73
72
81
78
68
75
94
97
74
88
92
85
72
83
83
85
72
97
76
95
78
92
88
100
83
90
79
81
100
83
84
108
83
99
79
98
104
84
89
66
73
65
90
82
94
98
79
78
114
102
97
96
100
131
131
144
194
192
176
179
177
207
171
179
151
136
167
142
127
119
116
117
109
99
101
101
94
100
110
101
83
85
74
97
81
89
72
85
70
81
73
77
81
77
75
69
70
76
68
77
83
70
70
85
87
79
70
84
56
70
53
59
63
62
71
63
60
71
65
69
70
65
65
71
62
71
61
75
60
66
66
55
73
70
80
80
64
57
76
58
72
77
75
77
93
76
77
79
80
98
65
77
63
73
68
82
75
73
87
91
109
95
92
67
70
85
67
79
70
55
70
75
67
75
78
94
78
88
67
78
92
91
92
114
131
109
116
103
92
74
91
83
58
66
66
68
56
76
60
55
64
72
69
78
67
73
66
64
87
94
83
104
116
122
149
138
141
140
108
110
112
80
83
76
67
71
60
74
68
66
64
73
80
88
78
75
58
77
79
73
63
85
80
70
71
72
75
63
79
71
69
53
77
48
74
60
74
64
73
71
69
59
67
64
75
89
66
83
68
70
55
72
78
55
54
52
56
58
61
67
60
84
75
57
87
80
65
88
72
82
77
63
76
66
60
74
72
63
69
58
50
63
90
66
61
74
78
76
66
66
62
60
66
72
79
74
69
56
65
63
72
89
72
80
86
82
81
77
92
86
75
68
73
71
60
70
49
54
68
66
66
66
75
85
88
87
76
62
90
71
81
64
78
71
62
51
58
55
73
58
66
69
63
70
63
66
70
58
67
46
53
52
61
73
57
62
53
61
67
68
63
53
54
60
64
53
53
59
59
53
63
59
64
68
65
53
62
62
67
63
76
73
72
78
84
72
91
74
91
90
66
85
61
73
71
59
73
62
69
47
45
60
66
69
74
59
61
49
61
60
69
59
82
64
58
66
64
64
65
75
80
86
60
81
68
72
80
71
56
50
71
65
72
60
65
66
68
66
72
65
81
76
97
96
116
167
172
214
254
249
227
179
178
141
110
108
97
87
77
81
58
58
66
70
70
61
66
61
80
66
65
66
70
59
72
77
74
60
57
58
54
61
64
64
74
64
72
58
60
54
60
80
64
64
64
76
56
79
49
76
73
63
71
95
116
109
127
160
203
256
291
294
296
281
228
194
138
107
108
105
88
81
85
85
74
73
74
67
86
65
49
58
69
72
65
72
70
66
77
59
69
54
66
59
72
61
76
69
62
72
74
69
65
63
61
77
71
72
68
93
53
67
46
75
60
65
48
55
72
65
57
69
57
57
44
58
59
52
51
62
48
68
62
67
73
43
70
56
65
49
56
59
69
48
56
69
62
69
61
63
67
73
66
60
67
88
64
77
73
81
85
70
95
80
77
63
61
80
75
68
54
65
57
68
54
58
72
46
65
52
73
57
52
58
62
65
57
58
48
69
67
63
54
60
57
71
54
64
61
56
52
58
55
64
71
48
65
72
59
56
78
64
65
64
62
77
60
67
50
50
52
61
50
70
55
43
55
40
44
47
63
58
67
61
70
76
58
57
69
57
58
48
57
42
66
60
53
51
65
68
45
49
48
60
51
44
67
72
51
73
74
102
95
82
77
82
75
70
89
78
72
66
73
56
60
61
57
71
72
84
101
86
93
80
78
66
63
72
69
68
51
73
49
80
92
91
77
72
69
64
69
60
64
54
55
48
47
40
38
58
54
59
57
64
49
70
44
58
53
67
59
57
58
63
64
58
68
61
52
57
79
48
78
65
56
68
54
64
60
55
52
48
47
54
50
66
60
67
60
65
46
49
56
49
49
57
62
71
53
53
50
50
63
39
47
46
47
64
65
59
57
56
48
38
66
51
57
44
56
54
58
58
58
53
42
49
48
53
56
70
60
59
54
63
60
53
49
38
46
68
40
46
63
37
58
42
46
54
53
55
56
57
45
47
49
53
44
45
55
57
57
74
52
45
50
56
42
55
56
46
59
43
45
52
47
64
56
41
52
55
45
43
48
68
47
46
52
46
45
53
52
45
45
56
39
41
41
54
53
48
61
49
56
44
51
64
54
58
59
53
58
59
38
41
50
48
45
57
59
42
49
61
56
47
65
60
58
92
83
86
85
82
79
84
71
71
66
50
68
57
68
54
51
55
58
54
49
51
54
50
46
52
50
58
60
63
53
56
47
45
54
71
54
49
57
43
40
53
52
54
50
42
55
53
37
67
48
58
65
72
55
55
83
96
95
107
137
179
165
175
153
157
125
90
74
56
76
64
57
51
51
56
42
53
44
55
46
30
33
42
50
50
50
67
52
40
55
57
44
53
62
51
42
54
48
57
56
69
59
49
44
55
48
46
63
59
50
53
51
40
65
37
45
48
48
52
50
51
53
53
59
61
59
64
68
69
78
109
88
90
85
65
52
75
58
47
52
44
50
59
55
69
57
47
49
52
51
35
33
42
49
45
51
50
53
34
57
53
39
56
41
42
48
44
46
43
46
56
47
38
64
49
62
42
68
67
58
45
66
67
62
62
56
47
46
53
54
69
68
58
55
62
69
70
75
98
115
136
168
147
160
127
105
91
73
50
62
54
40
50
39
51
50
39
49
50
53
45
37
41
50
33
39
47
40
42
49
43
44
45
46
32
40
44
47
51
38
38
38
65
54
44
59
57
56
64
44
53
58
53
54
48
60
62
60
49
68
62
61
42
57
51
50
43
57
43
48
49
40
54
46
42
42
42
39
58
50
54
41
49
40
40
45
45
53
39
40
37
47
42
38
70
54
59
76
82
73
82
66
70
58
56
38
37
41
48
40
52
37
34
40
59
50
39
40
45
30
42
54
37
49
36
32
47
46
45
44
39
45
39
54
53
41
53
37
43
39
51
32
38
37
42
51
45
28
43
39
46
46
62
50
42
41
53
48
38
40
58
37
43
48
43
50
26
42
44
42
38
47
28
38
38
38
39
32
45
46
48
43
53
50
43
60
41
46
37
41
45
46
46
32
61
37
38
36
40
50
32
49
36
45
48
42
47
37
42
43
43
40
36
41
52
44
40
46
55
50
62
74
82
75
79
66
61
61
37
50
59
38
61
49
44
36
50
31
51
43
44
43
49
56
46
43
47
43
33
63
46
39
46
56
42
52
56
63
52
52
52
48
44
47
52
45
50
52
37
34
40
25
51
33
42
52
44
39
41
38
54
42
46
35
49
46
63
64
74
77
73
54
72
48
43
38
41
43
38
37
39
34
55
47
52
44
30
36
43
43
41
39
49
34
40
49
35
39
54
37
56
50
51
60
71
79
54
62
50
71
61
65
60
54
55
38
46
37
42
38
29
38
36
42
35
43
27
38
64
44
60
43
54
62
79
76
75
68
91
85
78
77
59
64
47
44
45
43
57
50
40
50
34
44
35
50
56
41
47
49
58
65
71
70
65
60
74
51
52
65
54
38
45
57
34
38
49
48
43
54
42
59
45
37
50
51
58
44
39
36
47
42
43
51
52
77
50
54
53
50
56
69
45
47
54
37
47
44
43
35
35
44
35
38
48
41
38
32
33
46
30
38
36
32
35
40
40
34
43
44
41
31
33
41
32
35
35
34
41
32
52
28
34
38
32
41
37
35
47
38
48
27
35
45
51
68
79
62
57
64
66
66
52
54
45
49
35
40
44
41
42
42
31
43
32
29
35
35
30
34
41
38
45
30
42
32
35
42
43
26
34
35
32
45
47
42
49
41
41
42
43
28
37
25
31
33
46
36
52
33
42
35
43
41
36
33
36
38
44
29
35
35
35
46
36
35
36
34
38
47
48
66
77
71
72
73
93
60
59
47
48
35
45
42
40
37
30
39
37
53
39
47
47
44
48
46
26
46
60
54
50
57
52
49
31
44
45
45
43
54
36
57
71
60
71
101
89
73
70
58
44
38
37
49
43
46
38
45
36
39
44
36
39
35
23
48
43
48
54
47
55
73
60
57
69
57
61
55
59
59
75
65
73
76
56
69
75
63
52
52
43
38
41
44
34
46
36
36
51
43
33
29
39
35
30
31
29
35
38
34
40
36
40
41
45
40
34
32
46
41
39
28
31
29
43
35
36
36
35
35
36
30
34
33
35
43
37
35
40
38
38
36
32
51
26
38
31
32
41
37
22
37
43
20
28
44
41
38
44
32
36
33
39
38
28
36
36
36
36
31
48
44
35
33
28
33
34
35
37
33
28
25
35
39
32
36
40
46
27
33
29
34
40
29
38
32
39
23
44
48
34
43
31
36
41
31
40
34
41
28
36
38
29
38
32
30
22
28
35
34
37
47
29
24
29
38
44
48
54
44
64
83
77
92
78
66
51
54
46
42
42
32
43
41
45
40
32
30
43
33
39
37
38
30
25
40
51
45
33
41
43
40
34
33
40
33
32
39
31
50
62
37
59
64
69
79
63
63
55
57
52
38
43
39
30
44
40
31
29
42
49
45
54
68
71
68
65
61
64
56
58
37
45
45
40
32
35
37
36
34
40
32
45
35
31
39
24
36
55
47
43
53
47
39
34
44
46
41
50
43
47
55
58
51
47
41
43
45
49
26
27
35
32
32
43
44
43
55
42
46
54
54
35
41
37
39
33
44
38
37
26
38
33
36
32
32
36
33
38
27
36
38
35
31
29
31
27
36
25
28
27
31
29
25
39
31
38
26
22
37
35
40
41
34
33
38
47
55
48
61
58
48
39
42
42
44
33
29
33
25
42
35
36
46
41
33
45
30
47
47
42
52
42
46
54
38
35
34
46
40
41
27
45
44
41
29
29
44
36
26
30
31
36
30
33
32
37
35
34
42
67
76
73
84
100
85
67
78
58
49
41
31
33
35
33
34
37
34
27
37
39
35
28
31
40
32
33
31
34
36
34
45
35
39
39
44
47
35
39
34
40
37
43
31
34
42
40
30
22
40
44
31
43
36
41
38
38
30
38
29
25
39
39
51
34
37
41
39
36
34
45
47
35
39
48
61
40
54
44
54
43
44
38
36
43
49
44
29
30
40
27
33
31
30
20
40
27
26
34
36
35
43
33
22
30
34
49
36
26
34
29
22
31
23
21
27
24
31
33
20
35
24
32
35
33
43
43
46
65
68
69
60
51
50
46
49
36
35
29
29
33
34
38
29
33
38
39
34
40
36
36
34
25
34
29
46
35
50
39
46
48
49
37
28
36
29
29
25
31
33
36
25
33
28
32
38
37
36
29
43
59
62
51
66
64
62
57
40
42
44
48
33
36
39
29
29
29
31
27
19
37
30
27
33
27
27
32
31
15
26
23
20
22
27
28
20
25
18
32
52
21
32
21
19
28
28
33
23
30
29
26
30
27
36
28
21
29
28
21
26
31
30
24
32
22
31
31
28
26
34
27
24
33
25
32
38
35
37
36
25
36
21
43
35
30
32
34
33
24
30
31
41
25
26
25
36
38
47
44
46
31
45
42
60
58
68
79
85
122
127
144
115
102
96
66
70
57
34
39
31
28
28
36
46
25
32
43
34
35
32
38
23
34
38
41
41
31
40
35
48
37
42
33
32
39
36
38
26
36
29
36
25
34
42
32
34
31
17
34
26
26
25
34
22
30
30
21
25
34
36
29
31
39
25
29
43
37
37
34
38
31
26
28
45
40
36
40
41
49
32
39
25
47
38
24
31
32
26
32
39
26
40
41
33
35
42
29
32
40
33
29
22
29
20
18
23
28
30
27
22
28
31
23
31
34
28
32
34
27
34
29
30
22
25
29
20
29
27
31
29
31
38
27
27
40
35
44
42
41
35
43
33
40
24
23
30
19
37
32
33
20
32
29
25
46
26
21
21
27
26
26
34
27
36
27
36
35
26
19
22
28
23
36
43
28
27
28
35
25
35
37
35
26
39
32
33
30
35
34
35
31
29
35
37
26
46
39
41
44
34
38
34
33
28
25
28
27
31
31
21
28
27
32
35
40
25
25
33
29
29
33
30
43
25
33
32
32
25
29
47
41
25
26
32
34
33
30
39
22
31
27
33
32
36
38
41
35
31
28
38
47
43
42
39
48
27
43
38
34
32
26
34
30
18
40
30
29
33
35
41
32
23
31
34
26
25
27
23
30
28
28
24
29
29
25
24
32
34
25
32
26
28
38
27
32
34
27
32
32
29
24
33
24
22
23
32
26
17
34
28
27
31
34
19
25
18
18
26
24
24
22
19
17
30
21
34
26
23
42
24
35
35
27
32
19
26
27
31
23
29
47
29
42
27
29
34
39
20
29
30
33
31
30
29
30
33
24
24
25
33
29
29
33
21
34
29
28
27
30
34
26
24
34
27
22
22
22
24
36
21
27
19
26
22
37
37
23
22
28
24
31
24
32
30
25
33
28
30
26
20
26
20
26
25
22
26
19
32
30
27
23
31
27
25
27
25
27
24
15
17
18
28
32
26
27
25
25
30
29
26
25
26
29
21
30
20
20
19
25
21
25
25
36
29
35
22
34
34
26
26
29
23
34
22
26
27
33
29
24
29
28
26
30
31
35
25
24
31
21
21
17
25
26
14
25
20
18
26
31
19
29
26
13
19
20
27
33
24
28
30
29
31
16
24
23
27
26
26
22
20
25
16
21
26
25
41
35
36
32
20
22
27
28
28
30
31
25
26
19
20
25
13
21
19
28
16
27
29
33
28
40
34
21
28
39
29
35
48
38
36
29
32
34
33
29
35
28
21
27
33
31
23
23
18
26
34
29
25
18
30
18
14
20
29
23
29
21
31
27
29
20
24
25
25
32
26
28
36
22
25
29
18
27
19
20
21
22
30
24
19
27
28
31
19
26
20
27
18
20
28
31
27
34
26
42
29
27
28
26
22
25
24
28
38
34
41
39
30
29
26
34
33
40
29
43
50
52
67
67
53
61
48
35
26
33
32
28
22
23
24
26
34
31
24
19
26
17
30
25
20
25
24
27
29
37
29
38
25
31
19
29
33
26
23
21
34
24
22
36
23
30
31
29
15
29
25
28
25
25
24
27
24
29
34
24
32
26
19
24
25
23
24
20
20
20
29
33
30
28
22
26
26
31
30
30
26
18
24
28
20
29
19
24
24
31
23
30
24
20
25
25
29
24
30
30
32
30
30
26
29
34
30
37
27
20
20
26
25
35
20
26
23
26
26
27
30
20
26
22
23
21
20
22
30
28
32
27
30
23
27
27
19
29
28
23
38
29
32
29
25
30
31
31
29
32
26
30
28
25
20
26
20
23
23
27
25
28
20
29
38
41
36
21
33
27
25
33
31
28
34
27
36
29
30
29
23
31
24
25
18
24
27
25
21
26
25
29
25
31
21
18
27
22
26
21
24
26
30
21
24
26
22
24
29
28
26
28
28
26
25
31
26
18
30
30
34
22
22
29
22
26
32
21
26
25
23
26
26
27
32
22
27
23
24
19
21
30
24
31
20
32
17
24
25
17
20
20
20
25
22
21
20
23
24
28
20
26
26
20
28
27
26
30
29
33
37
32
27
24
23
27
22
27
17
24
21
17
20
17
19
26
30
21
28
30
26
24
30
29
21
23
14
19
19
23
25
28
21
29
23
17
21
21
23
24
27
14
27
27
23
26
22
27
26
19
28
25
23
19
16
29
18
24
22
30
23
30
17
25
33
24
36
31
16
36
27
28
24
26
21
18
25
19
18
25
23
21
18
28
31
24
26
24
21
21
24
19
26
21
25
28
22
29
22
25
20
21
28
28
12
22
25
22
20
25
25
27
30
22
21
24
26
23
28
26
19
19
19
24
29
29
26
19
16
22
24
24
29
28
23
28
25
10
20
24
24
19
23
29
20
19
25
34
29
22
23
21
28
24
14
27
19
21
22
26
26
18
19
24
29
21
23
21
25
28
21
26
35
23
17
19
21
22
24
25
28
37
17
17
21
19
23
23
34
21
22
27
21
19
20
17
22
19
29
20
27
19
11
19
25
25
25
16
16
25
22
26
12
17
20
23
23
14
20
20
13
29
26
27
17
26
21
17
23
25
24
18
26
27
31
32
35
22
22
23
27
25
23
25
25
22
25
31
29
32
30
20
37
25
25
30
23
19
28
17
20
23
20
17
26
30
17
28
40
35
38
28
35
35
22
28
30
27
19
30
29
24
40
35
38
37
33
38
34
35
40
32
34
22
36
26
19
21
19
19
19
15
23
19
26
29
31
24
23
23
23
22
31
23
28
26
21
19
18
24
21
22
21
18
20
22
25
15
19
18
22
25
15
20
26
15
24
19
30
24
29
18
25
15
19
21
25
25
33
12
24
21
24
21
24
22
18
23
25
28
20
27
32
25
12
15
29
29
21
15
22
23
26
14
30
31
19
22
29
30
26
19
32
27
27
22
25
15
19
18
20
22
20
21
26
35
25
24
28
30
25
33
33
29
35
32
26
19
19
16
18
21
29
24
14
23
19
12
21
22
34
23
23
19
19
18
20
25
20
14
16
20
32
21
16
15
15
18
18
27
16
21
23
27
16
22
14
21
17
19
15
19
22
18
25
15
25
30
21
19
24
19
18
25
26
22
25
19
24
21
20
24
24
21
24
15
21
19
26
24
16
19
25
15
24
24
23
22
26
19
19
20
21
21
24
21
18
19
24
14
22
13
16
16
17
17
18
21
20
21
21
23
24
21
25
20
29
24
23
26
24
20
23
20
26
20
23
22
21
26
18
19
26
19
17
23
26
16
20
14
19
29
14
19
18
18
24
24
13
11
15
19
16
11
17
17
17
28
19
15
16
16
12
23
17
18
17
20
11
20
17
20
23
18
19
17
18
26
13
25
15
25
28
25
23
23
23
20
14
17
25
20
22
16
14
22
19
16
14
17
20
27
17
21
20
31
24
19
21
18
26
28
24
23
29
27
23
19
29
28
21
22
21
27
22
21
21
19
21
22
17
14
16
21
18
29
24
21
26
19
24
19
20
25
18
11
16
20
16
19
11
20
21
11
21
20
10
20
25
28
21
28
13
20
23
17
19
12
23
20
24
18
26
17
25
20
20
17
27
25
8
18
18
24
15
25
14
22
17
26
25
33
27
26
31
33
20
28
29
36
22
20
12
20
14
15
16
13
17
18
15
19
19
20
20
28
18
22
26
23
15
15
16
19
15
25
16
17
20
22
11
22
27
23
11
22
23
19
21
20
22
14
17
18
16
26
28
23
20
16
19
20
27
11
21
15
14
22
19
24
26
14
13
21
14
15
12
15
17
26
29
12
13
14
19
17
13
14
22
20
17
19
18
24
25
23
16
18
26
17
13
19
16
17
18
20
13
15
12
17
19
17
16
22
18
20
28
26
20
17
24
21
30
16
21
17
22
25
17
20
16
23
19
21
23
26
16
24
25
15
25
23
19
21
19
13
15
17
19
11
16
19
29
25
43
37
39
43
55
56
52
42
49
48
39
36
33
19
21
30
23
17
20
25
13
19
16
21
19
19
22
14
16
31
16
23
22
21
10
12
16
23
17
11
12
19
21
22
26
27
35
39
29
26
25
26
18
23
21
18
21
18
20
15
25
25
29
14
14
17
7
22
15
14
23
17
12
22
20
13
16
19
15
9
15
21
15
24
18
15
13
14
14
13
13
22
12
12
13
19
18
14
16
11
13
16
18
16
18
21
22
16
20
26
16
26
27
23
22
15
13
16
12
12
19
20
15
17
15
21
13
14
14
21
21
10
17
10
12
13
16
14
15
20
14
13
10
15
15
17
10
19
19
20
14
13
12
26
13
17
16
14
13
15
15
15
12
20
15
19
14
14
13
23
22
15
15
14
9
20
20
15
17
13
21
14
13
16
18
19
12
9
18
21
18
17
15
16
22
14
14
15
18
15
13
17
17
17
20
17
17
9
10
16
16
18
26
12
14
19
17
23
20
10
15
15
11
13
14
21
9
6
20
11
19
17
13
17
18
29
22
14
20
12
21
10
13
13
19
14
15
15
15
21
15
12
21
23
14
17
14
24
18
17
13
10
17
16
24
19
20
19
16
16
18
14
16
10
16
14
19
13
17
11
19
21
13
13
15
15
20
30
17
15
11
18
12
20
14
17
16
14
21
15
16
18
7
15
17
14
13
16
13
13
19
10
10
21
6
17
17
12
13
18
11
15
29
23
16
23
18
18
12
18
15
13
18
16
14
13
9
18
14
13
11
6
10
11
20
20
21
10
22
11
22
18
20
23
24
18
25
16
22
26
16
14
14
21
17
16
12
25
26
33
34
27
29
33
21
27
18
22
23
18
16
16
12
23
14
24
21
17
24
15
11
24
8
17
15
15
19
13
23
20
17
22
20
20
18
19
19
17
14
17
20
13
13
14
8
22
15
23
20
16
20
11
13
16
21
10
16
12
12
5
8
12
17
10
11
17
16
9
16
13
24
14
12
15
15
9
14
17
8
14
16
12
18
16
14
20
11
16
14
16
15
12
8
11
18
19
19
16
6
15
13
12
22
17
13
20
16
12
10
20
12
9
15
16
14
16
21
14
9
15
9
10
16
13
16
14
13
16
20
17
20
9
16
9
13
9
24
18
11
22
15
16
17
15
16
22
23
18
22
20
16
19
14
18
26
15
14
16
9
17
9
12
18
9
18
7
15
15
17
7
14
16
11
14
19
19
14
19
21
22
19
15
18
27
17
17
28
20
15
25
16
20
25
19
19
13
15
16
19
16
19
17
16
29
12
14
23
12
23
21
15
18
21
28
21
16
32
30
31
44
72
64
82
100
118
126
161
126
135
128
83
86
61
54
39
26
26
21
18
19
26
15
17
18
26
11
22
29
28
22
20
20
21
14
13
15
15
16
20
14
10
16
17
24
19
12
19
20
19
26
23
26
16
14
8
24
16
18
11
14
13
16
14
10
13
14
22
14
15
13
9
13
16
9
15
19
18
13
17
11
15
12
15
16
13
19
11
14
13
11
12
15
23
14
13
13
17
14
9
12
13
12
16
8
16
12
16
10
11
9
12
17
13
11
14
9
14
17
15
13
22
14
11
12
21
13
14
16
17
15
14
12
12
8
9
18
10
14
16
19
17
10
17
13
20
11
7
19
13
19
11
17
10
10
11
12
15
13
21
16
9
17
20
10
14
18
9
17
21
19
21
18
19
30
27
32
33
30
28
24
24
24
18
21
16
12
14
14
15
17
13
19
9
14
11
16
11
14
12
21
14
13
17
14
16
11
10
9
12
18
28
21
16
17
14
16
11
11
20
12
9
17
21
8
15
9
11
12
15
11
23
12
11
13
15
20
15
23
9
13
10
9
13
14
15
16
16
12
9
7
13
13
15
11
17
22
14
10
11
10
18
12
11
20
9
12
13
13
10
17
17
14
9
13
12
8
6
15
13
12
14
10
11
15
9
14
18
15
7
16
15
16
13
16
14
17
7
9
9
15
20
6
16
13
6
7
6
15
5
5
16
11
14
12
6
14
12
9
16
14
9
16
12
12
15
11
17
16
8
16
11
13
12
10
14
15
9
12
13
11
8
10
9
11
10
15
10
13
9
16
22
13
11
15
10
15
7
12
15
14
12
15
11
15
10
12
12
16
9
14
13
10
16
14
8
14
17
18
11
7
10
11
10
13
14
14
14
16
15
11
15
12
15
14
9
16
4
12
11
11
12
13
18
20
11
8
7
16
14
7
10
13
25
14
19
13
16
7
19
15
16
14
11
11
11
15
7
9
12
19
13
18
21
17
14
24
13
17
13
15
10
15
11
10
13
11
16
12
8
11
12
13
17
11
14
15
11
8
16
14
28
20
12
16
13
14
14
15
9
14
21
19
12
14
13
10
16
6
15
13
9
18
10
12
9
19
21
15
9
11
12
15
17
11
16
13
16
15
14
13
16
13
21
15
11
11
20
15
20
17
12
12
15
9
9
7
14
12
8
9
15
7
16
11
14
14
9
10
10
18
16
9
10
4
13
13
14
4
10
9
21
20
15
12
11
20
11
18
16
11
14
18
17
12
20
5
20
9
18
11
14
17
13
11
13
21
9
11
14
16
10
10
13
19
15
9
14
17
13
11
9
11
7
11
8
9
17
11
9
16
16
17
13
9
16
9
9
16
4
8
10
7
13
10
16
12
9
12
8
12
13
10
11
11
9
11
16
14
14
13
9
7
20
14
11
17
17
8
10
14
9
13
11
8
10
12
13
11
13
13
12
11
18
19
17
13
17
14
8
17
19
14
11
14
12
18
15
19
7
11
15
14
7
8
22
9
11
11
8
18
5
8
8
10
12
10
11
14
9
9
14
8
14
13
9
8
19
14
12
12
9
13
7
9
16
7
17
12
14
7
8
12
14
18
17
13
15
22
13
14
18
19
21
23
22
15
14
22
14
18
16
7
5
12
15
13
9
15
12
6
6
17
7
13
4
7
13
10
14
14
9
10
13
8
9
9
17
15
10
13
12
8
11
6
16
9
14
14
13
14
13
11
14
12
9
14
10
9
11
9
7
14
13
18
19
16
7
11
12
14
19
6
13
14
20
10
16
11
12
7
8
11
16
16
13
7
15
10
14
8
10
12
9
7
11
16
9
8
9
12
7
14
7
9
11
9
10
10
12
6
6
13
7
9
10
8
7
7
10
11
10
10
17
13
14
12
5
14
14
9
7
11
12
11
13
17
7
12
13
11
20
10
10
11
12
11
13
8
10
11
7
7
11
5
10
16
10
8
12
10
7
15
10
7
13
17
12
12
12
18
14
13
16
13
10
12
14
8
11
8
6
18
16
14
10
11
12
9
10
8
10
16
15
12
5
13
16
13
10
7
11
10
8
7
10
14
13
5
11
11
15
16
14
17
7
11
11
19
5
10
9
7
8
12
16
6
14
6
6
7
5
16
15
13
12
13
10
18
13
14
14
16
12
9
8
17
17
13
13
9
12
19
13
13
10
12
9
9
9
15
15
14
11
9
11
18
12
13
14
11
16
18
16
12
17
13
9
10
9
10
17
12
8
10
21
14
16
16
10
19
12
13
9
11
10
12
14
8
13
12
9
11
17
6
8
15
8
7
11
14
15
8
10
10
12
13
14
9
11
10
10
12
5
18
9
10
10
10
15
7
11
13
11
10
16
8
13
13
11
10
15
10
10
16
9
8
13
14
14
13
13
13
17
11
10
14
21
14
17
15
10
18
10
14
14
8
12
11
14
11
13
13
9
12
12
8
11
8
11
15
9
17
13
12
12
11
17
16
10
13
7
14
11
11
12
10
10
11
9
13
15
11
13
10
4
11
11
10
9
15
8
4
12
15
12
9
9
14
12
10
6
9
15
11
9
9
12
14
10
10
9
19
8
10
13
5
9
17
12
8
10
11
8
12
6
9
11
4
13
17
7
19
15
11
6
7
9
17
11
15
11
8
7
18
15
17
7
13
16
11
6
10
17
11
13
9
13
6
8
8
13
10
12
12
9
15
10
11
8
13
10
8
6
7
14
15
15
9
9
6
12
15
9
12
11
8
14
11
21
5
10
7
13
7
13
14
9
12
11
9
12
10
12
7
9
7
9
15
11
12
6
9
12
13
9
12
9
11
12
8
14
7
9
9
16
11
13
11
12
17
15
12
18
9
11
18
12
9
12
8
9
9
12
11
6
14
10
10
9
18
8
10
11
15
16
5
15
9
13
23
12
13
12
8
12
14
11
13
14
5
5
15
11
6
7
6
8
8
9
11
9
7
13
9
13
11
13
7
7
17
13
11
7
15
9
14
9
8
19
12
10
12
12
11
6
14
6
12
9
9
13
19
6
16
8
12
4
6
7
9
13
14
11
18
9
15
10
12
12
13
10
13
12
5
8
10
16
7
14
9
10
10
12
8
9
9
12
15
7
12
9
14
19
12
4
6
9
7
13
7
11
8
13
11
11
10
7
5
11
11
14
12
9
11
17
13
12
10
15
5
9
11
11
11
8
7
12
11
11
9
13
10
5
8
8
7
5
7
8
7
10
15
9
11
4
10
14
13
9
9
16
14
12
13
11
7
9
6
9
6
14
13
15
7
10
13
7
5
11
14
4
14
8
6
7
13
10
12
8
4
8
13
14
13
7
7
3
5
5
8
8
4
8
15
13
12
15
12
7
15
8
12
12
8
8
14
10
11
13
10
6
4
11
13
10
11
8
10
8
14
17
6
12
10
9
12
10
19
12
13
10
12
8
14
11
13
8
12
9
13
9
8
11
9
15
8
6
11
14
14
20
15
10
6
10
13
10
13
9
14
12
14
11
15
14
18
14
17
12
13
9
5
8
12
16
8
10
10
12
10
14
10
12
13
7
17
16
6
6
9
13
12
9
10
12
9
13
11
9
12
16
16
12
11
9
11
13
7
14
13
10
13
11
7
9
9
13
17
9
9
8
12
12
17
16
11
10
11
3
8
13
10
12
7
14
9
6
9
10
16
6
9
8
8
6
9
3
7
15
5
6
10
6
7
13
5
12
10
6
14
5
11
7
4
13
10
7
13
22
11
9
13
13
9
14
17
8
21
7
18
13
9
9
11
11
8
8
11
9
16
12
8
8
10
9
8
7
5
12
7
9
11
6
9
15
14
8
13
10
10
14
10
6
11
11
8
8
12
14
16
7
11
14
8
7
0
10
9
6
12
8
11
7
11
10
16
9
10
12
5
19
9
11
13
11
15
4
8
7
11
8
16
10
10
19
13
17
10
10
15
9
8
9
10
13
9
12
10
4
11
6
17
10
9
8
11
9
5
11
10
8
9
14
12
9
8
9
8
4
11
8
9
8
10
9
9
5
3
11
12
11
8
10
9
9
8
11
11
7
15
9
10
8
12
9
8
11
16
5
5
7
9
14
15
12
7
10
15
10
4
9
8
7
10
11
7
12
6
11
8
11
9
5
9
6
7
7
7
8
8
14
12
10
13
4
5
8
14
6
7
6
12
5
12
7
10
4
11
8
8
13
16
11
9
7
12
14
6
15
12
11
9
8
9
10
12
8
12
15
13
20
9
9
12
10
6
12
8
15
12
12
7
5
6
9
9
9
6
9
15
7
8
9
14
13
9
9
12
11
12
6
11
10
7
9
7
6
10
5
6
11
7
12
7
5
9
10
14
8
4
8
14
10
10
14
12
11
6
8
8
7
9
13
8
7
8
12
10
6
16
11
18
14
10
12
10
12
11
9
13
10
15
8
12
13
6
9
10
10
4
8
7
7
7
9
9
12
10
6
15
10
10
8
11
8
12
9
6
12
12
9
10
14
6
9
8
7
13
12
8
9
8
9
9
3
9
9
7
6
5
8
10
8
4
13
7
7
12
5
10
6
8
6
8
6
12
6
14
15
9
7
12
8
12
7
13
5
5
9
9
12
12
8
7
10
6
5
8
8
17
10
9
8
12
9
13
5
13
3
7
10
11
11
14
4
7
7
5
20
11
10
9
5
8
6
7
11
14
6
8
10
7
5
9
8
10
7
11
13
5
11
4
9
6
9
9
7
3
6
9
8
8
3
14
5
10
7
8
7
18
14
8
7
4
9
10
5
8
7
9
12
9
9
5
7
7
10
11
10
6
10
8
4
6
11
12
16
9
7
16
10
8
8
6
6
10
8
11
10
8
7
14
3
12
4
6
8
5
4
6
9
8
7
7
4
10
12
7
12
10
14
9
5
13
11
10
10
9
9
12
15
9
7
6
10
11
9
14
13
9
9
6
14
11
12
8
9
12
10
11
10
14
16
12
14
10
7
9
8
11
5
8
8
8
6
5
6
10
8
9
5
11
10
6
6
12
12
7
5
10
6
5
9
11
7
5
7
6
7
9
13
5
8
7
13
12
2
7
10
5
12
12
9
3
7
11
2
13
9
6
5
8
12
9
13
9
8
4
7
7
9
5
10
10
8
13
14
6
4
4
6
7
8
4
11
11
6
8
11
4
9
12
6
12
11
8
10
9
7
8
11
7
8
9
4
8
9
7
5
9
9
8
14
10
8
9
8
8
5
9
7
5
10
12
9
13
6
7
11
4
7
7
6
6
6
5
3
6
10
6
8
5
9
11
11
9
9
6
8
5
6
3
7
6
8
6
10
8
10
6
10
11
8
3
5
8
7
1
8
12
8
7
8
7
7
12
9
5
16
12
8
12
12
10
7
5
8
11
10
8
8
10
12
7
6
5
8
7
8
5
10
6
5
6
6
7
7
6
9
6
14
7
8
8
9
11
11
9
13
9
5
11
9
10
8
10
11
11
11
2
14
13
7
6
6
7
6
9
7
5
5
12
10
8
11
8
16
16
6
12
11
7
7
8
7
8
14
4
6
10
14
5
5
10
13
8
9
10
11
9
9
6
5
7
10
10
8
6
9
8
11
9
9
6
15
8
6
2
10
9
7
5
6
9
7
5
6
9
5
10
13
8
7
7
14
9
13
5
9
11
3
5
8
7
6
12
7
5
4
6
9
8
11
8
6
6
6
10
7
8
13
5
10
9
14
8
9
3
11
8
7
4
7
6
9
12
9
8
11
10
6
5
6
9
11
10
9
6
13
11
9
7
7
9
8
3
10
7
11
10
6
10
3
8
9
5
12
5
4
6
9
9
11
14
11
10
9
13
8
8
8
9
15
11
11
11
9
12
13
6
6
11
12
12
7
12
12
8
3
9
8
9
7
5
4
3
13
12
4
14
12
3
7
5
9
9
6
8
7
11
7
8
9
10
8
5
8
7
9
6
6
4
4
5
8
9
7
13
4
10
8
10
6
9
10
10
4
9
14
3
8
7
8
8
8
10
9
3
12
7
3
13
10
10
15
9
4
3
7
10
6
7
8
8
4
10
6
8
10
9
10
8
7
5
9
7
5
13
4
10
5
6
7
9
5
9
6
13
11
7
6
10
7
5
7
8
4
4
8
13
15
15
14
4
6
7
7
11
9
9
7
5
9
14
9
6
6
8
8
10
5
5
8
7
5
6
4
8
5
8
9
8
3
6
7
8
10
10
7
12
8
6
9
8
11
12
5
10
4
11
12
3
13
11
14
6
4
14
10
16
3
7
4
10
11
4
9
7
9
9
12
12
11
9
11
10
10
7
10
13
11
8
7
15
12
12
11
10
10
6
12
11
9
4
4
7
6
7
6
9
5
7
8
7
7
8
7
4
12
6
5
5
5
8
6
4
4
8
10
3
5
7
9
12
4
6
8
9
10
8
3
6
9
6
8
8
7
11
9
6
9
10
8
9
8
5
4
4
10
3
6
10
9
8
7
10
14
10
4
10
7
12
8
9
9
9
3
5
3
4
7
8
5
9
8
7
4
3
9
10
7
2
4
7
2
6
5
6
12
5
10
6
6
5
4
10
11
3
6
9
7
15
7
9
9
6
6
11
5
6
11
5
6
6
6
10
5
8
5
8
8
5
8
12
7
9
8
6
4
9
7
10
6
3
5
10
9
2
6
8
6
8
6
9
12
8
4
6
5
12
11
9
5
10
11
2
5
7
12
10
10
13
11
7
3
11
11
7
5
9
10
9
7
12
11
7
5
10
16
4
6
8
8
10
12
7
11
5
8
7
9
7
9
9
4
8
8
10
9
7
6
5
8
6
7
3
8
7
4
9
7
5
4
11
9
11
8
10
6
5
14
3
7
6
9
9
6
10
4
9
5
8
11
5
4
5
8
6
8
9
5
7
5
8
10
6
13
10
12
4
5
6
10
7
6
7
3
1
10
7
4
8
11
8
14
6
6
8
5
9
5
8
9
4
13
7
8
6
7
1
7
7
8
3
6
8
14
10
9
8
8
8
10
10
5
8
7
13
10
15
7
7
19
14
11
9
8
5
6
6
8
4
11
9
6
7
12
8
3
6
10
7
4
3
4
3
5
3
7
5
12
6
7
8
11
9
4
7
3
6
1
7
10
5
13
13
7
7
5
13
5
7
6
7
9
2
9
4
10
7
5
9
5
7
3
5
5
9
5
5
8
6
10
4
3
8
4
10
1
2
3
6
9
9
10
6
6
4
6
7
6
5
7
11
6
5
2
5
5
6
9
8
10
11
4
8
3
15
10
7
7
5
11
6
5
10
3
8
8
7
7
5
8
3
6
4
6
9
10
13
9
5
7
6
6
8
11
5
4
4
7
4
6
3
6
6
11
9
8
6
6
8
8
10
9
9
7
7
8
8
2
5
11
10
7
6
3
9
13
4
8
11
12
11
6
8
6
7
13
4
9
2
9
5
3
11
6
7
7
9
8
8
6
7
8
8
9
7
4
8
4
7
7
9
8
5
8
5
5
3
5
9
5
10
10
8
9
5
6
8
3
4
5
4
4
6
4
9
8
11
9
8
6
10
10
7
2
4
8
7
3
9
9
10
10
5
5
8
5
7
7
5
7
3
5
10
3
8
10
7
7
7
3
7
9
8
10
8
7
4
2
10
6
10
7
8
3
7
13
10
4
6
4
7
4
3
10
5
7
4
6
6
8
8
8
7
10
11
6
9
6
6
6
7
8
10
5
3
3
7
8
8
4
8
8
2
7
7
4
4
5
7
4
8
1
9
4
2
5
6
6
7
10
8
7
5
4
2
5
17
4
2
5
4
8
3
9
4
9
4
7
8
11
6
9
5
8
7
10
8
12
8
4
12
9
8
2
5
7
7
8
5
7
6
7
5
4
7
8
8
5
6
6
4
4
11
5
3
8
5
8
11
7
4
11
8
5
3
5
4
5
9
8
8
6
7
9
8
10
6
6
9
1
5
6
3
8
5
5
6
6
5
5
2
9
8
6
5
5
6
6
7
4
6
6
4
9
5
5
5
9
5
5
8
7
6
4
1
5
4
4
13
1
4
10
6
7
6
6
8
4
5
3
8
8
3
4
4
7
3
2
7
2
9
7
11
4
10
6
8
6
8
3
5
5
11
10
5
6
6
5
7
11
6
5
4
5
6
8
4
5
9
4
9
9
4
7
6
4
6
9
6
5
6
10
9
4
7
4
5
6
7
8
5
8
11
1
5
6
9
9
5
8
10
9
10
9
10
8
6
8
6
7
4
10
6
9
12
4
5
10
4
9
6
3
7
9
6
9
4
10
6
5
4
7
6
7
3
7
4
3
4
3
9
8
6
6
9
5
4
5
8
4
7
6
3
7
9
11
9
5
3
5
4
3
6
5
6
6
2
7
5
8
8
6
6
7
6
9
7
5
3
3
7
3
4
3
7
5
4
3
3
9
4
6
2
5
6
10
12
10
12
6
6
10
5
5
3
6
4
6
7
12
6
10
9
10
7
2
7
8
4
3
6
7
6
9
5
5
10
9
3
2
5
4
6
15
1
3
4
10
8
6
3
9
5
6
5
3
4
3
6
10
7
4
8
6
3
6
5
3
4
5
5
5
8
6
9
4
7
2
6
10
8
8
8
3
5
6
8
5
5
8
4
1
5
6
3
3
7
5
4
4
6
3
6
5
6
6
3
3
3
4
7
9
8
8
10
5
7
10
12
6
9
12
8
8
8
6
5
6
5
2
7
2
2
10
4
5
3
6
5
9
7
6
6
6
7
5
7
5
4
9
11
7
4
7
3
4
8
6
8
1
4
4
7
5
7
6
5
3
5
4
6
3
1
9
7
5
8
3
4
7
6
6
5
3
2
5
6
5
5
5
5
6
7
0
1
8
2
7
7
4
6
4
9
5
3
4
2
9
7
5
4
5
7
5
7
4
6
9
2
11
5
1
10
7
5
5
3
3
4
6
6
2
2
7
6
5
3
1
9
6
5
6
8
6
10
7
7
3
8
6
4
4
3
4
7
4
5
4
4
9
2
7
4
4
3
10
6
3
6
3
2
4
4
5
4
6
6
7
3
6
5
7
6
8
5
7
3
6
2
4
4
3
4
8
5
3
7
6
5
8
8
4
3
9
3
5
5
4
1
3
5
6
4
6
2
6
6
10
5
6
6
5
7
5
4
8
10
4
4
6
7
5
7
8
6
8
7
4
5
8
6
2
3
5
8
6
2
6
4
5
4
3
6
7
2
3
7
1
7
4
8
4
5
5
7
0
7
4
5
5
6
2
6
9
2
7
4
5
5
1
5
6
5
12
2
3
6
8
7
3
7
5
7
6
4
5
5
8
4
10
7
6
6
4
8
8
3
5
6
2
1
5
7
4
5
2
2
7
11
6
4
3
3
9
6
10
6
6
8
7
10
8
9
8
3
8
7
9
9
11
5
10
6
3
7
7
6
7
8
11
8
5
4
7
5
6
4
3
10
6
3
4
5
5
4
2
8
3
10
9
9
3
3
4
8
3
3
6
1
4
6
12
9
4
12
8
3
7
7
7
4
8
8
10
4
3
6
7
7
7
2
2
9
4
4
5
5
9
9
6
7
5
6
6
9
4
4
5
5
4
5
3
7
8
3
3
2
10
4
4
3
4
5
6
7
3
4
7
6
9
8
4
5
3
5
5
9
7
7
6
3
3
6
4
7
6
8
6
4
4
5
8
4
5
6
9
5
5
9
8
6
5
5
3
4
2
3
2
4
3
7
6
6
4
3
4
8
6
6
9
6
5
5
5
3
6
5
2
6
6
8
7
4
6
2
4
2
3
4
5
5
5
4
6
6
5
5
7
5
4
2
2
3
4
7
6
4
4
4
5
9
6
3
3
3
6
4
7
3
7
4
3
2
3
9
3
1
5
3
8
3
4
2
8
4
8
5
8
5
5
3
6
5
3
3
6
7
2
7
2
4
1
3
8
7
1
2
4
3
1
6
5
5
8
3
4
3
4
5
7
6
6
7
4
3
3
6
12
6
6
6
6
6
7
10
7
7
10
4
4
2
3
7
2
6
7
5
7
6
7
5
8
4
5
5
4
8
4
13
4
3
4
2
8
3
5
4
2
8
3
5
10
5
8
7
6
7
3
2
4
3
7
0
5
10
5
4
2
1
5
2
3
5
4
4
5
3
3
5
3
10
3
2
4
9
5
2
5
2
3
6
4
5
3
8
5
1
5
7
4
3
5
6
4
2
5
5
9
3
4
7
6
3
8
6
1
7
7
5
4
4
5
5
5
3
5
3
11
4
6
5
3
5
6
1
9
2
9
4
4
6
3
5
3
5
4
5
9
14
3
7
4
4
4
3
6
5
8
2
3
6
3
5
6
6
5
4
4
5
5
6
5
7
1
3
7
5
7
3
4
5
3
1
6
5
2
2
2
5
8
11
6
7
4
4
6
4
7
3
3
8
1
7
7
8
4
7
9
8
5
5
3
4
4
10
6
8
5
8
8
5
9
9
6
7
9
13
5
4
10
6
7
10
4
9
3
7
2
7
5
4
5
3
9
4
3
4
7
3
8
4
3
6
4
2
4
4
4
9
5
4
2
3
7
1
8
2
5
6
3
5
3
4
3
8
5
8
2
6
5
7
3
5
8
4
1
7
5
4
6
7
4
4
4
13
5
4
4
1
4
8
8
4
7
6
4
6
7
4
2
7
4
10
7
3
6
3
5
4
4
3
7
11
7
1
1
9
5
4
5
4
9
5
7
7
5
6
4
7
6
2
3
2
9
6
8
6
6
0
7
1
1
5
3
7
5
3
8
6
1
3
6
3
5
3
3
2
2
2
3
8
3
6
3
6
0
2
7
7
6
7
9
3
0
8
4
8
6
4
4
4
6
6
3
4
8
4
5
8
2
6
3
7
8
6
4
8
10
3
4
3
6
4
3
2
5
5
5
1
4
4
4
3
4
2
5
8
2
7
5
3
7
4
8
4
2
1
3
5
7
1
6
1
5
7
4
4
4
4
6
5
5
6
6
4
4
5
3
1
6
6
4
1
4
8
4
5
5
3
1
5
4
3
6
0
4
5
2
1
5
4
2
4
5
5
7
4
2
5
6
4
6
2
6
5
3
5
9
3
1
4
1
1
2
3
4
4
2
4
1
1
5
5
7
5
7
5
2
4
3
8
4
1
2
3
0
1
3
4
2
5
3
1
4
7
5
5
2
5
8
7
1
8
5
2
7
2
1
4
5
3
1
5
2
3
3
6
2
4
11
4
9
3
4
8
6
3
11
3
3
7
4
5
5
2
3
2
4
7
4
1
3
6
4
6
5
3
6
6
3
7
4
4
4
2
3
0
4
4
3
3
1
3
3
3
6
4
4
4
2
0
3
4
4
4
8
4
3
4
3
7
4
5
5
2
6
4
3
2
2
5
5
3
4
2
2
3
7
3
6
5
3
1
7
4
2
3
3
5
5
7
7
10
5
1
2
8
11
4
9
8
8
6
9
2
2
6
5
7
2
7
5
7
4
1
4
6
3
2
1
2
5
5
4
4
2
6
5
3
4
4
5
7
8
8
3
2
4
6
2
7
10
7
6
6
9
6
2
1
3
3
3
1
7
5
3
3
5
4
2
6
7
6
6
4
3
5
5
6
11
6
3
4
6
0
5
7
11
8
1
3
9
4
5
5
6
6
6
2
2
3
3
4
9
2
3
1
6
3
2
1
5
5
10
6
1
5
4
7
9
3
2
2
1
5
3
5
6
4
2
3
6
4
4
4
1
3
6
4
2
7
3
3
2
6
5
7
4
6
4
5
8
5
3
5
4
2
5
2
4
5
6
1
4
5
4
6
5
8
12
7
5
3
7
3
5
7
6
3
2
6
6
3
3
1
6
3
5
5
7
5
5
3
5
2
5
4
5
4
1
3
3
2
4
6
4
7
3
2
4
1
3
7
6
6
6
2
2
9
9
3
5
5
4
4
3
3
1
2
4
4
6
2
3
5
3
4
3
1
1
6
7
5
4
3
3
2
7
3
6
2
3
0
3
4
5
6
4
5
0
7
4
0
2
5
4
5
5
7
4
9
4
4
2
4
3
1
1
3
2
3
2
1
1
2
4
2
5
4
3
4
7
3
2
0
2
4
7
1
3
2
2
4
2
3
3
4
3
2
3
6
1
5
4
10
3
2
3
4
5
1
2
2
2
5
4
3
3
2
7
5
4
3
1
3
3
3
4
4
7
8
3
2
4
8
1
3
1
0
5
6
1
3
5
2
1
5
6
4
3
3
2
4
6
1
5
2
4
6
5
3
4
2
6
4
7
4
5
5
7
4
4
2
3
2
4
3
6
3
2
4
1
7
5
3
2
4
3
2
2
3
5
4
4
1
3
5
4
1
4
7
3
5
1
0
0
4
6
1
6
2
4
5
3
3
3
4
3
3
5
8
7
5
8
5
6
4
2
3
5
3
1
4
5
6
7
4
7
7
5
4
2
3
5
3
4
7
4
1
1
2
4
3
2
4
2
3
4
4
0
5
4
3
3
1
5
4
4
7
6
2
1
5
4
0
3
2
3
7
5
3
4
2
2
6
2
2
2
6
0
4
6
3
7
1
4
2
2
0
2
4
4
1
7
6
3
2
3
2
5
2
2
2
4
2
3
8
5
2
3
1
4
3
5
6
0
2
6
1
2
5
2
1
2
4
7
5
1
1
10
4
4
4
6
2
4
8
2
6
5
12
0
2
11
7
5
4
3
3
3
6
2
3
4
2
4
1
6
3
4
5
1
3
9
0
1
3
3
3
3
5
3
0
1
1
3
5
1
5
2
2
1
5
4
4
4
5
3
4
6
6
7
3
1
5
3
6
2
2
5
3
1
3
4
1
4
2
3
5
3
2
0
7
3
5
5
5
1
4
4
1
4
7
5
2
3
3
3
1
3
2
2
6
6
1
2
2
2
4
4
6
3
2
5
6
2
6
8
5
9
6
4
8
8
2
1
7
6
2
4
3
3
2
2
3
0
0
1
6
4
2
8
0
4
3
5
7
0
4
3
4
4
2
3
5
4
2
3
4
2
5
6
6
4
5
4
4
3
3
7
5
3
6
6
0
5
3
5
1
2
2
5
2
1
2
5
1
4
3
3
0
1
0
2
3
4
2
1
0
1
7
1
2
2
0
2
4
5
3
5
5
2
4
3
4
1
6
1
7
5
1
5
3
6
6
7
8
11
10
11
12
8
5
3
9
4
7
5
1
3
4
8
2
3
2
6
4
1
4
5
3
7
6
3
3
4
1
8
4
4
4
1
2
7
1
6
1
4
2
6
4
0
4
5
4
6
3
1
4
0
5
2
2
0
2
2
3
2
2
4
3
4
4
2
3
6
3
0
4
5
3
5
4
2
2
4
7
4
6
5
0
5
1
6
7
3
3
5
2
3
2
5
2
3
2
2
3
3
5
1
3
2
3
6
4
3
2
1
3
3
4
2
3
3
2
2
3
3
4
3
2
3
1
1
4
2
5
4
0
5
6
2
4
2
3
5
2
7
2
7
3
4
6
2
7
2
3
3
2
6
4
6
5
0
5
3
5
1
3
2
3
3
6
3
0
4
1
4
3
5
5
0
0
2
5
1
4
2
4
3
4
4
2
6
1
3
3
4
6
8
3
5
0
3
3
4
4
4
1
2
2
3
1
2
0
5
6
2
3
4
3
5
1
2
2
5
1
9
0
3
5
0
2
2
5
6
2
2
3
3
4
2
4
1
2
2
4
7
2
5
6
4
1
2
1
3
2
4
6
3
2
8
2
3
1
9
7
8
2
4
3
7
5
2
5
7
4
6
4
4
0
2
2
4
3
2
0
2
3
3
1
4
5
3
3
3
3
3
1
2
3
3
2
1
2
0
3
1
0
0
3
5
1
2
1
2
3
4
4
3
1
0
2
5
2
2
1
0
4
1
4
5
2
1
3
1
1
0
4
3
2
4
3
5
2
1
1
3
2
5
7
5
5
5
2
6
4
5
6
2
5
2
3
2
4
1
3
3
6
3
7
3
4
4
3
2
3
5
2
1
5
7
0
5
0
0
5
6
2
4
3
1
2
4
2
6
4
4
6
4
3
6
4
4
4
9
6
5
8
3
6
4
3
2
4
3
3
3
5
3
9
3
4
1
3
2
5
4
2
2
6
7
2
1
1
1
3
3
2
5
1
4
1
6
0
2
2
2
0
2
3
5
2
3
1
3
2
5
2
3
3
3
5
1
3
2
3
2
1
4
0
3
6
1
3
1
2
4
3
4
2
5
3
6
1
2
2
0
2
2
4
5
1
1
1
4
4
1
0
4
4
2
5
1
4
3
2
5
6
4
4
2
5
2
4
5
5
5
1
3
2
5
6
2
0
1
10
3
2
2
2
2
2
3
4
2
1
2
2
3
0
2
1
1
1
0
3
9
0
1
1
3
2
3
2
2
2
1
1
4
1
3
3
4
2
2
3
2
4
9
5
2
2
3
2
2
0
2
1
0
3
1
1
2
0
3
5
3
3
2
4
1
2
1
3
5
1
0
1
1
4
4
3
3
3
5
2
1
3
3
3
2
2
4
1
1
1
2
1
2
1
3
2
2
3
1
5
2
1
3
2
0
1
3
5
1
3
1
2
5
3
4
5
3
3
5
0
4
6
4
6
3
3
4
2
2
1
6
5
9
3
2
3
3
3
1
1
3
2
0
2
1
4
3
5
3
2
2
0
4
1
5
2
4
1
0
3
1
4
5
1
1
5
5
2
4
2
0
2
2
2
4
1
1
2
1
4
2
3
3
3
2
3
1
5
4
4
2
2
2
4
2
1
2
5
4
1
2
0
4
4
1
4
3
4
2
3
1
3
7
5
0
1
2
3
2
1
4
2
1
1
2
2
1
0
0
2
3
2
5
1
0
3
1
4
3
3
2
7
2
2
1
1
1
4
2
1
3
2
2
3
3
1
2
2
4
5
3
1
4
3
4
4
4
6
5
6
2
2
3
6
1
3
2
3
2
1
5
4
1
2
1
3
3
0
3
0
3
3
3
2
5
0
1
2
1
0
2
2
0
0
0
2
1
7
3
2
5
3
4
3
2
5
3
1
0
5
1
3
2
2
2
2
1
2
4
1
3
4
2
1
2
2
2
6
0
4
6
3
2
0
5
0
2
2
4
2
5
2
1
3
1
4
0
2
1
4
4
4
4
2
2
2
3
1
2
2
1
1
2
5
10
1
2
1
1
3
1
1
2
2
2
2
2
4
1
5
3
1
1
5
3
4
3
3
1
1
2
4
3
3
2
3
1
3
5
4
2
2
3
2
3
1
4
2
1
3
2
1
1
1
2
4
2
5
2
1
1
2
2
1
2
7
3
2
1
1
2
5
3
5
1
7
3
6
5
5
5
2
5
8
3
6
2
4
10
6
6
8
7
10
4
6
5
9
8
4
4
3
6
0
3
2
2
3
1
4
1
1
1
6
4
3
5
2
3
0
2
3
3
1
2
1
3
3
1
4
1
4
0
1
2
2
2
1
3
2
1
3
1
3
2
3
1
6
2
2
2
2
2
5
2
2
2
4
0
3
2
0
6
4
2
4
1
2
2
1
4
0
1
1
1
1
2
2
1
3
3
6
2
1
1
4
0
3
6
2
2
0
1
2
2
1
0
1
1
0
3
3
3
4
2
4
1
2
3
2
5
3
3
5
0
4
1
2
2
3
5
2
0
2
1
4
2
3
6
2
3
3
3
3
5
2
1
2
1
2
3
1
5
1
4
1
0
2
6
5
4
3
3
4
2
1
3
5
2
3
2
0
0
3
2
1
5
1
1
4
4
4
6
3
3
4
0
2
2
4
3
3
5
1
1
0
4
2
3
1
1
2
1
3
3
1
4
2
1
4
3
2
5
1
0
4
5
1
1
1
2
1
6
3
3
5
2
4
3
0
3
3
1
4
2
0
1
2
4
2
3
2
1
1
1
3
3
2
2
5
3
1
4
3
4
3
2
0
5
2
2
3
1
1
2
3
3
5
3
4
1
3
3
5
0
0
3
4
2
0
1
0
0
3
0
0
0
0
1
1
4
0
1
3
0
3
3
1
2
4
0
0
2
2
1
2
1
3
4
1
0
5
4
2
2
2
1
2
2
0
2
1
2
1
1
1
1
1
0
2
1
4
2
3
2
1
0
1
1
3
3
1
1
2
2
2
2
4
3
1
2
2
0
2
3
2
1
2
1
1
3
1
1
2
1
2
1
3
1
3
3
0
1
2
1
2
2
2
2
4
3
2
2
1
2
5
1
5
5
4
1
4
1
3
7
1
4
0
2
4
2
1
2
2
1
2
1
2
5
3
1
2
2
1
4
4
0
4
3
1
3
0
1
4
2
1
2
1
0
2
0
2
1
4
2
3
1
5
1
1
3
1
1
1
3
2
2
2
4
0
2
1
4
1
1
2
1
1
2
2
3
2
0
1
3
4
1
1
2
1
4
1
1
5
5
2
5
1
4
2
3
4
4
5
0
1
2
1
1
0
3
3
4
3
2
1
2
6
1
3
2
8
3
4
6
4
2
4
1
1
5
2
1
2
1
0
1
3
1
1
1
1
2
4
1
2
2
0
1
2
1
2
2
2
1
2
2
0
2
2
2
5
1
6
2
2
2
2
3
4
0
3
4
2
3
1
1
3
1
1
1
0
1
0
3
4
3
2
3
0
2
1
1
4
2
5
1
3
1
3
1
2
1
3
0
2
4
2
5
2
0
1
1
3
1
4
3
7
2
1
3
3
2
2
5
7
2
3
2
5
2
0
2
2
2
4
2
2
1
0
5
0
1
2
2
1
5
3
1
3
1
0
3
8
2
3
2
4
3
5
3
2
6
2
2
1
2
1
1
5
0
4
1
2
0
0
2
1
2
4
2
3
1
1
1
1
3
3
2
1
1
3
1
2
2
4
0
0
0
0
0
0
2
1
1
4
0
2
2
1
1
6
3
1
2
3
0
2
3
0
2
0
3
1
2
1
2
1
3
2
2
2
0
0
3
1
3
4
2
0
2
0
1
1
3
1
3
2
2
0
2
1
1
1
1
3
2
3
2
0
0
2
3
2
4
3
2
2
0
1
1
1
1
1
4
2
0
2
1
3
2
3
0
1
3
3
0
5
4
1
1
2
3
2
1
2
1
0
2
2
3
2
1
2
2
2
2
0
4
3
3
2
5
3
4
4
1
1
3
1
1
0
2
1
2
2
3
2
3
5
4
1
0
2
2
1
1
5
4
0
3
1
0
0
2
1
1
4
2
4
1
5
2
1
1
3
3
1
3
2
0
0
1
1
1
2
3
1
2
1
2
0
4
1
1
1
2
2
1
1
0
2
2
1
0
2
2
3
0
2
4
1
1
1
0
1
1
1
2
8
3
0
1
1
3
2
6
3
3
2
1
7
1
0
3
1
5
1
2
3
1
1
3
1
1
2
1
2
3
3
3
4
0
2
1
5
4
2
5
1
3
2
3
4
5
2
0
2
0
2
1
1
3
3
1
2
1
2
7
5
1
0
1
1
0
4
0
2
0
1
2
1
0
0
6
3
3
4
0
1
2
2
2
1
1
4
1
2
2
2
1
0
2
3
1
1
0
3
2
2
5
1
4
1
4
4
1
3
1
4
0
0
0
1
0
2
2
4
0
3
1
4
1
3
0
2
1
2
1
2
2
5
2
0
2
1
0
2
1
2
1
1
1
3
0
0
0
2
0
1
1
0
1
2
3
2
0
2
4
4
3
4
3
2
1
4
2
1
2
4
0
3
0
0
1
5
2
3
1
2
3
1
2
0
0
5
2
2
1
1
0
2
3
0
1
1
2
0
1
2
3
0
2
1
2
1
5
0
2
0
1
2
2
1
0
1
1
0
2
1
1
2
3
3
4
0
7
1
5
1
3
1
0
0
2
5
0
3
4
2
2
1
1
1
4
3
0
2
0
2
2
2
2
1
0
0
0
3
1
1
3
3
1
4
1
1
3
0
0
1
3
2
1
1
2
0
2
2
0
1
1
1
1
2
2
2
4
0
0
1
0
2
5
2
2
2
0
2
0
1
2
1
0
1
1
3
1
3
5
0
2
2
0
2
2
5
2
1
1
3
3
1
3
0
1
3
0
0
3
2
1
5
0
1
2
2
3
3
1
4
0
0
2
1
2
2
2
0
1
3
0
0
1
3
1
1
0
2
3
1
0
4
5
3
3
6
2
0
1
6
0
2
1
2
1
2
0
3
5
2
1
4
4
4
1
1
3
0
3
3
1
1
1
2
3
2
2
3
2
4
5
4
0
1
0
1
1
0
1
1
3
0
0
1
2
2
2
2
0
1
2
1
2
1
1
4
3
2
2
0
1
0
1
2
0
1
1
4
2
2
2
1
1
5
3
1
3
1
2
0
1
1
2
2
1
0
1
0
1
1
4
0
0
1
1
1
1
1
1
1
1
1
1
1
1
3
2
2
3
0
1
4
4
0
0
0
2
1
0
0
0
0
2
1
1
3
2
1
1
0
1
2
2
1
0
1
2
1
1
4
2
4
1
3
3
0
0
1
1
1
2
1
2
1
1
3
3
1
1
1
2
1
3
1
1
1
3
1
3
1
0
1
1
2
1
2
1
3
2
3
1
0
0
0
1
1
2
4
1
2
3
0
1
1
2
1
1
0
0
1
3
1
2
3
1
1
4
1
1
1
2
4
1
2
3
1
2
0
2
2
3
1
0
1
4
0
3
3
0
1
2
2
2
0
2
2
2
1
0
1
1
2
2
1
3
0
1
0
0
0
1
1
2
0
2
0
0
1
6
0
0
3
1
3
2
3
1
0
0
2
3
1
2
2
1
3
3
4
1
0
2
2
4
1
1
2
3
1
3
0
1
2
3
3
5
1
1
6
2
3
2
1
1
2
3
2
1
4
1
2
1
1
0
3
2
2
2
1
2
4
2
2
0
0
1
2
2
1
3
3
4
2
3
2
1
4
2
0
1
2
3
1
3
1
1
2
2
1
4
4
2
1
2
1
0
2
3
1
2
1
4
0
0
0
1
2
1
1
1
1
0
1
0
2
1
2
1
1
3
0
4
3
0
0
1
1
1
0
1
0
0
2
0
1
1
1
0
2
1
3
2
2
3
0
1
1
2
1
3
3
2
4
4
1
1
0
0
0
1
2
0
1
1
1
0
1
1
1
3
0
2
1
1
2
3
0
2
0
1
0
3
2
2
0
2
1
0
3
3
1
2
0
1
2
1
1
3
2
0
2
1
2
1
1
1
3
0
0
1
2
2
2
1
2
5
3
1
0
3
2
3
1
4
2
1
0
3
0
1
1
3
0
3
0
2
0
1
3
1
1
0
1
4
1
2
1
3
3
2
1
3
3
1
1
2
1
2
2
1
1
1
3
0
1
2
3
0
3
0
0
0
3
3
2
4
4
2
1
2
1
3
2
0
5
3
5
3
1
0
2
1
2
2
1
2
0
0
1
1
0
1
1
0
1
0
0
1
1
2
1
3
1
0
1
1
2
3
2
0
3
1
1
1
0
0
1
1
1
1
2
0
1
3
1
3
2
6
3
0
3
2
2
0
0
2
1
1
0
3
1
2
4
1
3
2
3
1
2
3
2
1
0
5
5
1
6
1
2
2
2
0
1
1
0
0
1
0
1
4
0
0
1
1
1
1
2
3
4
3
4
0
3
2
3
1
2
3
1
0
4
0
1
1
0
0
2
3
1
1
1
2
0
3
1
1
0
4
4
2
1
2
0
3
1
0
3
1
2
2
0
1
1
0
2
5
0
0
0
3
1
1
1
3
1
1
1
1
0
2
3
2
2
2
2
0
0
0
1
2
1
0
2
2
2
2
0
2
0
1
2
0
4
3
1
3
1
2
1
1
0
2
2
1
3
2
4
1
1
0
3
3
5
0
1
2
2
0
2
1
3
0
1
1
0
3
2
3
0
1
1
1
2
2
0
0
3
4
0
0
3
2
3
1
3
3
4
3
3
3
3
2
2
0
2
1
0
0
3
1
0
1
1
2
2
1
2
0
1
0
2
1
1
3
1
1
3
1
4
1
1
2
0
2
0
0
1
2
2
5
0
0
1
1
1
2
1
2
0
2
0
0
3
1
0
2
1
4
0
4
1
1
2
1
1
0
3
1
2
0
2
1
1
3
2
0
2
1
2
0
0
0
0
1
1
1
0
2
0
6
2
3
1
6
0
1
0
3
2
2
1
0
0
2
3
1
1
1
2
1
1
4
1
1
0
2
0
0
0
1
2
1
1
2
1
0
1
2
1
2
1
2
1
0
0
2
1
2
0
3
1
1
0
1
0
0
3
0
1
1
0
0
3
2
2
2
3
0
$ENER_FIT:
0.5854 0.193915 2.347898e-08
$MCA_CAL:
3
0.5854 0.193915 2.347898e-08
$SHAPE_CAL:
3
0.0000 1.000000e+00 0.000000e+00
$ENDRECORD:
