$SPEC_ID:
Shot 137
$MEAS_TIM:
160.00000 220.00000
$DATE_MEA:
08/27/2021 14:37:54
$DATA:
0 16383
0
0
0
0
0
0
0
0
0
0
0
0
0
0
0
0
0
0
0
0
0
0
0
0
0
0
0
0
0
0
0
0
0
0
0
0
0
0
0
0
0
0
0
0
0
0
0
0
0
0
0
0
0
0
0
0
0
0
0
0
0
0
0
0
0
0
0
0
0
0
0
0
0
0
0
0
0
0
0
0
0
0
0
0
0
0
0
0
0
0
0
0
0
0
0
0
0
0
0
0
0
0
0
0
0
0
0
0
0
0
0
0
0
0
0
0
0
0
0
0
0
0
0
0
0
0
0
0
0
0
0
0
0
0
0
0
0
0
0
0
0
0
0
0
0
0
0
0
0
0
0
0
0
0
0
0
0
0
0
0
0
0
0
0
0
0
0
0
0
0
0
0
0
0
0
0
0
0
0
0
0
0
0
0
0
0
0
0
0
0
0
0
0
0
0
0
0
0
0
0
0
0
0
0
0
214
255
243
300
217
273
239
222
237
251
244
268
240
255
236
269
263
258
236
227
227
243
246
250
235
231
210
256
238
237
236
230
258
242
227
245
251
196
267
222
240
191
226
264
232
234
230
229
237
207
252
253
214
224
218
236
212
257
228
220
218
204
236
212
244
212
210
219
219
224
200
200
245
215
238
225
235
258
222
219
221
191
216
194
224
228
204
187
207
230
201
242
216
220
220
221
224
205
181
204
204
193
217
230
202
214
203
192
207
210
221
191
209
235
233
221
213
244
216
218
255
238
221
226
219
219
231
189
228
219
204
233
228
225
258
212
202
222
235
234
259
236
246
272
329
364
388
459
442
407
398
308
324
319
321
296
249
234
236
199
223
197
187
198
215
182
206
209
219
208
216
192
206
196
207
194
211
223
208
203
208
223
214
235
187
236
243
233
227
234
252
240
209
236
202
233
188
208
208
201
217
232
227
218
257
223
208
210
196
215
199
225
209
221
191
221
215
214
238
213
225
210
225
212
220
252
245
221
219
207
216
245
251
301
313
285
273
214
202
199
217
222
224
222
229
201
206
180
191
178
202
202
169
195
176
191
194
196
218
194
217
213
203
238
215
206
237
212
212
197
230
245
246
287
297
398
401
337
334
264
234
255
207
197
194
215
247
229
220
216
204
226
225
241
239
301
313
331
314
316
269
262
210
251
229
237
216
215
202
201
190
217
239
219
238
223
188
191
217
216
212
218
203
242
268
284
295
256
293
269
244
222
231
220
190
204
218
201
200
185
212
189
212
203
183
186
180
189
205
209
201
241
213
223
205
188
196
221
215
193
198
173
197
175
207
217
191
204
190
190
201
190
204
188
190
207
178
167
172
196
178
191
186
211
175
183
200
190
168
174
202
208
195
182
216
206
224
214
192
213
209
186
215
215
190
201
194
180
181
175
206
175
197
200
182
186
190
233
210
234
223
197
197
202
172
169
157
176
195
158
145
162
150
163
171
152
168
151
146
163
168
157
153
167
177
187
169
191
178
194
156
165
169
195
146
205
176
170
179
181
165
197
168
200
167
194
184
176
168
159
166
162
174
157
180
185
148
146
163
194
175
177
190
190
210
190
175
197
209
246
222
265
276
307
337
374
380
351
330
355
318
341
387
385
386
333
344
258
256
231
201
217
177
198
175
161
178
183
173
180
165
186
160
176
178
190
163
181
180
178
177
196
215
180
210
185
171
188
178
180
155
164
178
191
168
166
170
159
168
169
178
168
192
184
210
190
231
253
197
198
165
171
166
188
180
184
232
221
214
222
222
245
211
186
182
168
169
153
162
142
144
167
184
165
159
155
176
159
157
160
182
151
176
167
182
173
161
183
193
192
192
189
190
205
176
174
185
193
182
181
175
160
170
168
199
191
188
178
204
192
176
180
188
154
177
146
154
147
168
158
148
128
125
132
145
153
150
136
156
151
170
168
149
176
211
180
179
183
159
166
169
132
145
149
159
140
136
146
173
174
183
207
234
216
173
187
176
170
174
159
141
149
155
153
178
165
161
162
179
144
167
155
205
199
190
212
200
172
194
194
206
210
252
239
221
229
229
217
202
183
171
133
169
162
162
158
163
194
151
150
169
143
154
160
158
140
129
154
169
162
145
142
152
151
150
190
165
180
174
170
145
172
169
174
173
173
150
135
162
127
108
135
150
143
140
134
124
153
136
150
139
123
141
128
144
134
136
128
147
130
149
131
111
129
138
158
161
154
125
162
164
153
185
203
214
269
216
203
178
190
178
189
211
255
286
227
237
208
183
147
171
164
152
131
155
158
158
129
123
139
145
159
172
150
156
157
150
162
131
183
170
181
163
150
125
125
142
150
129
151
145
148
131
115
110
111
123
123
152
115
133
129
130
126
156
121
163
144
132
142
115
124
131
131
112
117
137
113
137
139
143
125
133
142
122
141
132
121
127
135
137
123
145
135
143
146
145
116
137
129
155
158
140
158
162
183
210
228
264
261
239
206
244
208
221
184
186
181
173
147
123
147
138
160
165
182
143
161
134
148
158
155
165
161
144
154
143
186
182
165
192
177
215
208
225
215
242
295
327
360
368
343
305
242
216
197
194
146
174
137
152
166
152
133
141
146
158
134
120
161
129
155
121
139
137
115
134
145
137
146
136
137
134
144
141
155
130
149
131
164
135
121
108
127
134
124
106
138
128
119
157
135
138
151
126
162
129
131
125
140
127
127
137
117
121
148
147
143
151
146
138
146
125
106
107
105
122
114
111
120
108
108
115
101
109
112
112
92
109
120
120
132
115
103
107
92
114
111
96
121
116
114
121
113
117
137
129
97
104
105
121
114
113
110
126
104
99
106
114
115
137
95
119
130
115
133
112
115
124
100
104
131
111
98
117
91
97
110
98
116
120
126
97
140
138
134
164
148
125
129
109
114
109
129
120
97
126
120
139
128
130
121
123
135
121
126
121
112
125
113
99
105
114
125
110
125
101
115
138
126
145
120
118
123
121
130
109
140
145
158
146
170
160
143
111
125
116
106
124
140
115
116
126
154
150
145
167
146
137
126
123
106
105
125
104
131
162
115
109
107
102
115
117
89
118
113
113
102
108
94
103
108
91
91
121
116
109
122
120
133
113
129
111
102
110
86
121
105
107
112
137
128
123
143
98
125
109
125
181
142
160
203
207
227
235
213
223
194
168
138
117
114
118
117
101
106
107
122
115
118
103
140
129
93
128
132
126
134
135
126
118
123
121
107
125
116
120
129
141
138
156
143
137
129
118
129
125
139
106
130
110
88
112
104
96
98
123
90
104
88
98
102
102
97
96
87
81
90
94
93
98
94
90
101
111
102
103
86
92
90
110
110
108
94
92
95
114
75
99
83
99
105
98
113
111
111
110
105
107
104
109
121
106
137
138
126
139
125
149
139
155
131
128
123
166
161
189
145
157
146
107
133
108
124
120
114
104
105
102
119
129
144
129
121
121
130
110
136
128
150
136
163
154
148
165
143
136
106
118
94
101
103
112
96
96
99
90
95
106
109
90
103
90
92
109
116
136
160
154
181
190
180
138
129
117
101
93
104
124
116
129
149
122
137
119
118
112
91
89
87
115
119
119
109
134
152
148
143
153
117
99
106
105
87
84
102
98
92
113
89
91
77
98
96
102
74
78
76
109
108
145
162
156
139
126
117
94
87
76
87
84
85
78
87
87
109
116
89
98
83
78
80
126
128
120
132
125
129
123
100
104
102
116
79
75
79
68
75
75
83
73
83
96
78
81
70
85
83
88
95
77
90
94
80
105
78
96
74
92
80
73
73
89
67
61
76
81
93
80
109
106
92
83
85
93
99
97
99
109
108
103
81
80
82
83
69
79
76
68
71
84
81
90
65
91
53
93
78
81
103
95
81
110
92
101
105
87
91
83
115
114
113
83
92
77
89
101
84
88
89
96
88
84
93
86
76
76
64
88
100
91
83
74
64
90
76
104
98
90
81
97
73
83
96
96
108
100
110
109
122
104
121
93
79
95
78
84
76
73
81
82
94
91
116
120
113
110
110
116
113
113
122
136
117
105
113
162
167
168
173
152
167
138
103
98
79
88
85
67
70
75
75
72
75
69
66
69
69
82
89
71
84
78
107
83
102
86
101
84
79
70
79
65
82
51
69
73
79
73
73
65
62
80
78
68
68
59
82
90
79
82
85
88
90
93
96
101
120
141
154
149
142
108
110
103
83
106
77
76
88
78
87
70
69
88
64
70
77
74
89
67
83
83
71
68
69
72
69
60
85
82
78
66
54
96
80
77
68
75
65
67
81
71
72
73
76
83
79
80
76
61
70
74
62
64
73
77
82
82
73
69
68
85
80
57
74
81
67
69
64
58
73
64
78
70
67
78
68
86
78
73
100
70
79
77
77
72
73
66
64
75
78
91
71
76
59
64
92
63
64
85
67
61
65
73
62
63
76
74
63
79
86
82
77
48
71
89
74
71
99
101
91
78
83
80
77
74
83
79
72
65
77
76
64
66
69
64
69
76
74
64
66
70
62
65
56
65
82
78
69
69
71
89
83
89
80
93
81
84
82
71
82
72
68
80
62
67
68
77
85
92
83
67
70
85
81
95
76
90
95
90
75
102
95
102
86
92
75
80
94
69
68
86
80
105
105
98
125
161
185
193
266
312
320
310
251
207
190
130
120
98
102
86
93
79
83
101
84
79
75
82
77
103
90
108
61
77
66
81
75
73
76
69
85
86
78
77
82
81
78
61
71
71
61
74
66
77
79
74
80
69
102
87
108
123
131
111
124
106
87
79
64
77
77
65
75
63
93
68
59
55
64
64
66
65
83
68
61
66
63
63
60
69
66
65
64
66
71
70
56
60
81
54
44
49
74
59
64
64
54
50
55
48
57
67
75
64
67
63
78
60
62
70
53
69
57
60
68
54
64
63
61
66
81
75
78
57
68
70
80
62
62
56
65
72
75
76
83
80
113
89
85
71
66
83
57
70
77
60
70
76
69
53
68
64
59
55
65
69
78
70
66
70
68
69
56
88
79
65
60
84
77
72
85
78
69
83
86
95
86
84
85
86
90
66
86
77
73
76
86
76
81
84
89
91
94
87
71
86
100
75
58
58
67
60
71
62
76
59
56
57
58
64
60
64
76
69
62
87
70
75
69
70
70
73
67
58
75
54
76
66
55
50
60
66
69
52
53
63
63
65
62
59
48
54
50
53
54
66
62
49
61
61
58
52
51
50
62
46
79
57
71
59
63
52
59
53
53
56
74
50
88
84
97
86
84
87
80
86
61
60
82
59
64
64
62
59
69
66
61
57
61
77
65
77
63
80
79
89
86
105
79
80
102
104
85
80
61
46
69
60
62
75
56
49
63
60
48
53
56
63
68
78
46
55
55
52
51
66
57
60
64
60
68
67
55
70
63
68
74
74
56
62
67
54
59
65
66
60
60
69
77
55
64
56
67
65
60
68
50
72
59
75
62
73
79
73
69
58
65
61
69
67
59
75
64
59
66
67
57
54
68
51
54
37
47
51
60
57
44
43
49
76
49
39
53
56
63
51
71
54
52
59
48
54
61
52
67
55
57
44
54
58
49
44
53
56
52
41
41
55
57
61
46
50
57
56
48
65
47
44
45
51
52
70
43
56
55
68
56
47
60
63
67
49
57
46
63
46
50
50
48
49
42
49
50
43
58
35
51
38
55
40
45
51
50
45
53
54
39
53
42
44
47
48
58
51
37
58
48
43
53
56
59
59
77
68
78
52
71
55
59
58
59
56
56
51
40
58
48
53
49
57
37
55
48
47
54
40
50
44
48
60
39
48
53
43
68
61
44
51
44
57
58
51
38
62
58
51
49
42
56
47
67
53
58
59
60
64
63
55
59
62
56
58
56
61
51
61
67
61
52
58
61
63
60
59
55
50
66
50
45
75
67
65
59
64
51
57
64
61
53
62
63
66
61
70
71
84
69
79
88
82
106
106
126
141
126
123
138
144
105
118
134
98
103
117
96
92
80
89
87
75
61
60
62
61
64
59
69
68
59
72
54
62
51
45
51
48
44
49
47
40
59
56
62
47
54
53
54
61
58
58
48
53
54
47
61
57
43
37
41
44
53
49
48
69
46
40
52
50
44
60
39
56
45
39
54
43
49
64
60
53
44
49
61
37
62
52
51
57
45
43
49
70
65
70
68
66
62
64
54
53
62
38
50
45
51
55
54
46
47
53
51
52
61
55
49
61
58
47
51
56
55
68
67
53
47
62
59
60
73
71
75
79
64
65
77
53
75
42
44
61
51
49
41
42
50
52
41
42
60
53
55
53
55
77
61
75
40
70
77
98
102
116
127
109
108
75
76
60
65
61
60
69
47
56
65
57
49
54
54
51
46
54
42
54
54
59
45
52
43
57
57
41
51
39
37
36
56
50
57
38
31
52
44
55
41
36
51
37
44
52
41
49
38
47
46
49
45
51
46
39
48
39
57
53
53
39
52
52
47
46
56
48
53
51
53
57
51
57
54
47
54
47
37
51
37
60
45
46
64
42
52
41
44
42
51
32
48
35
46
41
34
51
43
41
53
50
43
30
62
62
50
58
68
59
62
77
46
61
48
62
39
52
42
32
46
42
39
56
41
47
45
49
58
36
33
31
47
54
47
45
45
48
50
51
36
43
40
46
47
54
44
39
31
40
49
46
49
41
35
44
40
48
39
29
34
42
47
41
26
51
34
33
34
37
41
39
38
35
37
51
48
51
49
40
49
45
47
60
41
39
46
45
50
57
58
43
47
56
47
31
44
48
46
43
43
35
42
55
43
47
48
35
49
54
50
51
43
44
57
55
55
52
44
44
42
72
49
58
67
50
42
65
49
47
38
55
44
49
39
44
55
40
48
45
47
57
47
54
56
60
66
89
88
117
137
123
111
120
83
80
54
58
48
58
40
39
42
35
52
48
46
43
56
43
47
39
56
42
50
47
49
41
51
47
48
39
56
37
37
51
38
43
56
44
50
47
38
51
56
42
49
42
48
57
64
57
58
69
71
84
89
91
127
131
179
186
237
206
249
235
173
149
111
91
93
73
78
64
61
48
62
71
56
64
59
50
55
67
40
49
29
42
50
42
33
45
39
45
44
53
57
55
52
52
54
60
39
43
47
44
58
37
49
37
50
49
47
47
50
46
43
44
42
34
50
46
45
34
53
44
45
43
44
43
35
34
36
31
35
35
53
44
41
39
54
35
39
33
35
48
51
50
41
52
53
31
48
51
39
49
51
36
47
59
49
36
55
47
45
54
44
39
52
44
39
49
47
35
44
33
35
39
36
40
52
43
40
31
44
36
38
39
40
34
54
45
40
57
45
37
38
27
48
59
45
47
37
44
48
46
35
33
50
34
38
35
47
44
45
46
38
42
55
41
31
34
36
43
37
40
45
50
34
33
32
29
49
35
42
51
45
33
36
42
38
35
28
43
39
47
28
36
45
34
32
36
44
31
47
32
40
30
46
35
53
43
43
38
34
55
37
45
42
65
29
47
45
42
32
49
42
55
30
46
40
52
52
50
59
60
50
50
50
45
41
47
51
50
31
52
44
40
47
42
41
42
31
41
52
32
49
55
46
29
35
28
33
32
46
37
34
42
30
37
38
44
38
36
41
47
35
36
42
37
42
39
33
35
41
56
28
40
37
37
41
24
38
39
33
37
40
53
48
31
46
45
39
33
49
33
39
36
37
34
33
46
36
29
47
37
40
33
33
45
49
28
36
51
44
47
41
43
45
45
33
35
38
32
38
39
39
51
42
39
33
53
47
46
45
30
45
40
35
36
39
39
42
42
51
39
33
49
42
36
29
29
43
41
39
35
39
39
45
42
36
28
29
59
38
37
41
30
28
31
38
27
49
31
40
36
32
34
29
37
41
45
36
42
37
34
35
38
39
25
31
36
36
26
37
25
39
31
36
39
29
39
30
38
35
31
23
26
38
32
34
33
43
32
26
37
39
32
37
41
37
32
36
41
34
40
48
60
57
45
65
61
60
79
56
70
49
43
38
50
38
38
36
41
43
31
33
35
42
34
40
33
27
36
49
38
36
32
26
52
46
45
44
50
44
31
38
43
44
35
30
32
32
40
49
33
39
41
27
36
35
53
49
52
54
61
68
61
94
102
102
118
89
99
74
69
59
40
45
43
35
38
36
35
39
32
41
38
37
43
46
24
29
38
39
29
47
36
30
38
29
30
35
43
33
37
39
41
42
41
34
41
37
48
40
39
41
35
41
30
36
50
36
37
41
31
38
34
25
36
33
40
31
33
44
49
40
42
55
56
46
51
48
44
35
40
35
39
37
34
36
29
34
36
40
33
49
37
29
40
32
32
35
33
27
22
36
30
45
37
35
38
45
43
38
44
26
32
35
33
30
33
38
36
36
41
39
37
33
52
47
37
41
48
49
27
41
26
46
36
44
51
46
44
37
45
51
66
75
78
91
100
93
64
95
69
63
52
44
32
44
33
33
35
29
26
31
35
33
29
34
32
32
35
27
38
36
37
27
25
27
28
33
33
36
22
30
37
36
42
37
32
36
33
40
47
30
44
33
42
39
34
19
33
38
41
52
44
40
32
36
44
36
30
35
33
35
37
34
30
42
30
33
23
31
37
33
38
27
38
24
31
35
26
32
37
35
31
32
37
32
37
32
32
38
31
34
43
38
46
42
44
51
37
32
35
28
20
22
32
24
34
27
30
33
35
23
25
34
34
25
31
33
38
31
22
37
28
31
36
37
26
31
33
24
39
34
22
31
26
41
28
36
31
40
25
23
31
28
24
30
28
27
30
30
26
26
28
33
33
28
33
24
32
26
30
32
26
21
22
29
32
34
24
29
27
20
33
21
29
34
34
31
43
36
35
39
26
25
28
29
28
29
31
24
30
27
35
23
38
30
19
39
28
33
27
37
30
32
34
34
27
37
28
27
37
31
35
33
33
31
35
32
44
40
37
25
38
35
40
30
29
25
33
34
39
23
29
29
31
27
37
31
35
29
33
41
35
28
23
34
36
27
36
44
29
34
31
36
36
33
34
39
35
58
44
40
26
30
24
26
37
35
29
28
30
39
38
26
25
26
30
19
30
38
43
49
39
40
46
37
45
35
33
34
36
31
34
25
34
27
41
41
31
27
36
24
30
27
36
30
25
31
32
38
22
35
30
42
42
24
41
24
40
54
65
51
43
61
44
43
36
34
28
40
36
35
26
39
32
28
27
25
29
29
31
25
28
42
28
38
48
44
31
48
46
41
39
42
42
48
38
37
32
24
24
24
38
32
32
26
28
33
34
32
24
41
36
27
41
43
45
38
45
55
53
50
40
34
38
38
35
37
34
33
30
34
25
24
29
29
40
37
42
37
28
43
36
34
44
30
29
34
38
42
34
47
46
36
43
40
37
37
35
41
43
25
32
28
23
26
36
33
25
32
26
24
26
29
25
28
30
25
23
28
28
25
31
27
30
23
27
28
25
26
27
43
31
32
29
32
25
39
38
33
25
28
37
25
34
22
35
30
29
29
41
41
40
36
52
42
48
53
30
38
38
22
30
25
27
23
34
39
23
23
34
28
26
25
21
27
22
28
27
25
25
30
27
25
21
24
30
44
23
25
24
23
29
27
22
40
25
36
17
25
28
30
26
21
32
23
24
27
28
20
29
26
19
26
39
29
28
23
27
28
25
30
28
37
34
45
33
50
45
41
43
40
53
42
26
26
31
25
33
27
40
34
21
35
25
31
30
19
34
35
32
44
15
37
29
27
38
29
30
37
31
35
37
39
36
30
38
27
36
31
45
43
26
45
32
32
31
26
39
30
27
26
21
31
29
25
27
32
35
35
31
32
33
30
52
40
46
43
29
54
54
35
35
44
33
42
37
41
43
38
41
40
31
40
34
38
31
30
36
29
26
33
19
21
27
39
28
25
20
24
25
24
20
28
28
25
22
27
22
17
26
26
28
21
36
31
30
23
32
32
20
31
15
28
24
27
25
23
25
28
26
30
23
21
16
30
21
20
28
32
22
23
31
27
33
27
34
25
21
29
23
33
26
22
28
29
18
37
22
25
22
30
28
19
25
29
30
29
21
22
22
27
29
34
20
29
27
18
21
36
22
31
23
29
18
21
26
28
23
21
28
21
24
20
33
28
17
16
25
32
21
24
28
21
23
25
29
28
23
35
34
27
30
25
23
38
27
27
23
28
32
17
15
32
25
34
35
36
33
28
30
37
39
30
24
26
35
31
26
22
16
26
21
30
33
23
28
29
30
26
19
19
32
26
26
31
23
28
25
19
27
34
23
25
31
28
17
45
27
34
33
37
45
39
30
32
41
36
23
28
40
45
27
18
30
25
23
37
48
45
32
44
36
27
39
36
31
20
27
29
23
22
25
29
23
28
32
29
26
22
22
19
28
28
26
26
22
33
28
21
28
32
28
36
32
34
32
28
30
25
31
32
30
30
28
19
24
30
30
30
27
15
41
32
32
39
24
31
36
25
35
27
31
27
25
15
19
21
25
20
30
30
22
20
22
19
14
33
23
37
19
30
20
17
31
25
28
32
32
22
22
24
26
30
25
35
34
25
28
25
31
25
27
37
41
41
39
41
36
31
27
20
21
23
20
28
28
27
28
30
23
27
28
19
29
29
37
28
30
36
29
33
30
28
26
42
25
25
35
37
23
25
32
22
25
27
19
33
27
22
29
25
25
29
25
30
27
32
38
33
42
37
35
33
21
30
29
31
37
21
21
20
17
20
21
26
27
27
23
24
19
31
22
23
20
28
20
22
22
43
21
32
23
38
30
20
30
37
19
25
34
23
38
24
22
27
39
30
26
18
27
30
20
22
21
20
23
23
24
14
22
29
23
24
20
29
30
24
27
19
30
29
30
42
22
29
23
29
21
37
23
24
30
25
19
29
25
25
20
15
22
20
21
25
25
28
23
25
25
27
21
26
32
34
18
17
23
32
24
24
22
19
20
18
25
28
19
28
31
20
28
28
31
29
40
24
39
39
29
37
29
22
29
25
27
15
24
23
20
34
19
16
24
23
24
19
26
22
14
29
21
26
21
36
33
35
29
23
22
30
19
31
22
19
19
26
26
20
18
25
27
23
35
28
26
29
37
40
32
30
35
34
29
34
28
22
27
27
27
33
24
27
28
27
19
23
20
17
18
21
26
21
18
20
20
19
23
20
23
23
19
33
15
20
16
19
22
23
24
21
14
22
19
24
22
23
14
27
27
17
19
20
13
18
15
21
18
26
18
25
28
23
20
23
31
26
29
19
26
22
23
26
23
27
22
19
24
20
25
27
36
26
34
18
17
22
25
21
27
25
28
28
28
26
36
30
38
37
35
48
49
54
48
73
69
84
81
69
57
57
66
49
29
34
30
35
24
20
22
25
25
26
28
18
21
33
31
32
30
29
24
24
27
23
28
21
23
33
28
27
22
26
27
20
29
26
25
21
30
27
20
22
29
19
15
22
28
17
22
19
26
24
23
27
22
25
22
21
19
22
27
14
31
18
38
18
28
30
25
26
30
38
35
32
25
35
27
16
26
24
24
26
21
29
35
25
20
21
22
29
19
26
36
24
17
20
29
22
27
23
15
23
25
13
19
21
21
25
26
19
21
26
21
18
20
29
13
17
15
20
19
14
22
13
18
28
12
25
21
23
18
21
16
23
20
27
29
14
21
18
25
25
14
14
13
21
16
24
17
26
20
22
16
33
17
20
22
20
17
20
25
20
20
22
28
24
26
17
20
20
23
21
25
25
36
30
27
27
15
35
18
25
23
15
24
25
23
26
26
30
36
19
34
21
29
33
29
28
25
23
26
21
26
17
12
18
22
23
13
17
14
26
21
30
12
24
17
28
15
27
18
16
21
17
26
18
19
26
24
25
15
20
26
20
26
19
9
29
23
18
19
26
17
22
12
32
28
28
32
22
28
20
27
22
23
17
22
26
30
18
23
22
13
20
21
27
35
21
21
19
18
20
14
16
30
18
16
17
16
19
18
26
18
15
23
19
20
17
28
30
16
28
17
27
24
22
16
22
26
18
17
10
18
13
16
15
23
18
22
23
18
24
19
13
16
16
18
29
15
15
12
20
15
8
16
25
22
20
15
23
20
28
24
23
33
22
25
35
26
32
16
28
26
24
20
19
22
15
23
22
26
18
23
21
27
18
10
13
22
17
16
18
28
21
14
19
19
18
19
24
24
13
14
21
19
21
22
11
16
10
17
25
19
20
23
26
18
26
19
18
14
19
12
16
13
17
15
30
16
21
18
14
12
11
21
12
24
13
19
25
19
17
20
21
21
20
16
19
19
19
18
13
17
17
14
16
24
19
20
18
18
17
23
19
22
15
21
22
24
15
24
23
23
23
21
26
28
12
17
18
22
20
24
25
17
25
14
18
18
22
29
32
25
23
20
21
15
19
26
25
21
18
13
15
17
15
16
26
20
17
24
15
23
15
16
22
23
29
13
19
10
14
22
20
20
20
22
23
19
15
24
27
16
19
24
27
19
13
19
12
9
25
23
22
14
20
12
20
22
18
16
13
21
19
17
17
23
16
26
22
24
18
32
23
20
22
21
31
19
16
15
13
26
21
21
21
15
22
23
24
21
17
10
18
16
18
19
20
27
17
22
13
15
16
19
25
22
21
15
18
12
21
23
18
18
16
21
12
13
12
17
21
20
16
18
13
12
21
13
14
17
15
24
25
10
20
19
24
22
19
22
18
22
27
19
28
18
15
32
25
36
24
20
20
29
25
25
21
22
34
28
20
21
34
39
39
35
37
34
33
23
30
21
20
30
28
22
22
15
16
23
25
15
22
19
17
24
18
9
21
25
17
21
16
20
19
24
20
16
15
19
17
15
15
28
17
16
16
25
25
17
21
25
24
22
22
18
24
27
19
28
15
17
9
19
15
18
21
17
19
26
15
14
18
15
20
22
15
25
25
16
28
19
17
23
16
21
12
22
17
23
13
18
16
20
18
25
20
20
18
27
20
15
15
26
21
20
14
27
12
18
15
17
24
18
16
19
26
26
18
25
21
24
13
18
26
10
20
23
25
23
20
25
14
23
22
19
17
18
22
19
22
21
21
16
13
19
14
13
15
13
17
15
17
20
18
20
13
18
12
17
20
18
19
23
14
23
18
19
27
28
21
18
22
20
20
27
20
18
18
23
24
21
20
17
12
16
15
20
21
16
19
25
16
22
17
24
27
11
25
19
22
17
19
20
16
17
22
13
16
18
18
29
19
16
23
18
18
11
13
20
18
22
13
25
17
27
21
13
21
19
21
22
22
15
17
20
19
28
19
13
24
28
18
24
21
19
17
14
11
23
19
14
11
17
20
13
18
12
12
16
13
18
22
32
18
31
17
17
27
22
23
21
24
17
29
16
14
29
18
15
18
16
11
21
22
24
19
21
18
22
20
21
13
16
15
11
21
26
15
13
23
22
9
15
21
22
26
9
16
17
15
18
15
10
22
21
12
25
22
19
18
18
8
14
20
17
15
16
12
18
18
22
18
14
21
22
16
17
9
16
10
21
22
11
15
15
15
21
15
15
19
19
12
13
14
25
15
10
14
16
13
21
24
20
23
14
18
15
18
24
11
19
16
22
16
15
22
22
23
17
19
16
20
17
18
16
11
24
25
15
18
24
16
16
15
16
16
15
17
20
19
16
20
16
20
12
14
16
15
17
22
11
18
16
18
23
23
15
16
12
13
26
18
16
17
20
23
16
17
22
15
17
14
6
9
20
18
20
16
16
19
12
13
18
11
17
14
22
18
17
21
23
18
24
20
21
19
16
15
12
19
11
13
15
14
21
19
20
16
16
19
24
21
24
16
13
27
21
20
21
18
12
16
19
14
16
25
27
24
15
16
14
16
16
15
15
14
16
13
16
18
5
23
17
24
21
19
15
19
12
20
19
15
22
14
18
13
19
19
19
17
18
21
24
23
19
17
22
18
18
15
23
17
20
27
20
26
21
18
19
22
27
22
20
25
28
22
19
14
27
25
17
30
27
19
21
23
30
14
27
26
15
14
23
18
16
20
13
12
16
11
15
15
17
21
13
23
11
17
22
18
19
17
20
23
14
10
14
13
16
18
13
18
18
23
14
16
13
8
8
15
11
19
22
17
15
15
9
19
21
19
19
8
14
17
15
13
19
15
12
14
24
14
13
23
17
17
18
13
20
21
16
13
17
13
16
14
17
14
20
20
14
11
27
12
25
14
15
16
23
14
21
21
18
11
13
19
17
11
10
19
24
24
11
21
18
26
14
23
22
24
18
29
22
29
26
24
19
28
16
14
9
14
11
13
23
20
21
19
19
14
27
12
18
16
14
16
15
11
10
15
15
16
9
9
14
18
20
14
16
19
20
12
8
21
18
11
11
15
15
13
16
20
16
15
13
13
14
11
19
19
11
13
16
17
10
18
20
14
24
20
13
16
17
16
21
16
11
15
8
9
20
12
13
24
13
19
11
21
17
21
9
15
18
13
14
16
13
19
12
12
14
12
13
12
11
13
18
22
19
21
10
16
11
17
18
18
17
15
24
14
15
18
15
10
12
19
14
9
21
11
11
18
12
13
19
14
17
12
19
17
16
10
14
10
18
9
11
11
15
17
20
12
15
15
13
12
18
16
14
12
12
15
19
17
15
15
13
16
13
10
8
10
12
15
18
14
13
16
13
10
9
12
8
20
11
16
18
10
5
16
12
14
15
10
13
15
10
14
13
17
13
14
13
16
10
18
16
14
19
17
21
17
20
12
15
23
15
13
19
25
19
18
13
19
18
14
12
10
21
15
22
22
14
26
17
16
15
13
12
8
10
17
18
21
13
17
15
12
14
20
16
11
12
10
10
15
7
25
17
15
15
21
10
10
10
19
10
13
21
23
16
16
15
17
14
22
12
15
19
11
11
18
23
19
20
17
15
11
18
9
8
17
26
13
26
18
20
14
16
21
18
22
13
13
14
12
12
8
11
17
15
10
9
13
7
14
13
20
9
12
12
21
16
20
14
15
11
19
11
14
7
10
13
17
12
12
17
10
14
11
11
16
16
11
13
13
12
15
9
12
15
13
20
15
15
20
18
17
16
14
15
12
21
12
12
12
22
14
12
17
17
15
11
8
10
16
13
11
14
7
12
11
18
16
11
10
11
14
17
19
15
12
12
13
11
12
13
14
15
19
12
14
15
17
14
9
15
15
11
16
13
19
5
11
15
14
19
16
8
12
10
16
13
25
18
15
12
16
12
14
15
14
13
13
18
18
28
13
18
15
13
23
17
16
29
24
25
34
33
37
51
42
34
32
37
21
23
21
20
19
11
17
18
19
24
11
13
18
10
17
11
14
13
16
10
12
18
19
11
8
9
18
7
11
17
14
17
15
12
18
23
18
18
18
30
18
12
19
12
17
16
10
17
11
8
15
16
19
17
22
16
22
15
17
7
10
14
13
16
11
10
14
13
9
13
9
9
10
11
13
14
11
17
17
12
13
8
13
10
9
6
13
7
11
12
9
7
16
12
14
9
11
11
14
9
12
17
15
18
17
17
21
12
16
10
10
15
19
11
8
9
14
20
8
19
12
10
12
15
18
7
12
14
4
14
11
12
14
11
11
12
10
10
10
12
10
10
10
12
14
11
16
11
5
11
8
11
11
10
11
15
7
16
11
13
9
11
7
8
20
13
13
15
16
11
12
6
13
14
9
11
11
18
17
4
11
14
15
7
12
10
12
10
10
12
12
14
11
14
9
15
14
10
16
9
13
10
10
8
15
11
11
10
16
10
13
5
7
12
4
8
14
11
12
19
11
8
12
15
12
13
11
15
15
11
10
10
15
14
17
9
12
8
15
15
11
11
13
10
11
17
15
14
11
14
14
14
10
14
10
14
9
16
8
15
7
9
16
14
17
8
16
16
12
9
16
7
16
11
8
13
10
16
13
6
11
7
6
6
13
5
16
16
11
6
13
13
11
13
8
10
13
17
12
12
11
8
7
7
11
25
15
14
5
8
6
10
12
6
10
12
9
21
14
14
15
19
14
15
4
10
13
9
14
9
9
13
9
10
13
14
13
6
15
12
7
14
14
11
14
15
8
16
11
13
9
11
11
14
14
17
14
14
10
15
12
15
18
19
13
12
10
12
10
13
11
16
17
12
9
11
19
8
8
11
13
9
8
9
10
12
17
16
14
16
10
15
18
13
19
12
13
21
17
16
10
21
10
14
13
15
10
14
18
11
15
14
7
10
11
8
8
9
8
8
15
10
10
10
12
9
14
11
8
16
11
10
18
13
7
8
11
12
7
13
10
17
9
13
8
10
11
16
15
13
10
15
12
12
8
7
12
14
12
14
9
10
12
12
10
5
16
10
18
11
9
12
9
11
11
7
12
7
8
12
18
20
14
10
21
8
16
7
15
18
14
10
4
12
11
8
10
20
18
14
21
19
5
9
14
13
16
15
9
14
17
15
13
16
6
14
17
13
16
17
10
14
11
9
10
12
8
12
16
10
8
19
15
12
8
11
19
15
10
11
16
13
12
6
15
15
20
9
13
22
15
11
11
10
10
7
22
11
20
19
14
11
24
9
18
10
11
15
15
17
13
17
20
24
9
17
15
30
45
33
57
75
65
68
83
109
103
102
98
84
69
70
58
54
46
36
29
15
18
16
16
13
16
21
16
15
11
12
17
13
20
21
22
20
15
18
13
9
10
11
13
14
16
14
17
12
16
17
9
15
12
8
17
13
11
16
9
10
5
8
11
9
9
8
12
5
7
9
13
11
8
10
8
18
13
14
13
7
8
12
5
3
12
13
9
13
17
9
12
8
10
10
13
10
7
7
8
3
11
8
7
16
9
12
4
13
17
5
9
11
11
17
10
5
10
10
13
11
10
10
9
13
15
17
12
14
11
11
8
11
11
6
10
10
10
8
11
8
13
12
17
10
6
8
10
8
13
11
5
10
15
12
14
8
9
11
9
7
14
15
15
12
11
11
9
12
10
4
13
14
19
10
11
17
16
22
14
18
23
27
20
16
16
12
17
16
11
11
10
9
11
8
14
18
11
8
11
8
13
11
11
13
10
9
14
8
7
11
12
6
7
14
9
10
9
16
7
8
11
3
12
8
14
8
10
8
8
13
8
15
10
5
12
3
13
14
3
10
13
9
8
11
14
12
9
7
8
12
8
6
12
6
6
12
11
10
7
8
9
11
13
14
12
8
11
9
10
7
16
12
9
15
9
14
14
12
14
7
9
10
11
10
7
14
11
15
10
10
8
8
10
12
19
7
9
15
8
12
11
8
6
9
11
10
11
8
10
13
12
16
10
13
12
8
12
10
6
15
5
7
10
7
12
5
9
11
9
10
12
16
10
12
13
12
14
9
10
14
14
14
11
16
12
12
9
17
9
7
12
7
6
12
13
7
7
7
8
3
4
8
10
6
8
9
10
13
6
10
16
10
7
13
8
6
12
11
7
11
16
11
15
11
11
11
7
6
8
9
19
10
11
6
10
14
9
11
8
13
12
10
6
12
11
13
7
9
6
6
7
3
13
12
10
8
6
11
12
9
5
13
7
9
11
9
8
6
11
13
11
5
14
13
16
7
7
10
5
12
9
10
10
8
12
10
11
6
8
12
11
8
16
7
10
9
14
7
8
12
8
12
9
9
11
11
8
13
11
11
13
11
10
15
8
8
11
15
8
12
10
14
13
10
6
9
13
9
9
7
10
7
16
8
7
10
11
9
13
6
6
13
10
12
11
15
9
12
15
10
10
7
9
9
9
15
10
9
10
12
7
8
5
15
8
11
11
7
12
8
4
4
7
6
10
3
11
6
13
6
14
12
2
10
10
11
6
11
8
8
13
7
7
8
10
21
12
11
13
8
8
11
12
11
12
11
18
9
10
15
10
9
8
13
12
7
6
16
7
12
12
13
16
8
10
6
8
12
5
10
12
8
9
7
9
13
8
10
6
8
10
5
5
5
8
8
10
11
7
13
7
15
5
14
9
9
13
5
11
7
11
8
13
9
8
6
7
9
9
15
4
14
5
10
9
8
6
4
7
19
8
8
6
7
9
7
12
15
14
8
13
10
7
4
8
12
12
4
8
10
9
15
13
10
7
6
11
10
11
9
7
12
6
12
9
5
12
15
10
6
10
7
9
7
9
14
9
5
4
9
13
11
16
6
7
5
3
5
8
7
10
11
10
8
4
15
8
12
15
9
15
8
16
15
14
14
13
16
10
11
19
11
11
12
12
6
11
10
8
14
10
7
10
7
8
7
11
9
9
12
8
12
6
7
3
10
12
7
7
8
5
11
15
12
8
10
8
11
9
8
9
8
11
8
5
6
6
5
9
8
6
5
8
7
12
9
7
7
7
10
12
11
7
9
12
12
3
7
14
12
6
11
11
9
5
8
11
7
14
10
7
10
9
8
3
5
10
5
9
6
10
6
12
8
8
5
10
10
6
6
6
13
8
8
9
6
8
5
4
5
10
10
6
10
9
9
7
11
11
11
8
9
9
5
10
11
5
7
6
8
10
10
11
5
7
10
8
8
5
10
7
11
6
8
6
11
11
12
6
11
7
12
11
10
8
11
7
12
14
9
6
7
13
8
7
13
8
10
5
7
9
5
13
6
10
14
12
6
12
4
14
5
3
6
6
6
6
8
9
11
7
17
12
3
8
6
9
4
14
5
11
7
10
7
9
6
7
9
8
12
11
9
5
12
9
12
8
8
9
7
11
9
7
9
13
6
5
10
10
5
9
13
7
10
15
12
12
9
12
12
16
12
9
11
12
6
13
6
12
9
8
6
5
10
8
10
12
6
8
7
15
6
11
11
14
5
7
14
6
8
6
3
5
9
14
10
5
14
7
9
8
6
10
12
10
7
8
6
12
7
9
10
9
13
7
8
7
6
5
10
8
13
7
15
7
14
9
4
7
10
10
8
9
10
10
8
6
8
9
7
7
8
8
12
15
6
9
10
9
9
9
7
10
11
13
10
10
7
3
10
11
7
12
9
13
7
12
8
8
13
11
14
14
4
9
12
12
9
14
12
10
7
13
7
8
8
6
14
11
5
4
8
10
7
7
9
6
6
7
7
9
10
8
2
2
6
4
3
9
11
13
9
6
15
9
6
9
10
11
6
13
6
7
7
7
8
13
12
14
6
5
10
11
11
4
11
3
7
13
5
3
7
13
10
10
8
7
7
7
13
7
9
8
5
6
10
9
8
13
4
10
6
4
5
7
10
5
11
7
9
8
10
5
11
6
11
4
5
9
9
9
9
6
15
8
9
8
3
6
3
8
6
5
4
6
12
5
6
4
5
10
6
7
6
8
7
10
10
9
11
10
11
11
10
9
7
7
8
5
10
5
11
12
5
7
9
8
9
8
10
9
13
6
6
8
4
7
8
7
9
14
7
5
8
3
4
5
9
9
7
10
12
10
8
6
12
3
9
9
13
16
8
12
12
9
8
8
12
11
13
10
10
7
7
2
9
6
17
2
6
13
12
9
6
12
10
8
3
6
10
10
7
4
9
12
6
10
8
15
11
6
5
2
10
9
4
7
9
7
10
11
7
9
7
9
11
3
9
7
9
3
6
2
6
5
10
6
4
8
10
8
5
6
7
5
12
4
6
6
6
7
9
8
8
9
3
7
11
8
4
7
4
6
9
5
9
8
8
4
5
7
10
6
11
2
7
6
8
11
4
7
10
9
12
5
10
9
10
6
11
9
10
11
4
15
7
7
6
10
9
7
6
10
8
10
11
6
5
10
8
7
5
9
9
7
8
5
10
4
7
5
6
7
8
9
3
6
8
9
7
9
4
7
9
3
6
11
4
8
11
7
7
7
4
8
7
8
5
6
10
8
13
10
9
11
6
7
10
10
9
8
7
9
3
11
5
5
6
6
7
7
12
4
7
2
6
5
5
14
7
4
10
4
8
7
7
2
15
7
9
5
8
6
9
10
5
8
6
10
7
7
10
4
5
8
5
8
9
10
8
14
6
15
5
3
6
5
5
6
6
7
1
9
8
5
10
9
5
4
6
11
4
8
11
6
8
8
8
8
10
4
7
10
6
10
7
12
8
5
3
7
6
11
9
6
7
6
5
6
10
4
12
9
10
15
10
10
13
10
14
10
8
8
11
8
7
12
6
3
8
10
7
9
5
7
6
6
10
7
13
9
10
10
5
7
11
9
6
4
7
5
7
11
5
7
9
7
13
14
10
10
12
9
7
7
5
5
6
9
9
6
5
7
7
9
9
5
12
6
8
9
9
6
10
9
7
12
7
10
7
6
13
8
11
2
4
8
5
3
12
13
3
9
7
10
2
11
6
4
12
9
6
13
6
9
9
4
5
10
11
7
6
9
12
8
16
8
9
8
8
7
4
10
10
8
5
6
5
11
8
8
7
6
7
5
8
8
11
8
5
5
7
6
11
11
10
3
8
10
10
7
10
11
6
6
5
6
19
10
8
11
9
9
6
3
8
4
9
9
13
9
8
6
3
11
6
12
10
3
4
6
5
10
6
10
15
7
7
6
7
11
7
8
12
9
11
6
11
9
7
14
11
6
12
5
6
5
4
10
7
6
9
9
8
8
9
8
10
11
9
12
8
5
7
5
11
9
10
7
7
7
6
4
8
3
7
5
10
6
8
7
9
13
6
3
6
6
4
5
8
8
8
3
6
8
6
10
15
10
3
12
5
4
11
8
4
5
3
7
10
9
6
7
6
9
8
8
12
9
3
4
6
8
7
5
11
10
8
8
3
10
8
9
8
7
6
7
10
6
3
5
5
4
9
7
6
10
7
9
6
2
1
10
6
6
13
10
6
12
8
4
7
5
4
11
12
5
7
3
11
6
9
7
6
6
12
9
9
3
6
7
6
6
14
4
5
5
7
7
3
7
7
7
6
8
3
6
7
11
10
6
11
4
8
6
6
6
7
4
1
7
11
9
7
6
9
6
10
7
6
2
4
9
9
7
11
5
9
6
7
10
7
9
6
2
5
3
2
10
9
5
6
5
3
11
4
3
5
5
5
7
11
10
12
11
8
10
9
4
11
5
3
5
7
6
3
8
7
9
8
5
6
7
5
14
7
7
8
10
8
7
9
15
5
3
9
11
4
10
5
6
3
3
7
5
4
6
6
3
9
7
8
6
9
7
5
6
9
9
5
5
5
6
3
8
6
5
7
7
4
5
11
13
7
7
13
11
5
6
2
7
7
8
4
8
8
4
8
4
11
5
4
12
11
4
5
10
4
11
4
8
7
4
4
8
7
11
7
3
3
6
4
5
7
5
5
5
8
7
6
5
8
6
3
10
4
11
7
4
8
8
3
16
10
8
3
4
4
8
14
6
7
4
5
6
7
4
6
6
7
12
6
10
6
9
10
6
10
4
8
6
6
8
10
13
8
5
10
6
13
7
7
6
8
8
4
8
8
10
5
6
7
13
10
8
8
2
9
3
7
6
6
5
7
6
6
2
4
7
7
9
7
8
12
4
7
3
3
5
6
7
5
10
8
9
5
5
10
8
8
11
7
6
3
5
3
5
3
4
14
11
7
9
9
10
5
7
6
6
8
7
8
10
12
5
10
13
9
8
7
6
6
10
7
8
5
7
8
5
7
10
8
3
7
12
5
8
11
7
7
12
2
3
5
6
11
3
5
5
5
4
5
8
7
10
8
4
2
9
4
9
8
7
8
10
3
10
9
7
5
9
3
8
10
6
2
8
6
1
5
10
8
6
6
8
7
4
14
6
4
9
10
3
12
5
9
7
8
6
5
10
6
5
6
9
7
2
4
4
7
3
9
6
4
8
4
4
9
9
1
7
5
6
13
7
7
1
7
8
7
5
4
6
5
7
5
5
7
7
6
6
7
3
9
6
9
7
6
6
4
8
3
4
3
5
6
6
10
7
8
12
4
3
9
7
11
7
13
3
3
4
11
3
5
14
7
7
5
6
9
6
5
5
5
8
3
3
14
9
6
5
4
2
5
4
3
4
5
5
7
4
7
6
2
6
8
7
12
11
7
10
9
4
6
5
6
8
3
8
8
6
8
8
10
6
8
9
15
10
11
4
4
6
5
6
6
5
10
5
3
3
5
6
7
6
8
5
6
7
5
2
5
5
9
5
6
8
9
4
10
5
10
9
7
4
4
5
6
2
3
5
6
10
6
2
8
11
6
12
8
0
8
4
9
5
8
10
8
7
5
9
5
4
4
3
7
5
6
4
6
9
2
10
5
8
5
8
6
5
7
4
8
6
6
4
10
7
7
6
5
7
7
2
5
6
8
8
4
3
4
7
5
3
4
9
5
7
9
4
9
7
10
6
5
7
15
6
8
7
3
4
13
5
6
7
3
8
5
1
14
7
3
7
6
7
11
4
6
8
3
5
9
8
7
5
6
5
2
8
6
7
2
10
4
5
3
6
5
7
6
5
5
9
11
2
6
0
5
8
6
8
8
9
7
3
10
11
7
12
6
5
4
7
4
4
6
6
8
8
7
6
5
3
7
7
3
10
9
10
10
5
11
5
6
10
5
7
7
5
5
6
9
6
5
9
6
5
3
7
6
3
3
9
7
6
10
4
14
8
8
7
8
8
10
4
10
6
3
5
6
5
5
9
9
4
6
4
3
10
9
8
8
5
14
5
4
5
4
2
9
4
5
2
7
6
11
6
4
5
7
9
8
5
6
3
5
5
11
4
6
10
6
6
8
6
11
6
10
11
7
9
6
6
7
2
10
4
6
8
9
2
9
5
3
7
3
7
12
5
3
7
6
7
8
4
6
5
3
8
3
7
7
6
4
8
4
8
6
2
5
6
4
10
9
8
10
3
8
6
5
13
7
4
3
2
3
7
4
11
3
3
9
4
4
7
9
5
9
7
6
5
9
12
9
4
7
6
10
4
7
7
11
3
11
8
5
5
11
4
6
10
7
10
9
5
9
9
6
16
6
10
6
13
8
3
5
4
8
6
4
7
10
1
6
4
6
4
2
6
7
5
1
6
6
7
7
5
4
6
5
2
8
8
7
2
7
4
3
10
5
6
5
7
5
5
4
5
6
10
3
8
5
3
4
3
3
5
4
5
5
5
5
6
3
2
5
8
2
4
3
7
5
6
6
6
2
9
6
10
5
2
8
6
7
3
8
3
9
11
3
6
11
6
7
8
4
8
5
8
4
2
5
5
3
8
4
6
5
6
8
5
8
5
7
7
5
6
8
8
8
8
4
10
6
7
7
3
7
9
6
11
8
6
6
4
4
8
9
3
9
11
8
9
9
2
2
7
2
5
1
4
4
2
8
9
8
6
6
7
5
7
4
6
3
3
3
7
14
7
5
9
3
5
7
3
6
8
8
5
8
7
6
5
2
7
5
8
10
5
2
3
7
4
5
9
5
2
5
6
5
7
8
8
4
7
4
10
8
10
4
2
7
7
6
5
6
9
8
1
6
10
7
6
3
4
0
3
6
7
7
9
4
10
10
7
3
6
2
2
6
12
2
6
7
5
6
4
4
5
10
5
10
7
4
3
9
2
4
5
5
4
6
4
5
8
7
3
3
4
5
4
8
6
6
3
9
7
5
7
7
5
3
7
8
7
6
4
3
6
9
4
5
4
7
5
10
4
2
4
1
3
6
5
9
6
8
6
9
5
7
5
7
8
3
8
4
6
9
6
5
8
7
6
9
7
9
4
3
3
13
3
4
7
6
9
2
6
5
2
4
10
5
5
6
5
8
6
8
2
7
11
4
7
5
4
4
6
6
3
4
4
3
10
9
5
2
5
9
8
8
6
8
3
6
5
4
5
3
6
5
0
8
8
4
5
3
4
10
9
5
12
4
9
6
9
9
5
3
9
10
6
4
7
4
11
2
7
6
5
6
5
3
5
9
8
12
6
7
6
6
7
9
6
4
7
6
4
5
12
1
7
7
9
1
10
7
4
7
9
9
8
5
4
7
6
5
7
3
7
6
5
10
7
4
8
8
3
4
6
5
4
6
8
1
5
4
5
5
7
4
7
6
4
7
9
6
4
9
3
4
6
4
10
6
4
7
10
3
3
2
6
4
4
0
3
5
3
6
8
5
3
6
7
9
2
6
3
2
4
5
7
5
6
4
2
4
5
10
4
8
5
5
6
4
5
2
6
6
3
5
3
8
5
4
4
5
4
9
5
8
8
4
2
7
8
4
5
8
8
6
9
11
6
9
5
5
11
5
2
7
3
3
7
10
3
5
5
4
3
5
11
5
7
4
6
5
3
4
3
8
3
4
3
5
3
3
10
3
2
8
6
4
2
3
4
8
4
10
3
3
8
6
2
6
5
8
7
6
5
3
6
3
7
4
4
6
5
8
4
4
2
5
3
2
4
8
3
5
7
7
1
6
8
4
7
11
3
9
4
5
4
7
4
4
6
4
3
6
7
6
2
4
8
5
5
6
4
9
6
4
10
2
4
6
10
3
5
6
8
8
5
5
13
9
6
5
8
6
7
8
2
7
1
6
8
7
3
2
3
3
4
3
3
6
4
6
6
5
2
7
4
7
9
2
8
10
5
3
3
8
3
7
6
4
5
8
6
6
6
4
5
2
9
5
6
1
5
1
6
6
4
8
6
2
2
5
2
2
3
8
7
5
1
3
4
6
4
4
2
4
6
9
4
6
6
2
6
4
5
5
10
8
7
3
3
8
0
8
2
2
3
2
5
8
3
8
4
3
4
7
3
4
6
3
6
10
4
3
5
4
11
7
5
2
2
8
4
6
1
3
11
9
3
1
4
5
3
6
2
3
3
6
7
6
5
4
3
4
4
9
6
2
5
5
5
2
5
4
3
2
7
7
2
6
1
6
4
7
4
4
8
4
7
4
11
5
9
5
5
4
7
3
5
4
2
3
6
6
5
4
5
3
2
4
4
3
5
6
6
7
2
3
8
6
6
3
6
11
4
9
5
4
6
4
1
6
2
4
8
4
6
4
3
7
9
5
1
1
11
1
5
7
3
5
5
4
3
4
4
4
6
6
4
6
3
3
5
4
2
3
3
1
5
1
6
2
1
4
6
4
6
5
3
3
7
7
3
2
4
5
3
5
2
5
8
9
4
3
5
4
7
5
4
7
5
1
8
4
4
4
6
3
3
6
5
7
2
6
1
6
6
4
3
3
3
4
4
1
6
5
3
3
5
5
1
1
6
5
1
4
3
8
4
8
6
5
4
3
1
4
4
7
7
5
3
0
6
8
5
7
3
8
5
4
3
2
4
3
4
4
7
2
2
7
2
0
8
7
3
4
5
5
5
7
2
3
1
2
3
7
7
4
7
4
7
6
2
2
4
4
6
5
4
4
5
6
7
6
8
4
2
2
8
4
4
6
7
9
4
3
4
1
6
3
3
7
4
8
3
6
1
6
3
5
6
3
6
3
8
6
3
4
5
2
2
1
2
3
4
7
4
5
6
3
8
5
4
2
6
3
4
4
4
3
5
2
5
4
3
5
5
3
7
2
2
2
5
3
2
7
2
5
8
2
3
5
4
12
3
2
5
3
6
6
5
4
5
7
5
7
3
6
3
5
3
6
3
4
3
3
1
3
5
3
4
4
3
5
5
5
5
9
3
8
7
5
5
0
3
9
5
3
4
3
1
5
5
2
6
4
2
2
8
2
6
4
3
5
8
4
4
8
7
5
6
5
3
4
7
1
5
9
2
4
5
4
1
3
5
6
3
7
5
3
3
5
6
7
4
4
3
4
3
3
3
1
4
5
3
4
3
5
2
1
3
3
4
5
4
7
5
2
3
5
4
4
1
6
6
5
3
2
6
0
3
4
3
3
3
6
3
9
3
4
2
6
3
1
0
4
1
2
1
4
2
4
5
4
3
2
6
5
5
3
3
2
3
2
7
3
5
1
5
6
0
2
5
2
3
3
5
6
1
6
5
5
7
5
5
4
1
4
2
2
2
3
5
8
2
6
2
2
5
3
8
6
6
0
3
2
5
4
1
4
6
1
6
2
6
1
6
2
3
7
4
5
8
5
5
5
3
3
5
5
5
6
5
5
6
9
11
14
4
6
10
10
5
7
6
8
7
1
11
5
7
11
6
8
3
8
1
9
2
5
8
3
6
7
7
6
4
3
3
3
6
1
5
4
4
5
0
5
2
7
9
5
5
1
6
6
6
5
5
5
5
5
5
9
6
6
7
5
3
9
8
5
5
2
2
5
3
10
2
3
3
7
7
0
5
4
2
5
8
4
6
5
2
3
4
3
3
4
3
7
2
7
5
4
3
5
4
6
2
6
6
9
3
6
8
8
5
2
4
5
4
6
5
3
10
3
2
6
4
9
6
3
5
4
2
1
7
8
4
2
2
5
4
5
4
4
2
6
5
3
3
4
4
4
2
3
3
3
8
5
4
4
4
5
3
5
5
5
9
4
6
7
4
6
1
4
3
4
3
4
4
8
2
2
1
8
3
4
3
4
2
7
3
3
2
5
2
3
2
4
4
4
8
6
5
6
4
1
4
3
3
2
10
5
4
4
4
5
8
3
4
6
2
1
7
3
4
5
5
3
6
4
4
3
1
4
0
2
2
5
4
6
4
3
4
3
5
2
3
5
4
5
2
4
1
2
5
3
3
3
5
8
6
6
3
6
7
10
5
7
5
7
3
5
11
2
5
5
2
7
7
8
7
5
6
3
4
7
3
3
1
4
8
3
2
3
4
4
3
4
5
6
4
4
8
2
1
4
5
9
5
8
4
9
4
3
4
2
7
2
6
4
5
4
4
4
4
5
3
6
7
2
1
3
5
1
4
2
8
1
7
7
6
3
2
2
5
3
4
7
4
0
6
5
2
3
3
6
5
2
4
3
3
3
4
3
6
3
2
8
2
5
1
3
6
6
4
3
2
3
5
2
5
4
1
1
3
5
5
3
8
6
3
8
5
4
3
4
6
0
4
4
5
3
9
4
4
3
4
3
4
2
4
6
4
2
0
2
2
2
1
2
3
3
3
4
2
4
9
6
6
5
7
2
3
3
4
3
7
3
7
1
3
6
3
7
3
4
4
3
4
4
7
4
3
3
5
2
5
6
5
4
8
4
3
3
3
4
1
2
3
5
9
8
6
7
6
1
5
2
7
1
6
6
5
3
12
9
5
2
4
10
8
7
6
4
3
11
3
4
7
2
3
6
2
4
3
1
1
4
2
3
3
6
3
4
7
3
2
1
3
3
3
3
2
3
4
1
2
3
3
3
5
9
0
4
4
4
4
4
1
1
4
4
4
5
5
1
2
5
3
5
2
7
3
4
3
5
3
1
2
5
6
6
2
1
5
4
6
4
2
6
2
5
2
7
2
2
6
2
4
4
2
1
1
6
6
3
5
3
3
3
2
4
3
3
3
3
1
4
0
4
7
1
5
5
4
3
2
4
5
3
4
2
6
2
7
2
10
9
2
2
2
9
6
5
2
1
4
5
3
2
2
3
1
4
7
3
5
5
4
6
3
5
1
0
4
2
3
6
4
0
4
5
5
3
3
0
4
3
6
5
1
5
1
1
5
2
4
2
4
0
3
2
5
4
4
4
0
3
4
2
3
5
6
9
1
2
1
2
5
4
2
6
9
2
3
3
6
5
4
3
3
1
1
4
2
8
1
3
4
3
5
4
6
1
4
1
4
4
5
4
2
6
2
10
2
2
4
8
3
7
1
4
1
2
0
4
2
3
3
1
5
3
6
3
2
0
4
2
1
3
3
4
3
2
1
2
7
4
3
2
4
3
3
5
2
4
3
2
4
3
3
2
3
1
5
2
3
4
3
6
4
1
1
2
8
6
4
6
2
2
2
1
7
5
1
5
1
2
3
0
2
1
1
4
4
3
0
2
4
7
0
1
3
3
3
4
1
1
1
3
4
8
2
5
1
3
2
1
7
6
0
2
6
1
5
3
1
8
2
6
3
1
1
1
2
2
1
6
4
2
3
1
7
2
3
5
7
2
3
2
5
1
2
5
4
5
5
2
3
4
2
6
2
2
2
0
6
3
3
3
3
5
8
1
4
3
0
4
2
7
3
3
9
5
3
6
5
5
2
3
5
4
4
3
2
4
3
2
2
5
1
2
2
7
6
6
3
5
4
5
10
4
9
5
4
5
7
7
6
7
2
2
2
5
3
5
5
5
1
5
4
2
5
5
2
1
6
5
4
3
3
4
6
6
8
4
3
2
2
4
6
1
2
3
3
2
4
0
8
4
1
0
5
0
5
5
5
8
3
3
2
5
2
5
5
4
2
1
4
6
2
4
3
1
6
4
5
4
4
6
2
4
4
3
5
2
5
2
4
2
2
8
7
2
2
0
6
3
1
2
0
3
2
1
3
6
4
4
3
3
2
1
6
3
4
2
2
3
3
4
3
3
3
2
2
3
2
2
1
3
0
3
8
4
6
5
1
7
3
2
5
2
8
3
12
4
5
4
3
5
8
0
2
0
1
4
7
3
8
4
3
1
3
3
2
6
0
5
12
5
0
3
9
2
3
2
3
1
5
3
0
6
3
3
4
3
4
2
1
3
1
1
3
2
4
0
4
3
3
1
4
1
2
4
4
3
4
4
5
4
4
1
1
3
2
4
1
5
5
3
1
3
3
5
2
1
3
4
5
2
3
1
3
3
5
6
0
1
2
1
3
2
5
7
5
4
2
3
2
4
3
0
2
5
2
3
0
4
1
1
1
4
2
5
2
4
5
3
2
4
3
6
4
3
1
5
2
4
1
1
3
4
4
2
1
1
0
5
2
1
4
3
3
4
2
0
4
4
4
5
4
4
6
1
3
2
4
2
4
3
1
4
2
2
3
4
4
4
4
4
3
1
3
2
1
5
4
6
1
0
3
5
3
4
1
1
2
3
2
4
4
6
4
3
1
3
3
0
2
2
4
1
3
1
1
1
0
4
7
4
4
1
3
2
3
1
1
6
1
3
2
4
4
5
3
1
5
2
1
5
3
2
4
7
5
3
3
7
2
3
3
3
4
1
3
2
1
2
3
1
5
2
1
4
2
6
2
4
1
0
0
1
2
3
5
2
5
2
0
3
3
3
4
2
1
5
0
9
3
2
1
3
7
4
4
4
2
2
1
2
7
5
4
4
1
5
1
1
6
5
1
6
2
2
2
3
3
1
3
2
3
2
4
1
1
0
3
5
3
4
2
4
3
2
1
4
0
3
2
3
5
3
0
4
2
1
2
2
7
1
1
2
6
3
2
4
2
3
2
4
2
1
5
5
2
4
1
1
5
3
2
4
4
2
1
3
2
1
1
2
4
1
2
4
3
5
4
2
4
3
3
6
2
4
3
2
2
1
5
2
1
3
2
7
0
3
0
1
5
4
1
7
5
2
5
7
5
4
8
5
7
3
5
2
4
4
2
1
0
2
2
4
4
5
8
4
5
5
5
1
2
1
1
3
4
5
4
2
3
1
2
3
2
3
3
3
4
4
1
3
3
4
4
6
3
3
5
1
2
4
2
3
4
5
3
6
3
5
3
3
2
3
4
3
5
5
0
1
1
2
2
2
3
4
2
1
2
1
4
5
7
3
3
0
3
5
6
5
3
0
2
2
4
6
6
6
4
3
2
5
4
4
4
5
2
3
2
4
4
2
5
4
4
1
0
4
2
1
2
2
2
5
1
5
5
1
2
2
1
2
2
1
2
2
3
1
4
1
0
2
1
4
1
1
3
3
4
2
0
2
4
3
0
4
1
2
3
5
3
5
3
1
3
2
8
1
1
5
4
2
2
3
3
2
3
4
2
6
2
2
0
1
1
3
3
3
3
1
6
3
2
2
2
4
1
3
3
3
3
3
2
3
2
5
0
3
3
3
2
3
3
7
1
4
6
1
4
8
5
10
7
7
6
5
5
4
5
5
2
2
4
4
3
7
3
2
3
2
2
6
5
2
2
3
4
3
5
3
4
0
2
6
4
4
3
1
4
3
4
4
2
1
5
2
0
3
2
4
2
3
3
6
5
7
3
1
1
6
3
3
2
5
5
2
4
6
5
2
6
3
1
1
2
5
3
2
3
4
6
2
4
3
2
1
4
2
3
1
4
2
0
0
2
3
3
3
2
2
0
2
4
1
1
2
4
0
2
3
3
4
3
1
0
5
3
2
5
1
4
3
1
3
3
3
2
3
2
1
1
3
3
0
2
1
0
3
1
2
3
6
5
5
1
2
3
1
5
3
1
0
2
4
3
2
1
1
4
3
2
3
1
3
2
1
4
2
1
2
1
5
2
3
1
2
1
2
2
1
5
6
8
1
1
4
3
1
0
4
3
1
0
1
0
3
7
1
2
1
2
1
5
1
3
1
3
2
0
3
1
3
1
4
3
3
0
2
8
0
3
2
4
3
5
2
1
3
0
0
5
5
4
4
3
4
1
1
1
2
5
1
3
4
5
3
2
4
9
3
4
3
4
2
1
3
5
3
5
4
1
3
4
3
3
2
2
2
1
1
4
3
4
2
1
1
4
1
3
1
2
3
4
2
0
3
4
1
2
5
2
5
2
2
4
1
3
2
5
2
4
1
0
4
2
1
3
4
2
2
2
3
3
1
3
3
3
2
2
1
3
2
2
1
2
4
1
2
0
2
0
5
3
3
2
3
4
2
3
1
4
2
2
3
2
3
1
4
7
3
7
2
6
7
1
2
4
3
3
3
4
3
4
5
2
3
2
3
2
2
2
3
4
2
2
2
5
3
3
5
1
3
3
1
7
0
1
3
3
2
2
4
1
6
1
4
2
1
3
2
6
5
2
3
1
5
3
1
2
2
2
0
2
3
2
2
2
5
2
1
2
4
2
2
1
0
2
1
2
5
4
1
3
3
1
0
0
2
4
3
2
0
2
2
1
2
1
2
2
3
5
1
3
1
1
3
1
1
4
1
5
0
2
1
3
3
4
2
3
2
1
1
2
0
3
1
5
2
5
4
1
1
0
3
1
6
3
0
1
3
2
0
2
2
3
3
3
3
2
3
0
3
4
2
0
2
2
3
1
3
2
0
4
3
1
4
2
2
4
2
4
5
6
3
2
0
0
3
0
0
2
2
3
5
2
3
2
1
3
3
1
3
3
4
1
2
1
2
2
3
1
4
0
0
3
1
1
3
0
3
3
4
3
1
0
1
4
3
1
1
1
1
3
2
2
1
1
4
4
2
1
1
1
2
3
0
3
3
7
4
0
1
0
3
0
2
2
1
3
3
3
4
1
1
1
0
0
2
4
2
3
1
3
2
2
1
2
1
4
2
1
1
2
2
3
2
3
3
0
4
3
2
2
2
1
2
2
4
3
2
1
2
0
2
2
1
1
3
2
3
1
2
2
0
2
4
2
2
5
4
3
2
3
3
1
2
2
1
4
2
0
0
2
1
2
2
2
3
2
2
0
1
2
1
3
3
1
1
2
1
1
2
3
2
3
2
3
5
1
2
3
2
3
2
3
2
4
5
6
1
4
1
3
0
4
2
2
2
1
6
2
1
1
2
3
6
3
5
0
2
1
2
3
4
0
1
3
1
0
4
1
1
3
2
2
6
1
2
3
2
2
0
2
1
1
2
1
1
3
5
1
6
4
2
2
1
1
2
1
2
2
4
4
1
1
2
2
1
3
3
1
5
5
2
3
2
1
1
2
1
6
1
3
3
3
3
2
1
4
2
3
1
3
0
1
1
3
4
3
2
3
5
1
1
3
2
3
3
1
1
0
1
3
0
2
2
3
2
0
2
3
1
1
2
1
3
0
1
2
4
3
2
1
1
1
5
1
2
4
2
2
2
3
0
2
2
4
2
3
3
1
1
2
1
0
3
0
1
2
5
1
2
1
0
3
3
2
1
1
1
2
2
1
3
3
0
2
1
1
3
1
1
2
3
6
1
1
1
3
1
4
2
0
1
0
3
2
2
1
2
2
2
3
1
4
2
2
3
0
2
2
1
2
3
5
3
1
1
4
4
2
1
1
1
1
1
2
2
0
1
1
3
3
2
1
3
0
3
3
1
1
2
1
3
4
3
6
3
2
1
2
0
1
2
4
4
3
2
3
3
7
2
4
2
5
1
7
0
7
1
6
2
4
5
0
3
2
5
1
2
1
4
4
3
3
1
0
1
1
1
1
2
2
5
4
1
4
2
5
1
2
5
1
3
1
2
3
1
1
2
0
1
1
1
3
0
1
2
3
3
4
2
4
6
2
3
0
0
2
4
3
2
2
0
4
1
0
4
3
3
3
1
1
1
3
1
1
3
3
1
2
2
1
3
2
3
4
2
0
1
2
1
1
0
1
3
0
0
1
1
3
5
3
0
2
4
1
4
4
3
2
5
2
4
0
2
1
1
2
4
3
4
2
4
6
4
2
3
1
1
2
4
2
4
3
2
3
3
1
2
1
1
3
3
3
0
2
1
2
1
2
3
0
3
2
1
1
1
2
2
3
2
3
0
5
6
1
4
0
4
2
1
0
3
1
4
1
4
3
3
0
4
4
1
1
4
3
2
4
6
1
2
0
2
2
2
3
3
0
2
3
4
0
1
1
2
0
1
3
1
0
3
1
0
1
2
1
2
1
2
3
5
3
1
1
2
3
2
1
3
3
2
0
2
2
2
0
2
1
2
1
1
2
2
3
2
3
0
3
1
0
4
0
1
4
0
0
1
1
2
1
0
2
4
3
3
2
1
0
0
0
2
0
3
0
0
2
1
0
3
0
3
1
0
0
2
1
2
0
0
1
2
2
2
1
0
2
4
1
2
3
3
1
0
0
1
1
2
5
5
1
2
2
0
2
3
1
1
2
1
1
0
1
4
4
3
1
0
4
5
1
0
1
2
1
1
0
0
1
2
3
0
1
3
3
0
0
1
2
0
1
1
1
3
2
3
2
2
0
0
4
2
3
3
0
0
3
3
1
1
3
1
2
1
2
0
4
1
1
0
2
4
3
1
2
1
1
1
1
4
1
2
0
0
2
1
1
2
2
2
1
2
4
0
0
3
0
1
1
3
1
2
3
3
1
1
3
6
0
1
1
1
1
0
0
1
1
2
3
1
2
2
6
3
2
1
0
4
2
0
0
5
1
2
0
3
2
3
5
2
0
1
1
3
3
1
1
4
2
4
1
2
2
1
0
2
1
1
1
0
2
0
1
2
3
2
2
1
2
1
0
2
2
2
4
1
6
2
4
2
1
2
2
3
3
3
1
2
1
1
6
2
2
1
3
0
6
1
2
1
1
2
2
5
1
2
2
1
0
1
2
0
0
1
0
0
4
3
1
3
2
7
2
1
1
3
5
1
1
2
0
1
3
1
2
0
3
1
3
2
0
2
3
2
2
1
1
2
2
2
2
5
2
2
4
2
1
1
3
0
3
0
1
0
3
1
4
3
2
2
4
2
2
4
0
3
0
3
2
4
2
2
2
2
0
3
2
2
1
0
0
3
3
2
0
1
0
2
1
1
2
4
1
2
2
2
3
2
2
1
1
2
0
1
2
2
2
3
3
2
2
3
0
2
1
0
0
0
0
1
1
1
1
0
4
0
2
3
1
2
5
3
3
3
0
1
4
0
2
3
0
0
2
3
3
3
0
2
1
1
2
2
5
1
1
1
5
3
2
1
2
1
1
1
3
1
1
1
1
4
2
2
0
3
0
2
1
6
3
0
1
4
3
3
1
2
0
1
0
0
0
3
4
1
1
2
3
2
2
0
0
2
2
4
2
4
0
5
1
1
0
1
1
3
1
0
2
2
0
0
0
2
3
0
3
1
1
0
0
0
0
2
0
0
0
1
2
1
1
1
1
0
1
1
2
0
3
3
1
5
4
2
2
3
4
3
1
1
1
2
2
4
3
1
4
0
1
1
2
1
2
2
0
0
2
1
3
0
0
0
3
3
1
1
2
1
3
2
3
1
0
2
2
1
2
2
2
1
2
3
1
0
1
0
2
1
1
1
3
1
2
1
3
1
3
1
0
0
2
0
3
1
0
1
0
0
1
2
1
1
4
1
1
2
1
2
0
0
4
0
0
2
0
1
0
1
1
1
0
3
2
2
2
1
3
4
0
3
3
0
0
3
2
3
0
1
3
1
4
2
2
2
3
1
2
2
3
1
3
1
2
3
1
3
2
1
0
1
4
3
1
4
6
2
1
0
2
5
5
3
1
2
2
0
2
4
2
2
1
2
0
3
1
1
1
4
5
3
3
3
1
1
1
1
4
1
1
0
2
0
1
1
2
2
2
1
1
0
2
2
1
5
2
2
3
1
3
1
3
0
1
3
3
2
1
2
0
3
1
2
0
4
2
0
0
0
3
2
1
1
1
3
3
2
0
1
0
2
1
4
0
0
1
5
2
0
1
1
1
3
1
1
2
3
2
0
1
2
1
2
0
2
1
0
1
1
1
1
2
0
2
1
1
1
1
2
0
0
0
1
1
2
4
5
1
1
2
0
0
0
1
3
2
0
1
1
2
1
2
0
1
2
1
1
2
1
0
1
2
1
3
1
0
2
0
2
1
4
2
1
1
1
1
1
0
2
1
1
1
0
0
2
1
2
3
1
2
5
0
1
1
1
0
0
1
1
2
0
4
1
1
3
3
1
1
2
2
1
2
1
0
1
0
2
1
2
3
4
3
1
0
1
1
0
4
1
1
3
2
1
0
1
1
3
1
0
2
3
3
1
2
0
3
0
2
0
0
1
0
1
1
4
2
3
1
1
1
1
1
2
0
0
3
2
1
1
0
1
1
1
1
2
1
1
2
3
0
2
0
0
3
0
4
3
1
1
2
1
3
0
0
0
3
2
1
3
1
3
0
2
2
1
5
1
4
2
1
1
2
2
1
0
1
0
1
0
1
0
1
1
1
1
0
1
1
4
1
2
1
0
3
2
3
3
2
3
2
0
2
2
0
2
2
0
1
2
1
2
4
1
1
2
1
1
0
0
2
1
0
1
1
0
2
1
1
1
2
1
1
1
0
1
0
1
0
0
1
1
1
0
2
1
2
2
2
0
0
1
2
3
1
1
1
1
2
2
1
0
1
1
2
0
1
1
1
1
1
3
1
2
2
2
1
1
1
1
0
3
3
1
4
3
1
5
2
1
2
1
2
1
1
1
1
1
2
0
2
1
2
1
5
3
2
2
1
0
0
3
1
2
0
1
1
0
3
0
4
4
0
0
1
0
0
0
1
2
2
1
3
2
2
0
4
1
0
2
0
1
0
0
3
1
1
3
0
1
0
2
3
2
2
1
3
1
3
0
1
4
0
2
1
0
1
1
2
0
0
3
2
2
3
0
1
3
1
0
0
2
0
0
2
0
0
1
3
4
0
1
1
1
1
0
0
0
5
3
3
1
0
2
3
0
2
1
2
2
2
0
3
0
1
0
1
3
1
2
2
1
1
3
0
1
0
1
2
0
2
0
0
1
0
1
0
0
0
1
1
0
0
1
1
2
1
3
1
1
0
0
0
2
2
2
1
0
0
3
1
1
1
1
1
2
1
1
0
1
0
0
1
2
0
2
1
2
0
2
0
2
2
1
1
2
3
1
0
1
1
4
2
2
2
1
2
0
0
4
3
3
1
1
5
0
3
2
2
2
0
1
0
3
3
1
2
0
3
2
1
3
2
4
1
0
1
1
2
3
0
2
0
0
2
1
1
1
1
0
1
3
0
0
2
0
1
1
1
3
3
2
1
1
0
0
0
0
2
2
1
1
1
3
1
2
0
1
5
2
0
1
0
1
0
1
2
3
1
1
1
1
0
1
0
2
1
1
2
2
1
1
6
0
2
2
1
4
3
0
0
1
2
1
2
1
3
1
2
1
1
1
0
1
3
2
0
3
1
1
1
0
1
2
2
3
1
0
3
0
0
1
0
0
2
2
1
0
2
1
2
1
0
2
3
1
3
1
1
0
1
0
3
2
1
1
1
2
1
2
1
1
1
2
0
4
1
1
0
3
3
4
0
2
0
2
1
1
1
2
2
4
1
1
1
0
0
0
1
0
1
0
1
1
1
1
3
1
2
0
0
3
0
4
1
2
1
1
2
0
1
0
0
3
1
0
1
1
2
2
1
0
1
1
0
0
1
2
1
1
1
2
2
2
1
1
2
3
0
1
0
1
0
2
2
0
3
0
1
1
0
1
0
1
1
1
2
1
1
2
1
3
2
1
1
2
1
1
1
2
1
0
0
2
0
1
2
1
3
2
2
0
1
0
1
1
0
2
0
1
1
0
1
3
1
1
3
1
2
1
2
2
3
2
1
2
0
0
0
0
0
1
1
0
1
1
3
2
0
4
1
2
2
1
2
1
0
2
2
2
2
1
1
2
3
3
0
0
1
1
1
0
2
2
0
0
2
1
1
0
0
4
2
0
1
1
2
0
1
4
1
0
0
0
1
1
4
1
3
0
2
1
0
1
0
1
1
1
1
3
2
1
2
4
1
3
0
0
1
1
2
2
2
2
1
0
1
2
3
2
1
1
1
2
2
0
3
1
1
3
1
5
0
0
1
0
0
0
1
1
1
1
1
1
2
2
0
0
1
2
2
0
0
1
1
1
0
0
0
1
2
1
2
0
2
2
2
1
1
0
1
0
0
2
2
0
3
0
0
1
0
1
0
0
3
1
1
1
2
2
2
0
1
0
0
3
2
0
2
2
2
0
1
2
1
0
1
2
0
0
0
1
1
0
1
0
1
2
0
2
2
2
2
1
1
1
0
1
0
1
0
1
1
3
2
3
2
2
3
1
0
4
2
1
3
0
0
0
0
0
0
3
2
1
0
1
5
4
0
2
1
1
1
1
1
1
3
0
1
2
0
0
0
2
1
3
0
1
1
1
0
1
0
1
3
2
1
0
1
0
0
0
1
1
0
4
0
2
1
0
3
0
1
0
2
3
1
3
0
0
0
0
2
1
1
1
0
1
1
2
1
1
1
0
2
1
0
0
3
2
2
0
1
0
0
1
3
1
3
2
0
1
1
0
4
1
1
2
2
1
1
0
$ENER_FIT:
0.6047 0.193705 2.404117e-08
$MCA_CAL:
3
0.6047 0.193705 2.404117e-08
$SHAPE_CAL:
3
0.0000 1.000000e+00 0.000000e+00
$ENDRECORD:
