1.00000E+00 0.00000E+00
 2.00000E+00 0.00000E+00
 3.00000E+00 0.00000E+00
 4.00000E+00 0.00000E+00
 5.00000E+00 0.00000E+00
 6.00000E+00 0.00000E+00
 7.00000E+00 0.00000E+00
 8.00000E+00 0.00000E+00
 9.00000E+00 0.00000E+00
 1.00000E+01 0.00000E+00
 1.10000E+01 0.00000E+00
 1.20000E+01 0.00000E+00
 1.30000E+01 1.44223E+01
 1.40000E+01 1.59701E+01
 1.50000E+01 1.46987E+01
 1.60000E+01 1.59168E+01
 1.70000E+01 2.07372E+01
 1.80000E+01 2.49860E+01
 1.90000E+01 2.58258E+01
 2.00000E+01 2.33066E+01
 2.20000E+01 1.52450E+01
 2.40000E+01 6.64821E+00
 2.60000E+01 3.20438E+00
 2.80000E+01 1.88870E+00
 3.00000E+01 1.27137E+00
 3.50000E+01 6.19394E-01
 4.00000E+01 3.72954E-01
 4.50000E+01 2.50361E-01
 5.00000E+01 1.80768E-01
 5.50000E+01 1.37570E-01
 6.00000E+01 1.08510E-01
 6.50000E+01 8.87744E-02
 7.00000E+01 7.34370E-02
 7.50000E+01 6.23768E-02
 8.00000E+01 5.32980E-02
 9.00000E+01 4.03639E-02
 1.00000E+02 3.13949E-02
 1.10000E+02 2.48827E-02
 1.20000E+02 2.01160E-02
 1.30000E+02 1.64637E-02
 1.40000E+02 1.38168E-02
 1.50000E+02 1.14275E-02
 1.60000E+02 9.58119E-03
 1.80000E+02 6.99867E-03
 2.00000E+02 5.25353E-03