0 4617 71767
0 4617 200593
0 4617 329429
0 4617 458255
0 4617 587031
0 4617 715823
0 4617 844639
0 4617 973413
0 4617 1102219
0 4617 1231003
0 4617 1359795
0 4617 1488665
0 4616 1617449
0 4617 1746279
0 4617 1875125
0 4617 2004013
0 4617 2132797
0 4617 2261641
0 4617 2390453
0 4617 2519225
0 4617 2648041
0 4617 2776919
0 4617 2905745
0 4617 3034531
0 4617 3163373
0 4617 3292167
0 4617 3420983
0 4617 3549763
0 4617 3678621
0 4617 3807413
0 4617 3936265
0 4617 4065117
0 4617 4193941
0 4617 4322737
0 4617 4451593
0 4617 4580429
0 4617 4709233
0 4617 4838037
0 4617 4966823
0 4617 5095633
0 4617 5224403
0 4617 5353249
0 4617 5482053
0 4617 5610859
0 4617 5739661
0 4617 5868459
0 4617 5997245
0 4617 6126055
0 4617 6254913
0 4617 6383687
0 4617 6512507
0 4617 6641319
0 4617 6770133
0 4617 6899007
0 4617 7027781
0 4617 7156553
0 4617 7285363
0 4617 7414171
0 4617 7543001
0 4617 7671801
0 4617 7800665
0 4617 7929513
0 4617 8058309
0 4617 8187123
0 4617 8315903
0 4617 8444721
0 4617 8573585
0 4617 8702433
0 4617 8831243
0 4617 8960009
0 4617 9088831
0 4617 9217673
0 4617 9346473
0 4617 9475337
0 4617 9604149
0 4616 9733035
0 4617 9861893
0 4617 9990751
0 4617 10119559
0 4617 10248401
0 4617 10377215
0 4617 10506045
0 4617 10634757
0 4617 10763643
0 4617 10892549
0 4617 11021319
0 4617 11150195
0 4617 11279065
0 4617 11407869
0 4617 11536721
0 4617 11665543
0 4617 11794391
0 4617 11923227
0 4617 12052089
0 4617 12180883
0 4617 12309693
0 4617 12438429
0 4616 12567245
0 4617 12696065
0 4617 12824891
0 4617 12953685
0 4616 13082521
0 4617 13211343
0 4617 13340133
0 4617 13468909
0 4617 13597743
0 4617 13726541
0 4617 13855401
0 4617 13984263
0 4617 14113077
0 4617 14241843
0 4617 14370655
0 4617 14499469
0 4617 14628297
0 4617 14757115
0 4617 14885891
0 4617 15014715
0 4617 15143513
0 4617 15272405
0 4617 15401265
0 4617 15530085
0 4617 15658921
0 4617 15787795
0 4617 15916629
0 4617 16045455
0 4617 16174225
0 4616 16303057
0 4617 16431845
0 4617 16560691
0 4617 16689493
0 4617 16818311
0 4617 16947161
0 4617 17075971
0 4617 17204779
0 4617 17333581
0 4617 17462377
0 4617 17591187
0 4617 17720041
0 4617 17848883
0 4617 17977679
0 4617 18106491
0 4617 18235331
0 4617 18364137
0 4617 18492965
0 4617 18621831
0 4617 18750701
0 4617 18879513
0 4617 19008385
0 4617 19137221
0 4617 19266081
0 4617 19394927
0 4617 19523759
0 4617 19652541
0 4617 19781401
0 4617 19910225
0 4617 20039041
0 4617 20167863
0 4617 20296597
0 4617 20425521
0 4617 20554381
0 4617 20683169
0 4617 20811929
0 4617 20940759
0 4617 21069647
0 4617 21198471
0 4617 21327259
0 4617 21456149
0 4617 21584947
0 4617 21713781
0 4617 21842583
0 4617 21971351
0 4617 22100151
0 4617 22228983
0 4617 22357773
0 4617 22486595
0 4617 22615387
0 4617 22744187
0 4617 22873017
0 4617 23001805
0 4617 23130621
0 4617 23259483
0 4617 23388259
0 4617 23517091
0 4617 23645923
0 4617 23774725
0 4617 23903559
0 4617 24032341
0 4616 24161141
0 4617 24289983
0 4617 24418797
0 4617 24547595
0 4617 24676445
0 4617 24805241
0 4617 24934107
0 4617 25062941
0 4617 25191831
0 4617 25320633
0 4617 25449393
0 4617 25578185
0 4617 25706995
0 4617 25835793
0 4616 25964581
0 4617 26093375
0 4617 26222165
0 4617 26350961
0 4617 26479709
0 4617 26608455
0 4617 26737279
0 4616 26866081
0 4617 26994851
0 4617 27123705
0 4617 27252537
0 4617 27381453
0 4616 27510249
0 4617 27639023
0 4616 27767817
0 4617 27896621
0 4617 28025429
0 4617 28154265
0 4617 28283051
0 4617 28411955
0 4617 28540745
0 4617 28669477
0 4617 28798245
0 4617 28927051
0 4617 29055869
0 4617 29184725
0 4617 29313539
0 4616 29442385
0 4617 29571297
0 4617 29700137
0 4617 29828985
0 4617 29957851
0 4617 30086661
0 4617 30215495
0 4617 30344271
0 4617 30473087
0 4617 30601883
0 4617 30730673
0 4616 30859449
0 4617 30988255
0 4617 31117089
0 4617 31245935
0 4617 31374759
0 4617 31503543
0 4616 31632431
0 4617 31761243
0 4617 31890047
0 4617 32018819
0 4617 32147653
0 4617 32276437
0 4617 32405247
0 4617 32534103
0 4617 32662931
0 4617 32791755
0 4617 32920545
0 4617 33049421
0 4617 33178241
0 4617 33307167
0 4617 33435973
0 4617 33564811
0 4617 33693667
0 4617 33822427
0 4617 33951255
0 4617 34080085
0 4617 34208889
0 4617 34337875
0 4617 34466723
0 4617 34595585
0 4617 34724397
0 4616 34853229
0 4617 34982231
0 4617 35111081
0 4617 35239867
0 4617 35368655
0 4617 35497565
0 4617 35626415
0 4617 35755195
0 4617 35883945
0 4617 36012717
0 4617 36141523
0 4617 36270315
0 4617 36399065
0 4617 36527837
0 4617 36656635
0 4617 36785447
0 4617 36914235
0 4617 37043063
0 4617 37171965
0 4617 37300769
0 4617 37429671
0 4617 37558581
0 4617 37687425
0 4616 37816207
0 4617 37945073
0 4617 38073865
0 4617 38202619
0 4617 38331445
0 4617 38460223
0 4616 38589025
0 4617 38717775
0 4617 38846627
0 4617 38975413
0 4617 39104175
0 4616 39233019
0 4617 39361867
0 4617 39490731
0 4617 39619555
0 4617 39748381
0 4617 39877189
0 4617 40006033
0 4617 40134873
0 4617 40263677
0 4617 40392515
0 4617 40521301
0 4617 40650143
0 4617 40778931
0 4617 40907753
0 4617 41036535
0 4616 41165321
0 4617 41294171
0 4617 41422985
0 4616 41551805
0 4617 41680547
0 4617 41809363
0 4617 41938141
0 4617 42066961
0 4617 42195771
0 4616 42324517
0 4617 42453423
0 4617 42582211
0 4617 42710991
0 4617 42839737
0 4617 42968527
0 4616 43097357
0 4617 43226181
0 4617 43355029
0 4616 43483815
0 4617 43612619
0 4617 43741395
0 4616 43870245
0 4617 43999033
0 4617 44127813
0 4617 44256637
0 4617 44385395
0 4617 44514205
0 4617 44643001
0 4617 44771781
0 4617 44900583
0 4617 45029371
0 4617 45158197
0 4617 45286979
0 4617 45415845
0 4617 45544677
0 4617 45673521
0 4617 45802323
0 4617 45931221
0 4617 46060019
0 4617 46188809
0 4616 46317659
0 4616 46446433
0 4617 46575223
0 4617 46704013
0 4617 46832823
0 4617 46961671
0 4617 47090495
0 4617 47219387
0 4617 47348189
0 4617 47477023
0 4617 47605817
0 4617 47734599
0 4617 47863425
0 4617 47992235
0 4617 48121061
0 4617 48249865
0 4617 48378717
0 4617 48507613
0 4617 48636461
0 4617 48765261
0 4617 48894013
0 4617 49022873
0 4617 49151649
0 4617 49280423
0 4617 49409191
0 4616 49538033
0 4617 49666829
0 4617 49795611
0 4617 49924415
0 4617 50053227
0 4617 50182023
0 4617 50310877
0 4617 50439685
0 4617 50568569
0 4617 50697351
0 4617 50826207
0 4616 50955029
0 4617 51083831
0 4617 51212649
0 4617 51341419
0 4617 51470285
0 4617 51599139
0 4616 51727923
0 4617 51856747
0 4617 51985617
0 4617 52114483
0 4617 52243281
0 4617 52372099
0 4617 52500929
0 4617 52629723
0 4617 52758521
0 4617 52887359
0 4617 53016131
0 4617 53144929
0 4617 53273807
0 4617 53402583
0 4617 53531367
0 4617 53660165
0 4617 53788951
0 4617 53917773
0 4617 54046599
0 4617 54175415
0 4616 54304267
0 4617 54433057
0 4616 54561863
0 4617 54690713
0 4617 54819495
0 4617 54948351
0 4617 55077167
0 4617 55205971
0 4617 55334753
0 4617 55463501
0 4617 55592255
0 4617 55721107
0 4616 55849943
0 4617 55978791
0 4617 56107663
0 4617 56236539
0 4617 56365477
0 4616 56494245
0 4617 56623099
0 4617 56751887
0 4616 56880811
0 4617 57009641
0 4617 57138385
0 4617 57267229
0 4617 57396027
0 4617 57524805
0 4617 57653601
0 4617 57782391
0 4617 57911151
0 4617 58039905
0 4617 58168769
0 4617 58297657
0 4617 58426503
0 4617 58555325
0 4617 58684209
0 4617 58813031
0 4617 58941829
0 4617 59070687
0 4617 59199511
0 4617 59328315
0 4617 59457177
0 4617 59585959
0 4617 59714823
0 4617 59843591
0 4617 59972411
0 4617 60101257
0 4616 60229991
0 4617 60358857
0 4617 60487633
0 4616 60616437
0 4617 60745215
0 4616 60874031
0 4616 61002791
0 4617 61131633
0 4617 61260475
0 4616 61389307
0 4617 61518077
0 4617 61646849
0 4617 61775659
0 4617 61904455
0 4617 62033303
0 4617 62162079
0 4617 62290867
0 4617 62419679
0 4617 62548483
0 4617 62677297
0 4617 62806137
0 4617 62934973
0 4617 63063793
0 4616 63192609
0 4617 63321431
0 4617 63450277
0 4617 63579099
0 4617 63707923
0 4617 63836733
0 4617 63965503
0 4617 64094259
0 4617 64223045
0 4617 64351925
0 4617 64480699
0 4617 64609503
0 4617 64738271
0 4617 64867025
0 4617 64995841
0 4617 65124581
0 4617 65253395
0 4617 65382209
0 4616 65511031
0 4617 65639829
0 4616 65768693
0 4617 65897489
0 4617 66026367
0 4617 66155211
0 4617 66284007
0 4617 66412799
0 4617 66541651
0 4617 66670427
0 4617 66799251
0 4617 66928129
0 4617 67057011
0 4617 67185817
0 4617 67314627
0 4617 67443411
0 4617 67572203
0 4617 67701039
0 4617 67829819
0 4617 67958643
0 4617 68087495
0 4617 68216383
0 4617 68345145
0 4617 68473941
0 4617 68602727
0 4617 68731491
0 4617 68860331
0 4617 68989103
0 4617 69117925
0 4617 69246731
0 4617 69375525
0 4617 69504391
0 4617 69633183
0 4617 69761979
0 4617 69890807
0 4617 70019615
0 4617 70148459
0 4617 70277269
0 4616 70406103
0 4617 70534839
0 4617 70663647
0 4617 70792461
0 4617 70921329
0 4617 71050121
0 4617 71178937
0 4617 71307703
0 4617 71436501
0 4616 71565361
0 4617 71694195
0 4617 71823019
0 4617 71951787
0 4617 72080565
0 4617 72209433
0 4616 72338251
0 4617 72467025
0 4616 72595855
0 4617 72724721
0 4617 72853553
0 4617 72982407
0 4617 73111221
0 4617 73240023
0 4617 73368807
0 4617 73497679
0 4617 73626461
0 4617 73755243
0 4617 73884005
0 4617 74012915
0 4617 74141695
0 4617 74270515
0 4617 74399393
0 4617 74528205
0 4617 74657027
0 4617 74785855
0 4617 74914651
0 4617 75043465
0 4616 75172247
0 4617 75301081
0 4617 75429937
0 4617 75558735
0 4617 75687603
0 4617 75816431
0 4617 75945245
0 4617 76073991
0 4617 76202787
0 4617 76331609
0 4617 76460391
0 4617 76589217
0 4617 76718021
0 4617 76846845
0 4616 76975613
0 4617 77104427
0 4617 77233227
0 4617 77362069
0 4616 77490903
0 4617 77619727
0 4617 77748563
0 4617 77877351
0 4617 78006175
0 4617 78134985
0 4617 78263835
0 4617 78392641
0 4616 78521459
0 4617 78650295
0 4617 78779079
0 4617 78907863
0 4617 79036677
0 4617 79165473
0 4617 79294333
0 4617 79423145
0 4617 79551947
0 4617 79680745
0 4617 79809543
0 4617 79938393
0 4617 80067215
0 4617 80196055
0 4617 80324863
0 4617 80453635
0 4617 80582471
0 4617 80711315
0 4617 80840143
0 4617 80968999
0 4617 81097817
0 4617 81226635
0 4617 81355447
0 4617 81484227
0 4617 81613035
0 4617 81741811
0 4617 81870663
0 4617 81999473
0 4617 82128289
0 4617 82257115
0 4616 82385889
0 4617 82514761
0 4616 82643583
0 4616 82772387
0 4617 82901201
0 4616 83030059
0 4617 83158879
0 4617 83287679
0 4617 83416475
0 4617 83545295
0 4617 83674151
0 4617 83802925
0 4617 83931737
0 4617 84060523
0 4617 84189311
0 4617 84318091
0 4617 84446861
0 4617 84575659
0 4617 84704455
0 4617 84833251
0 4617 84962033
0 4617 85090911
0 4617 85219705
0 4617 85348539
0 4617 85477305
0 4617 85606165
0 4617 85734985
0 4617 85863769
0 4617 85992589
0 4617 86121501
0 4617 86250323
0 4617 86379119
0 4616 86507889
0 4617 86636737
0 4617 86765511
0 4616 86894283
0 4617 87023091
0 4617 87151963
0 4617 87280731
0 4617 87409521
0 4617 87538349
0 4617 87667097
0 4617 87795951
0 4617 87924909
0 4617 88053755
0 4617 88182585
0 4617 88311471
0 4617 88440267
0 4617 88569069
0 4617 88697889
0 4617 88826659
0 4617 88955527
0 4617 89084329
0 4617 89213107
0 4617 89341869
0 4617 89470673
0 4617 89599529
0 4617 89728311
0 4616 89857089
0 4617 89985901
0 4617 90114719
0 4616 90243625
0 4617 90372455
0 4617 90501275
0 4617 90630145
0 4617 90758995
0 4617 90887857
0 4617 91016711
0 4617 91145489
0 4617 91274291
0 4617 91403119
0 4617 91531907
0 4617 91660757
0 4617 91789541
0 4617 91918377
0 4617 92047157
0 4617 92175943
0 4617 92304773
0 4617 92433547
0 4617 92562373
0 4617 92691167
0 4617 92819941
0 4617 92948735
0 4617 93077541
0 4617 93206349
0 4617 93335161
0 4617 93464087
0 4617 93592897
0 4617 93721687
0 4617 93850491
0 4617 93979369
0 4617 94108231
0 4616 94237007
0 4617 94365787
0 4617 94494597
0 4617 94623411
0 4617 94752185
0 4617 94880951
0 4617 95009733
0 4617 95138595
0 4617 95267419
0 4617 95396353
0 4617 95525147
0 4617 95654017
0 4617 95782895
0 4617 95911707
0 4617 96040465
0 4616 96169253
0 4617 96298097
0 4617 96426895
0 4616 96555669
0 4617 96684443
0 4617 96813269
0 4617 96942107
0 4617 97070907
0 4617 97199721
0 4617 97328509
0 4617 97457399
0 4617 97586167
0 4616 97714929
0 4617 97843681
0 4617 97972441
0 4617 98101253
0 4617 98230125
0 4617 98358951
0 4617 98487741
0 4617 98616575
0 4617 98745399
0 4616 98874217
0 4617 99003033
0 4617 99131841
0 4617 99260659
0 4617 99389483
0 4617 99518289
0 4617 99647217
0 4617 99776051
0 4617 99904837
0 4617 100033647
0 4617 100162455
0 4617 100291231
0 4617 100419999
0 4617 100548833
0 4617 100677601
0 4617 100806447
0 4617 100935225
0 4617 101064105
0 4617 101192877
0 4617 101321725
0 4616 101450605
0 4617 101579357
0 4617 101708225
0 4616 101837037
0 4617 101965851
0 4617 102094713
0 4617 102223507
0 4617 102352387
0 4617 102481215
0 4617 102610073
0 4617 102738851
0 4616 102867647
1 5706 102922663
0 4617 102996425
0 4617 103125243
0 4617 103254169
0 4617 103382985
0 4617 103511769
1 5706 103589939
0 4617 103640591
0 4617 103769385
0 4616 103898205
0 4617 104027071
0 4617 104155915
1 5706 104257263
0 4617 104284727
0 4617 104413541
0 4617 104542341
0 4617 104671067
0 4617 104799841
1 5705 104924557
0 4617 104928663
0 4617 105057463
0 4616 105186271
0 4617 105315117
0 4617 105443965
0 4617 105572773
1 5706 105591857
0 4617 105701611
0 4617 105830431
0 4617 105959247
0 4617 106088051
0 4616 106216813
1 5704 106259189
0 4617 106345641
0 4617 106474467
0 4616 106603259
0 4617 106732107
0 4617 106860961
1 5705 106926499
0 4616 106989733
0 4617 107118533
0 4617 107247365
0 4617 107376117
0 4617 107504883
1 5705 107593827
0 4617 107633681
0 4617 107762483
0 4617 107891321
0 4617 108020131
0 4617 108148971
1 5704 108261157
0 4617 108277769
0 4617 108406521
0 4617 108535341
0 4617 108664151
0 4617 108792977
0 4616 108921721
1 5704 108928487
0 4617 109050517
0 4617 109179315
0 4616 109308117
0 4617 109436917
0 4617 109565689
1 5704 109595839
0 4617 109694505
0 4617 109823361
0 4617 109952209
0 4616 110081009
0 4617 110209877
1 5703 110263155
0 4617 110338725
0 4617 110467521
0 4617 110596323
0 4617 110725123
0 4617 110853979
1 5704 110930457
0 4617 110982827
0 4617 111111671
0 4617 111240539
0 4617 111369313
0 4616 111498093
1 5704 111597695
0 4617 111626881
0 4617 111755687
0 4616 111884487
0 4617 112013291
0 4617 112142133
1 5703 112264919
0 4616 112270951
0 4617 112399779
0 4617 112528547
0 4616 112657333
0 4617 112786147
0 4617 112915003
1 5704 112932165
0 4617 113043817
0 4617 113172591
0 4617 113301455
0 4617 113430243
0 4617 113559017
1 5703 113599447
0 4617 113687815
0 4617 113816637
0 4617 113945417
0 4617 114074217
0 4617 114203089
1 5704 114266755
0 4617 114331901
0 4617 114460649
0 4617 114589513
0 4617 114718327
0 4617 114847151
1 5703 114934035
0 4616 114975947
0 4617 115104781
0 4617 115233613
0 4617 115362413
0 4617 115491243
1 5703 115601311
0 4617 115620077
0 4617 115748881
0 4616 115877683
0 4617 116006497
0 4617 116135381
0 4617 116264199
1 5703 116268611
0 4616 116392965
0 4617 116521779
0 4617 116650529
0 4616 116779371
0 4617 116908179
1 5703 116935949
0 4617 117036969
0 4617 117165815
0 4617 117294653
0 4617 117423551
0 4616 117552385
1 5704 117603259
0 4617 117681197
0 4617 117810031
0 4617 117938851
0 4617 118067663
0 4617 118196451
1 5704 118270535
0 4617 118325309
0 4617 118454187
0 4616 118583051
0 4617 118711879
0 4617 118840715
1 5703 118937799
0 4616 118969511
0 4617 119098355
0 4617 119227181
0 4617 119355983
0 4617 119484815
1 5703 119605107
0 4617 119613587
0 4617 119742441
0 4617 119871293
0 4617 120000139
0 4617 120128949
0 4617 120257773
1 5703 120272389
0 4617 120386589
0 4617 120515379
0 4617 120644217
0 4617 120773077
0 4617 120901901
1 5702 120939645
0 4617 121030759
0 4617 121159595
0 4617 121288345
0 4617 121417155
0 4616 121546001
1 5702 121606873
0 4617 121674861
0 4617 121803617
0 4616 121932413
0 4617 122061177
0 4617 122190041
1 5702 122274187
0 4617 122318873
0 4617 122447667
0 4616 122576525
0 4617 122705353
0 4617 122834181
1 5702 122941465
0 4617 122962951
0 4617 123091747
0 4617 123220561
0 4617 123349363
0 4617 123478127
0 4617 123606973
1 5702 123608735
0 4617 123735753
0 4617 123864611
0 4617 123993427
0 4617 124122247
0 4617 124251065
1 5701 124276019
0 4617 124379875
0 4616 124508709
0 4617 124637515
0 4617 124766293
0 4616 124895107
1 5701 124943303
0 4617 125023865
0 4617 125152687
0 4616 125281531
0 4617 125410399
0 4617 125539155
1 5701 125610607
0 4617 125667925
0 4617 125796749
0 4617 125925563
0 4617 126054405
0 4617 126183239
1 5701 126277905
0 4616 126312139
0 4616 126441009
0 4617 126569841
0 4617 126698645
0 4617 126827455
1 5701 126945211
0 4617 126956279
0 4617 127085123
0 4617 127213863
0 4617 127342709
0 4617 127471551
0 4617 127600367
1 5701 127612493
0 4617 127729243
0 4616 127858071
0 4617 127986845
0 4617 128115691
0 4617 128244475
1 5700 128279793
0 4617 128373257
0 4616 128502025
0 4616 128630781
0 4617 128759557
0 4617 128888367
1 5701 128947085
0 4616 129017241
0 4617 129146059
0 4616 129274889
0 4617 129403687
0 4617 129532541
1 5701 129614341
0 4617 129661395
0 4617 129790199
0 4617 129919053
0 4617 130047895
0 4617 130176713
1 5701 130281617
0 4617 130305475
0 4616 130434351
0 4617 130563171
0 4617 130691995
0 4617 130820831
1 5700 130949603
0 4617 130949603
0 4617 131078441
0 4616 131207233
0 4617 131335975
0 4617 131464795
0 4617 131593575
1 5700 131616163
0 4617 131722431
0 4617 131851229
0 4617 131980053
0 4617 132108885
0 4617 132237639
1 5700 132283469
0 4617 132366451
0 4617 132495287
0 4617 132624101
0 4617 132752865
0 4617 132881621
1 5700 132950759
0 4617 133010389
0 4617 133139207
0 4617 133267991
0 4617 133396891
0 4617 133525689
1 5699 133618077
0 4617 133654521
0 4617 133783287
0 4617 133912159
0 4617 134040939
0 4617 134169729
1 5699 134285367
0 4617 134298571
0 4617 134427405
0 4616 134556195
0 4617 134685035
0 4617 134813873
0 4617 134942675
1 5699 134952635
0 4617 135071449
0 4617 135200259
0 4617 135329115
0 4617 135457893
0 4617 135586751
1 5699 135619933
0 4617 135715509
0 4616 135844333
0 4617 135973127
0 4617 136101949
0 4617 136230749
1 5699 136287213
0 4617 136359535
0 4617 136488359
0 4617 136617169
0 4617 136745913
0 4617 136874689
1 5699 136954445
0 4617 137003459
0 4617 137132329
0 4617 137261151
0 4617 137389977
0 4617 137518793
1 5699 137621691
0 4617 137647599
0 4617 137776413
0 4617 137905205
0 4617 138033973
0 4617 138162819
1 5700 138288937
0 4617 138291611
0 4617 138420461
0 4617 138549257
0 4617 138678105
0 4617 138806939
0 4617 138935759
1 5699 138956199
0 4617 139064615
0 4616 139193441
0 4617 139322271
0 4616 139451047
0 4616 139579897
1 5699 139623465
0 4617 139708653
0 4617 139837445
0 4616 139966249
0 4617 140095043
0 4617 140223827
1 5698 140290711
0 4617 140352603
0 4617 140481439
0 4617 140610205
0 4617 140739057
0 4617 140867851
1 5699 140957951
0 4617 140996685
0 4617 141125479
0 4617 141254291
0 4617 141383121
0 4616 141511887
1 5698 141625237
0 4617 141640699
0 4616 141769531
0 4617 141898307
0 4617 142027067
0 4617 142155973
0 4617 142284833
1 5698 142292505
0 4617 142413629
0 4616 142542431
0 4617 142671201
0 4617 142799967
0 4617 142928757
1 5698 142959749
0 4617 143057533
0 4617 143186319
0 4616 143315121
0 4616 143443967
0 4617 143572721
1 5698 143626967
0 4616 143701533
0 4616 143830283
0 4617 143959129
0 4617 144087957
0 4617 144216911
1 5697 144294237
0 4617 144345703
0 4617 144474535
0 4617 144603389
0 4617 144732217
0 4616 144860981
1 5698 144961495
0 4617 144989751
0 4616 145118559
0 4617 145247335
0 4617 145376165
0 4617 145504945
1 5697 145628737
0 4617 145633741
0 4617 145762555
0 4617 145891333
0 4617 146020263
0 4617 146149107
0 4617 146277983
1 5698 146295961
0 4616 146406745
0 4617 146535531
0 4617 146664311
0 4616 146793171
0 4617 146921977
1 5697 146963165
0 4617 147050773
0 4617 147179555
0 4617 147308377
0 4617 147437169
0 4616 147565995
1 5697 147630409
0 4617 147694863
0 4617 147823685
0 4617 147952539
0 4617 148081409
0 4617 148210171
1 5697 148297673
0 4617 148339007
0 4617 148467779
0 4617 148596607
0 4617 148725417
0 4616 148854261
1 5696 148964941
0 4616 148983089
0 4617 149111891
0 4617 149240683
0 4617 149369481
0 4617 149498267
0 4617 149627097
1 5695 149632215
0 4617 149755883
0 4617 149884721
0 4616 150013581
0 4617 150142335
0 4617 150271171
1 5696 150299483
0 4617 150400081
0 4617 150528929
0 4617 150657799
0 4617 150786691
0 4617 150915489
1 5697 150966739
0 4617 151044329
0 4617 151173139
0 4617 151301919
0 4617 151430779
0 4616 151559633
1 5697 151634027
0 4617 151688459
0 4617 151817265
0 4617 151946075
0 4617 152074947
0 4616 152203745
1 5696 152301323
0 4617 152332573
0 4617 152461355
0 4617 152590223
0 4617 152719057
0 4617 152847823
1 5696 152968609
0 4616 152976639
0 4617 153105469
0 4617 153234293
0 4617 153363129
0 4617 153491987
0 4617 153620825
1 5696 153635905
0 4617 153749635
0 4617 153878405
0 4617 154007199
0 4617 154135995
0 4617 154264815
1 5695 154303209
0 4617 154393597
0 4617 154522387
0 4617 154651195
0 4617 154780001
0 4616 154908845
1 5695 154970489
0 4617 155037625
0 4616 155166451
0 4616 155295197
0 4617 155424009
0 4617 155552795
1 5694 155637751
0 4617 155681595
0 4617 155810395
0 4617 155939239
0 4617 156068075
0 4617 156196861
1 5694 156305061
0 4617 156325661
0 4617 156454509
0 4617 156583333
0 4617 156712095
0 4616 156840909
0 4617 156969723
1 5694 156972361
0 4616 157098487
0 4617 157227339
0 4617 157356087
0 4617 157484873
0 4617 157613671
1 5695 157639669
0 4617 157742513
0 4617 157871335
0 4617 158000129
0 4617 158128919
0 4617 158257677
1 5694 158306959
0 4617 158386517
0 4617 158515343
0 4617 158644193
0 4617 158773007
0 4617 158901841
1 5694 158974255
0 4617 159030685
0 4617 159159459
0 4617 159288261
0 4617 159417051
0 4617 159545881
1 5695 159641547
0 4617 159674707
0 4617 159803511
0 4617 159932277
0 4617 160061097
0 4616 160189983
1 5695 160308831
0 4617 160318809
0 4617 160447581
0 4617 160576451
0 4617 160705231
0 4617 160834037
0 4617 160962817
1 5694 160976155
0 4617 161091573
0 4616 161220385
0 4617 161349201
0 4617 161478049
0 4617 161606839
1 5694 161643459
0 4617 161735697
0 4617 161864467
0 4617 161993277
0 4616 162122053
0 4617 162250853
1 5694 162310753
0 4617 162379651
0 4616 162508425
0 4617 162637235
0 4617 162766107
0 4616 162894907
1 5693 162978079
0 4617 163023721
0 4617 163152517
0 4617 163281333
0 4617 163410177
0 4616 163539023
1 5694 163645371
0 4617 163667811
0 4617 163796677
0 4617 163925425
0 4617 164054277
0 4616 164183141
0 4617 164312673
1 5692 164312673
0 4617 164440729
0 4617 164569525
0 4617 164698293
0 4617 164827039
0 4617 164955895
1 5692 164979987
0 4617 165084655
0 4616 165213425
0 4617 165342223
0 4617 165470989
0 4617 165599759
1 5693 165647299
0 4617 165728623
0 4616 165857477
0 4617 165986307
0 4617 166115079
0 4616 166243949
1 5693 166314615
0 4617 166372801
0 4617 166501663
0 4617 166630449
0 4617 166759271
0 4616 166888087
1 5691 166981913
0 4617 167016913
0 4617 167145701
0 4617 167274517
0 4617 167403323
0 4617 167532097
1 5692 167649167
0 4617 167660891
0 4617 167789685
0 4617 167918505
0 4617 168047279
0 4616 168176079
0 4617 168304873
1 5692 168316427
0 4617 168433659
0 4616 168562451
0 4617 168691281
0 4617 168820089
0 4617 168948901
1 5690 168983699
0 4617 169077701
0 4617 169206503
0 4617 169335409
0 4617 169464217
0 4616 169593119
1 5692 169650967
0 4617 169721925
0 4617 169850789
0 4617 169979617
0 4617 170108379
0 4617 170237199
1 5691 170318253
0 4617 170366005
0 4617 170494897
0 4617 170623751
0 4617 170752593
0 4617 170881429
1 5691 170985573
0 4617 171010249
0 4617 171139009
0 4617 171267797
0 4617 171396619
0 4616 171525429
1 5691 171652851
0 4617 171654271
0 4617 171783037
0 4616 171911793
0 4617 172040591
0 4617 172169369
0 4617 172298149
1 5691 172320159
0 4617 172426941
0 4617 172555699
0 4616 172684493
0 4617 172813335
0 4617 172942163
1 5691 172987435
0 4617 173070977
0 4617 173199741
0 4617 173328553
0 4616 173457411
0 4617 173586215
1 5690 173654693
0 4617 173715043
0 4616 173843875
0 4617 173972671
0 4617 174101549
0 4617 174230345
1 5690 174321983
0 4617 174359131
0 4617 174487955
0 4617 174616753
0 4617 174745525
0 4616 174874333
1 5690 174989245
0 4617 175003121
0 4617 175131929
0 4617 175260687
0 4617 175389445
0 4617 175518237
0 4617 175647007
1 5689 175656489
0 4617 175775835
0 4617 175904697
0 4616 176033527
0 4616 176162299
0 4617 176291119
1 5690 176323753
0 4617 176419917
0 4616 176548709
0 4617 176677551
0 4617 176806389
0 4617 176935213
1 5689 176991039
0 4617 177063975
0 4617 177192801
0 4616 177321613
0 4616 177450489
0 4616 177579297
1 5689 177658325
0 4617 177708151
0 4617 177836919
0 4617 177965737
0 4617 178094559
0 4617 178223367
1 5688 178325583
0 4617 178352203
0 4617 178481037
0 4617 178609809
0 4617 178738567
0 4617 178867369
1 5688 178992825
0 4617 178996181
0 4617 179124997
0 4617 179253753
0 4617 179382575
0 4616 179511393
0 4617 179640265
1 5688 179660123
0 4617 179769145
0 4617 179898053
0 4617 180026843
0 4617 180155635
0 4617 180284489
1 5688 180327391
0 4617 180413321
0 4616 180542081
0 4617 180670847
0 4617 180799623
0 4616 180928457
1 5687 180994663
0 4617 181057267
0 4617 181186143
0 4616 181314995
0 4617 181443875
0 4617 181572793
1 5688 181661949
0 4617 181701609
0 4617 181830373
0 4616 181959265
0 4617 182088085
0 4617 182216903
1 5687 182329265
0 4617 182345705
0 4617 182474529
0 4617 182603295
0 4617 182732125
0 4617 182860947
0 4617 182989777
1 5686 182996561
0 4616 183118681
0 4617 183247467
0 4617 183376279
0 4616 183505035
0 4617 183633893
1 5689 183663893
0 4617 183762723
0 4617 183891545
0 4617 184020351
0 4617 184149115
0 4617 184277999
1 5688 184331205
0 4617 184406813
0 4617 184535635
0 4616 184664447
0 4617 184793269
0 4617 184922051
1 5687 184998497
0 4617 185050799
0 4617 185179577
0 4617 185308385
0 4617 185437239
0 4617 185566085
1 5687 185665833
0 4617 185694867
0 4616 185823667
0 4617 185952449
0 4617 186081203
0 4617 186210005
1 5687 186333143
0 4617 186338765
0 4617 186467565
0 4617 186596383
0 4617 186725193
0 4617 186854081
0 4617 186982889
1 5686 187000433
0 4617 187111729
0 4616 187240557
0 4617 187369329
0 4617 187498093
0 4617 187626865
0 4617 187755723
0 4617 187884579
0 4617 188013369
0 4617 188142203
0 4617 188271045
0 4616 188399817
0 4617 188528651
0 4617 188657471
0 4616 188786229
0 4617 188915041
0 4617 189043845
0 4617 189172617
0 4617 189301367
0 4617 189430201
0 4616 189558989
0 4617 189687773
0 4617 189816563
0 4616 189945419
0 4617 190074267
0 4617 190203083
0 4617 190331897
0 4617 190460737
0 4617 190589543
0 4617 190718409
0 4617 190847243
0 4616 190976021
0 4617 191104863
0 4617 191233631
0 4617 191362453
0 4616 191491307
0 4617 191620095
0 4617 191748903
0 4616 191877695
0 4617 192006481
0 4617 192135319
0 4617 192264073
0 4617 192392879
0 4617 192521665
0 4617 192650463
0 4617 192779223
0 4616 192908041
0 4617 193036797
0 4617 193165547
0 4617 193294407
0 4617 193423231
0 4617 193552053
0 4617 193680851
0 4617 193809675
0 4617 193938573
0 4617 194067375
0 4617 194196195
0 4617 194325059
0 4616 194453895
0 4617 194582707
0 4617 194711495
0 4616 194840343
0 4617 194969123
0 4617 195097971
0 4616 195226763
0 4617 195355605
0 4617 195484455
0 4617 195613261
0 4617 195742055
0 4617 195870857
0 4616 195999655
0 4617 196128463
0 4616 196257223
0 4616 196386063
0 4617 196514869
0 4616 196643679
0 4616 196772491
0 4617 196901301
0 4617 197030083
0 4617 197158853
0 4617 197287683
0 4617 197416565
0 4617 197545447
0 4617 197674235
0 4616 197803023
0 4617 197931781
0 4617 198060601
0 4617 198189443
0 4617 198318279
0 4617 198447071
0 4616 198575881
0 4617 198704643
0 4617 198833509
0 4617 198962315
0 4617 199091115
0 4617 199219893
0 4617 199348729
0 4617 199477583
0 4617 199606407
0 4617 199735195
0 4617 199863977
0 4617 199992731
0 4617 200121585
0 4617 200250379
0 4617 200379177
0 4616 200508061
0 4617 200636891
0 4617 200765703
0 4616 200894573
0 4617 201023435
0 4617 201152265
0 4617 201281155
0 4617 201409957
0 4616 201538759
0 4617 201667619
0 4617 201796407
0 4616 201925195
0 4617 202053971
0 4617 202182771
0 4616 202311703
0 4617 202440527
0 4617 202569349
0 4617 202698193
0 4617 202827037
0 4617 202955803
0 4616 203084587
0 4617 203213355
0 4617 203342247
0 4617 203471009
0 4617 203599797
0 4617 203728583
0 4617 203857363
0 4617 203986097
0 4617 204114923
0 4616 204243677
0 4617 204372435
0 4617 204501221
0 4617 204630001
0 4617 204758795
0 4617 204887547
0 4617 205016383
0 4617 205145121
0 4617 205273871
0 4617 205402625
0 4616 205531399
0 4617 205660175
0 4617 205788897
0 4616 205917697
0 4617 206046533
0 4617 206175359
0 4617 206304131
0 4617 206432885
0 4617 206561715
0 4617 206690521
0 4617 206819313
0 4617 206948131
0 4616 207076887
0 4617 207205707
0 4617 207334559
0 4617 207463343
0 4617 207592183
0 4617 207720949
0 4616 207849691
0 4617 207978471
0 4617 208107333
0 4617 208236221
0 4617 208365003
0 4617 208493773
0 4617 208622583
0 4617 208751341
0 4617 208880101
0 4617 209009015
0 4617 209137879
0 4616 209266723
0 4617 209395513
0 4617 209524291
0 4616 209653079
0 4616 209781867
0 4617 209910829
0 4617 210039685
0 4617 210168497
0 4617 210297243
0 4616 210426031
0 4617 210554865
0 4617 210683683
0 4616 210812525
0 4617 210941381
0 4617 211070209
0 4616 211199015
0 4617 211327825
0 4617 211456631
0 4617 211585451
0 4617 211714245
0 4616 211843203
0 4617 211972045
0 4617 212100869
0 4616 212229697
0 4617 212358489
0 4617 212487275
0 4617 212616061
0 4617 212744853
0 4617 212873687
0 4616 213002505
0 4617 213131289
0 4617 213260107
0 4617 213388925
0 4617 213517741
0 4617 213646575
0 4617 213775401
0 4617 213904217
0 4617 214033089
0 4616 214161863
0 4617 214290665
0 4617 214419509
0 4616 214548297
0 4617 214677149
0 4616 214805929
0 4616 214934811
0 4617 215063663
0 4616 215192453
0 4617 215321249
0 4617 215450019
0 4616 215578791
0 4617 215707583
0 4617 215836449
0 4617 215965263
0 4617 216094149
0 4617 216223015
0 4617 216351853
0 4617 216480637
0 4617 216609453
0 4617 216738291
0 4617 216867153
0 4616 216996029
0 4617 217124871
0 4616 217253627
0 4617 217382431
0 4617 217511255
0 4617 217640175
0 4616 217768979
0 4617 217897765
0 4617 218026597
0 4617 218155495
0 4617 218284331
0 4617 218413141
0 4616 218541939
0 4617 218670729
0 4617 218799531
0 4617 218928329
0 4617 219057131
0 4616 219185933
0 4617 219314729
0 4617 219443547
0 4616 219572333
0 4617 219701147
0 4617 219829933
0 4617 219958727
0 4617 220087537
0 4616 220216413
0 4617 220345165
0 4617 220473991
0 4617 220602765
0 4617 220731533
0 4617 220860349
0 4617 220989115
0 4617 221117921
0 4617 221246705
0 4617 221375533
0 4617 221504451
0 4617 221633299
0 4617 221762083
0 4616 221890897
0 4617 222019707
0 4617 222148561
0 4617 222277375
0 4617 222406187
0 4617 222534965
0 4617 222663725
0 4617 222792587
0 4617 222921423
0 4616 223050253
0 4617 223179059
0 4617 223307829
0 4617 223436697
0 4617 223565475
0 4617 223694223
0 4617 223823011
0 4617 223951823
0 4617 224080595
0 4616 224209371
0 4617 224338219
0 4617 224466999
0 4616 224595769
0 4617 224724675
0 4617 224853553
0 4617 224982355
0 4617 225111119
0 4617 225239937
0 4617 225368759
0 4617 225497555
0 4617 225626391
0 4617 225755281
0 4617 225884077
0 4617 226012843
0 4617 226141589
0 4617 226270435
0 4617 226399209
0 4616 226527971
0 4617 226656865
0 4617 226785705
0 4617 226914507
0 4617 227043329
0 4617 227172119
0 4617 227300953
0 4617 227429717
0 4617 227558489
0 4617 227687313
0 4617 227816115
0 4617 227944921
0 4617 228073711
0 4617 228202505
0 4616 228331289
0 4616 228460041
0 4617 228588847
0 4617 228717655
0 4616 228846437
0 4617 228975241
0 4617 229103993
0 4617 229232783
0 4617 229361601
0 4617 229490405
0 4617 229619191
0 4617 229747959
0 4617 229876757
0 4617 230005545
0 4617 230134315
0 4617 230263163
0 4616 230391971
0 4617 230520733
0 4617 230649531
0 4617 230778333
0 4617 230907087
0 4617 231035845
0 4617 231164589
0 4617 231293475
0 4617 231422395
0 4617 231551205
0 4617 231680021
0 4617 231808833
0 4617 231937645
0 4617 232066471
0 4616 232195253
0 4617 232324043
0 4617 232452885
0 4617 232581747
0 4617 232710499
0 4617 232839243
0 4616 232968067
0 4617 233096795
0 4617 233225599
0 4617 233354407
0 4616 233483275
0 4617 233612133
0 4617 233740935
0 4617 233869795
0 4617 233998607
0 4616 234127441
0 4617 234256205
0 4617 234384987
0 4616 234513809
0 4617 234642641
0 4617 234771387
0 4617 234900185
0 4617 235029009
0 4617 235157835
0 4616 235286611
0 4617 235415377
0 4617 235544141
0 4616 235672941
0 4617 235801671
0 4617 235930481
0 4617 236059309
0 4617 236188123
0 4617 236316933
0 4617 236445695
0 4616 236574519
0 4617 236703325
0 4617 236832083
0 4616 236960813
0 4617 237089557
0 4617 237218341
0 4617 237347107
0 4617 237475877
0 4617 237604731
0 4617 237733553
0 4617 237862387
0 4617 237991187
0 4617 238120011
0 4617 238248791
0 4617 238377641
0 4617 238506467
0 4617 238635387
0 4617 238764165
0 4617 238892953
0 4617 239021697
0 4617 239150511
0 4616 239279333
0 4617 239408081
0 4617 239536847
0 4616 239665721
0 4617 239794567
0 4617 239923401
0 4616 240052223
0 4617 240181013
0 4617 240309771
0 4617 240438613
0 4617 240567421
0 4617 240696303
0 4617 240825083
0 4617 240953925
0 4617 241082739
0 4617 241211513
0 4617 241340335
0 4617 241469145
0 4616 241598007
0 4617 241726881
0 4616 241855717
0 4617 241984575
0 4617 242113363
0 4616 242242153
0 4617 242370951
0 4617 242499713
0 4617 242628531
0 4617 242757283
0 4617 242886073
0 4617 243014931
0 4617 243143715
0 4617 243272515
0 4617 243401259
0 4617 243530093
0 4617 243658909
0 4616 243787727
0 4617 243916511
0 4617 244045277
0 4616 244174073
0 4617 244302931
0 4617 244431717
0 4616 244560441
0 4617 244689255
0 4617 244818039
0 4616 244946799
0 4617 245075553
0 4617 245204309
0 4617 245333091
0 4616 245461829
0 4617 245590605
0 4617 245719363
0 4616 245848197
0 4617 245976981
0 4617 246105905
0 4616 246234653
0 4617 246363499
0 4616 246492279
0 4617 246621079
0 4617 246749855
0 4616 246878623
0 4617 247007397
0 4617 247136221
0 4617 247265059
0 4617 247393875
0 4617 247522749
0 4617 247651537
0 4617 247780317
0 4617 247909159
0 4616 248037929
0 4617 248166751
0 4617 248295559
0 4617 248424365
0 4617 248553107
0 4617 248681915
0 4616 248810733
0 4616 248939521
0 4617 249068367
0 4617 249197191
0 4617 249325939
0 4617 249454743
0 4616 249583515
0 4617 249712309
0 4617 249841099
0 4617 249969899
0 4617 250098673
0 4617 250227547
0 4617 250356511
0 4617 250485347
0 4617 250614167
0 4617 250742917
0 4617 250871765
0 4616 251000563
0 4616 251129365
0 4617 251258207
0 4617 251386989
0 4616 251515811
0 4617 251644587
0 4617 251773351
0 4616 251902133
0 4617 252030929
0 4617 252159751
0 4617 252288549
0 4617 252417335
0 4617 252546173
0 4616 252674969
0 4617 252803743
0 4616 252932517
0 4617 253061281
0 4617 253190061
0 4617 253318931
0 4616 253447735
0 4617 253576577
0 4617 253705391
0 4617 253834339
0 4617 253963119
0 4617 254091887
0 4616 254220659
0 4617 254349429
0 4617 254478271
0 4616 254607063
0 4617 254735865
0 4617 254864717
0 4616 254993499
0 4617 255122335
0 4616 255251215
0 4617 255380021
0 4617 255508803
0 4617 255637571
0 4617 255766377
0 4617 255895247
0 4617 256024069
0 4617 256152841
0 4617 256281677
0 4617 256410463
0 4617 256539277
0 4617 256668051
0 4616 256796855
0 4617 256925667
0 4617 257054473
0 4616 257183323
0 4617 257312163
0 4617 257440911
0 4616 257569701
0 4617 257698519
0 4617 257827255
0 4616 257956089
0 4617 258084883
0 4617 258213625
0 4616 258342405
0 4617 258471299
0 4616 258600065
0 4616 258728801
0 4617 258857683
0 4617 258986539
0 4616 259115341
0 4617 259244145
0 4617 259372907
0 4617 259501701
0 4617 259630565
0 4617 259759371
0 4616 259888123
0 4617 260016971
0 4617 260145875
0 4617 260274691
0 4617 260403449
0 4617 260532317
0 4617 260661205
0 4617 260789985
0 4616 260918815
0 4617 261047591
0 4617 261176441
0 4616 261305243
0 4617 261434035
0 4617 261562853
0 4617 261691727
0 4617 261820587
0 4617 261949387
0 4616 262078155
0 4617 262206961
0 4616 262335821
0 4616 262464611
0 4617 262593447
0 4617 262722231
0 4616 262851065
0 4617 262979869
0 4617 263108689
0 4616 263237537
0 4617 263366295
0 4616 263495123
0 4617 263623905
0 4617 263752701
0 4616 263881495
0 4616 264010397
0 4617 264139189
0 4617 264268049
0 4616 264396809
0 4617 264525665
0 4617 264654499
0 4617 264783331
0 4617 264912143
0 4617 265040967
0 4617 265169799
0 4617 265298643
0 4617 265427423
0 4617 265556243
0 4617 265685033
0 4616 265813841
0 4617 265942663
0 4617 266071481
0 4617 266200281
0 4617 266329171
0 4617 266458025
0 4616 266586823
0 4617 266715611
0 4617 266844469
0 4617 266973265
0 4617 267102015
0 4616 267230791
0 4617 267359607
0 4617 267488407
0 4616 267617243
0 4617 267746039
0 4617 267874867
0 4616 268003713
0 4616 268132483
0 4617 268261295
0 4617 268390081
0 4616 268518887
0 4617 268647745
0 4616 268776541
0 4617 268905399
0 4617 269034193
0 4616 269163013
0 4617 269291763
0 4617 269420521
0 4616 269549283
0 4617 269678053
0 4617 269806907
0 4616 269935775
0 4617 270064585
0 4616 270193403
0 4616 270322227
0 4617 270451057
0 4617 270579849
0 4617 270708689
0 4617 270837527
0 4617 270966305
0 4617 271095111
0 4617 271223901
0 4617 271352749
0 4616 271481495
0 4617 271610291
0 4617 271739047
0 4617 271867867
0 4617 271996707
0 4616 272125465
0 4616 272254355
0 4617 272383151
0 4616 272511937
0 4616 272640765
0 4617 272769621
0 4616 272898411
0 4617 273027213
0 4617 273155961
0 4616 273284767
0 4617 273413585
0 4617 273542357
0 4617 273671203
0 4616 273799989
0 4617 273928763
0 4617 274057567
0 4616 274186309
0 4617 274315133
0 4616 274443917
0 4616 274572769
0 4617 274701535
0 4617 274830395
0 4617 274959181
0 4617 275087991
0 4616 275216769
0 4616 275345573
0 4617 275474319
0 4616 275603101
0 4617 275731859
0 4617 275860715
0 4617 275989469
0 4617 276118235
0 4617 276247063
0 4617 276375855
0 4617 276504681
0 4617 276633505
0 4617 276762325
0 4616 276891087
0 4617 277019849
0 4617 277148623
0 4616 277277499
0 4617 277406285
0 4617 277535045
0 4616 277663873
0 4617 277792709
0 4617 277921507
0 4616 278050289
0 4617 278179119
0 4617 278307893
0 4617 278436705
0 4617 278565547
0 4617 278694337
0 4617 278823125
0 4617 278951957
0 4617 279080709
0 4616 279209501
0 4617 279338297
0 4617 279467085
0 4617 279595893
0 4617 279724741
0 4617 279853609
0 4617 279982481
0 4617 280111245
0 4616 280240093
0 4617 280368939
0 4617 280497739
0 4617 280626523
0 4616 280755323
0 4617 280884113
0 4617 281013007
0 4617 281141779
0 4617 281270609
0 4617 281399445
0 4617 281528265
0 4617 281657035
0 4616 281785903
0 4617 281914727
0 4617 282043649
0 4617 282172489
0 4617 282301251
0 4617 282430057
0 4616 282558917
0 4617 282687671
0 4616 282816535
0 4617 282945367
0 4617 283074169
0 4616 283203029
0 4616 283331835
0 4617 283460617
0 4616 283589395
0 4617 283718221
0 4617 283847021
0 4617 283975809
0 4616 284104665
0 4617 284233413
0 4617 284362219
0 4617 284490993
0 4617 284619793
0 4617 284748625
0 4617 284877481
0 4617 285006411
0 4616 285135323
0 4617 285264109
0 4617 285392907
0 4616 285521691
0 4617 285650451
0 4617 285779271
0 4616 285908029
0 4617 286036855
0 4617 286165691
0 4617 286294535
0 4617 286423321
0 4616 286552147
0 4617 286680995
0 4617 286809777
0 4616 286938725
0 4617 287067547
0 4616 287196345
0 4617 287325091
0 4617 287453927
0 4617 287582735
0 4617 287711493
0 4617 287840299
0 4617 287969097
0 4617 288097897
0 4617 288226727
0 4617 288355549
0 4616 288484319
0 4617 288613199
0 4617 288741985
0 4616 288870813
